StringID  Type  x          y          demand  ReadyTime  DueDate  ServiceTime
D0        d     33947.58    11762.44    0.0     0.0        32400.0  0.0
D1        d     -39253.31   10250.91    0.0     0.0        32400.0  0.0
C1        c     -16130.09   -63789.52   622.0   5132.0     26157.0  1244.0
C2        c     -9501.87    24084.10    569.0   1235.0     21295.0  1138.0
C3        c     25464.66    -30547.32   621.0   4085.0     23742.0  1242.0
C4        c     -34873.44   39084.32    449.0   1047.0     20580.0  898.0
C5        c     18200.29    -71506.39   626.0   1832.0     22234.0  1252.0
C6        c     -37735.30   15790.30    173.0   3225.0     23179.0  346.0
C7        c     13801.11    -30953.62   627.0   3825.0     24769.0  1254.0
C8        c     24875.64    -26597.20   490.0   864.0      20054.0  980.0
C9        c     30431.20    -38202.48   586.0   1155.0     21286.0  1172.0
C10       c     -43424.49   -22581.02   609.0   3017.0     22541.0  1218.0
C11       c     4649.88     -74887.82   533.0   5299.0     26003.0  1066.0
C12       c     25125.74    -20900.21   126.0   1451.0     21128.0  252.0
C13       c     -35407.79   15216.09    749.0   4902.0     24462.0  1498.0
C14       c     24761.31    13471.28    546.0   1893.0     22247.0  1092.0
C15       c     27798.62    -61145.83   191.0   2799.0     22475.0  382.0
C16       c     64527.61    -57624.03   614.0   1022.0     20969.0  1228.0
C17       c     -32173.56   -14046.90   472.0   2141.0     21781.0  944.0
C18       c     -10151.33   42030.06    463.0   3691.0     23977.0  926.0
C19       c     29756.37    -36710.37   745.0   5248.0     25806.0  1490.0
C20       c     59655.91    39631.21    585.0   2569.0     23224.0  1170.0
C21       c     -20001.76   -875.76     771.0   1644.0     22923.0  1542.0
C22       c     -49992.13   46919.20    571.0   2901.0     22631.0  1142.0
C23       c     15667.14    36470.05    328.0   4232.0     23778.0  656.0
C24       c     91733.26    82299.40    633.0   3578.0     24627.0  1266.0
C25       c     -26608.27   43677.97    655.0   5112.0     26357.0  1310.0
C26       c     -45874.07   -11887.23   681.0   4948.0     25819.0  1362.0
C27       c     28224.71    -31043.93   523.0   2040.0     22937.0  1046.0
C28       c     80977.39    92879.80    139.0   2375.0     22347.0  278.0
C29       c     -28772.18   27914.16    770.0   1321.0     21555.0  1540.0
C30       c     -35757.05   4193.52     398.0   3178.0     23038.0  796.0
C31       c     -23632.01   33498.36    235.0   1741.0     21519.0  470.0
C32       c     -27136.63   -6914.52    382.0   4294.0     24619.0  764.0
C33       c     -21374.52   15517.76    270.0   4624.0     23557.0  540.0
C34       c     23481.14    -37360.22   112.0   1417.0     20565.0  224.0
C35       c     -28015.84   9211.52     258.0   624.0      20928.0  516.0
C36       c     -25776.84   -1861.48    195.0   726.0      19252.0  390.0
C37       c     17175.40    -60235.09   304.0   2299.0     22835.0  608.0
C38       c     5339.31     8453.56     497.0   3768.0     23618.0  994.0
C39       c     108755.58   66054.84    742.0   3350.0     23963.0  1484.0
C40       c     1390.31     -75018.58   178.0   1600.0     20015.0  356.0
C41       c     9832.24     8914.92     662.0   936.0      21860.0  1324.0
C42       c     26578.30    -4893.12    243.0   4008.0     22940.0  486.0
C43       c     -53698.14   14305.88    406.0   4821.0     25303.0  812.0
C44       c     6948.35     3269.87     650.0   2875.0     23863.0  1300.0
C45       c     -65685.38   20517.27    496.0   1513.0     20617.0  992.0
C46       c     38811.19    -4401.68    766.0   3638.0     23408.0  1532.0
C47       c     -51023.78   42085.98    514.0   2825.0     23342.0  1028.0
C48       c     -42373.79   3119.81     534.0   2662.0     23588.0  1068.0
C49       c     -26447.56   3465.21     460.0   2146.0     22826.0  920.0
C50       c     -46291.52   20484.15    321.0   1125.0     21328.0  642.0
F1        f     33947.58    11762.44    0.0     0.0        32400.0  0.0
F2        f     18200.29    -71506.39   0.0     0.0        32400.0  0.0
F3        f     -28772.18   27914.16    0.0     0.0        32400.0  0.0
F4        f     -35757.05   4193.52     0.0     0.0        32400.0  0.0
F5        f     80977.39    92879.80    0.0     0.0        32400.0  0.0
F6        f     -28015.84   9211.52     0.0     0.0        32400.0  0.0

m numVeh /7/
m numPetrolVeh /4/
m numElectroVeh /3/

DistanceMatrix
0 73216 90641 45163 43152 74046 84745 71796 47229 39418 50089 84652 91469 33833 69441 9344 73167 75826 70980 53487 48654 37916 55410 91005 30735 91185 68452 83251 43187 93765 64766 70114 61546 63876 55449 50225 62016 61259 73925 28799 92433 92687 24283 18213 87683 28303 100017 16880 90220 76809 60962 80712 0 84745 64766 70114 93765 62016
73216 0 77567 32810 76504 29164 99926 5744 67176 73962 84874 33096 95792 71520 6280 64096 97946 124006 25308 43091 83473 103181 22236 38208 60858 149494 35739 23107 79111 145887 20539 6994 28008 21011 18638 78756 11285 18120 90291 44629 158179 94461 49104 67551 15003 46726 28356 79428 33941 7784 14493 12420 73216 99926 20539 6994 145887 11285
90641 77567 0 88123 53246 104567 35187 82460 44431 55360 53129 49428 23558 59511 81324 87415 44008 80893 52266 105988 53281 128216 63033 115772 105181 181594 107977 59821 55133 184323 92571 70760 97577 57930 79480 47619 73962 62675 33495 75366 180155 20810 77201 72752 86662 70920 97792 80904 111477 71872 68042 89508 90641 35187 92571 70760 184323 73962
45163 32810 88123 0 64863 29474 99524 29426 59768 61241 73988 57692 99979 56768 27382 35869 93035 110257 44362 17958 72368 70884 27078 46486 28052 116780 26011 51155 66801 113663 19647 32939 16979 35664 14640 69737 23748 30628 88439 21554 125485 99699 24575 46276 45265 26530 56297 56086 45256 38988 26689 36965 45163 99524 19647 32939 113663 23748
43152 76504 53246 64863 0 92137 41598 78367 11671 3994 9125 69348 48983 9653 76156 44024 30687 47530 59954 80845 7510 78065 54292 108142 67730 130866 90670 73739 2804 135336 79746 70392 80699 57666 65696 7096 66640 58725 30823 43887 127551 50569 42446 25678 90987 38555 104479 29355 105480 75733 62062 88052 43152 41598 79746 70392 135336 66640
74046 29164 104567 29474 92137 0 122667 23469 85291 88792 101183 62255 120631 84841 23874 64902 118211 138683 53200 24897 99608 94531 42638 17028 50608 133779 9456 52145 94336 127732 12728 34902 12553 46645 27159 96172 30650 41944 112131 50550 146139 119727 53933 75567 31118 55061 35974 85560 16427 36738 36602 21825 74046 122667 12728 34902 127732 30650
84745 99926 35187 99524 41598 122667 0 103680 40791 45403 35479 78685 13966 51078 101954 85231 14123 48363 76414 117023 36665 118618 80300 136656 108006 170480 123593 87521 41686 175965 109958 92962 113031 78915 95600 34552 93012 82367 11318 80988 164692 17173 80855 67138 111951 75618 124520 70199 133023 96116 87259 112345 84745 0 109958 92962 175965 93012
71796 5744 82460 29426 78367 23469 103680 0 69577 75610 86959 38791 100095 72785 2397 62540 101064 125886 30351 38071 85507 100267 24336 33455 57267 145553 30026 28849 80896 141547 15077 11764 22638 25057 16363 81071 11737 21321 93782 43695 154874 98879 48062 67558 16032 46405 28347 79165 29463 13493 16713 9759 71796 103680 15077 11764 141547 11737
47229 67176 44431 59768 11671 85291 40791 69577 0 11901 18141 57835 44877 15143 67477 45757 33279 57310 48985 76814 16962 84172 45247 100667 67449 137476 84869 62647 14424 140881 72649 60756 74534 47474 58283 11608 57982 49120 29475 40305 135746 45779 40066 29024 81269 34903 94696 36476 97658 65701 52959 79101 47229 40791 72649 60756 140881 57982
39418 73962 55360 61241 3994 88792 45403 75610 11901 0 12866 68418 52355 5702 73365 40069 34672 50348 58413 77049 11229 74806 51726 104928 63736 127783 87116 72263 5567 131993 76483 68003 77230 55612 62552 10853 63873 56370 34508 40128 124981 53816 38567 21771 88583 34834 102084 26208 102363 73523 59480 85331 39418 45403 76483 68003 131993 63873
50089 84874 53129 73988 9125 101183 35479 86959 18141 12866 0 75490 44838 18097 84784 51984 23094 39240 67103 89912 1638 83139 62744 117105 76118 135199 99789 80715 7491 140490 88749 78602 89799 65521 74630 7001 75261 66933 25713 52975 130401 46891 51423 33531 99171 47659 112634 34824 114373 83714 70508 96594 50089 35479 88749 78602 140490 75261
84652 33096 49428 57692 69348 62255 78685 38791 57835 68418 75490 0 71043 68571 38638 77130 80994 113497 14121 72675 74532 120399 31933 69810 83540 171078 68360 10971 72147 169726 52578 27851 59470 22599 44020 68519 35330 27217 71345 57802 176111 68979 61873 72203 38291 56619 48508 84221 65112 25722 31091 43160 84652 78685 52578 27851 169726 35330
91469 95792 23558 99979 48983 120631 13966 100095 44877 52355 44838 71043 0 57740 98607 90619 26920 62317 71117 117851 45693 127044 78010 133502 111902 179698 122617 80757 49780 184315 108098 88806 112015 75038 94077 41987 90221 79112 19277 83344 175222 3262 83963 73349 106583 78191 118529 78328 129547 91085 84299 108124 91469 13966 108098 88806 184315 90221
33833 71520 59511 56768 9653 84841 51078 72785 15143 5702 18097 68571 57740 0 70489 34373 40334 53862 57708 72144 16474 69688 49371 101204 58145 122828 82745 71570 10607 126749 72717 65851 73052 54101 59064 16542 61080 54347 40130 35400 120645 59095 33509 16073 86329 30243 99810 21436 98823 71646 57039 82541 33833 51078 72717 65851 126749 61080
69441 6280 81324 27382 76156 23874 101954 2397 67477 73365 84784 38638 98607 70489 0 60194 99127 123664 29441 36836 83323 98149 22278 34897 55321 143753 29791 29054 78671 139918 14327 11028 21747 23626 14037 78944 9523 19606 91967 41304 152865 97449 45677 65166 18313 44009 30738 76768 31078 13959 14777 12092 69441 101954 14327 11028 139918 9523
9344 64096 87415 35869 44024 64902 85231 62540 45757 40069 51984 77130 90619 34373 60194 0 74679 81461 63236 45105 50430 43612 47006 81895 24732 96034 59593 75049 44650 97293 55448 61225 52374 55758 46181 50848 52949 52813 74096 20060 99096 91524 15609 18454 78464 20527 90721 22734 81007 67928 52177 71398 9344 85231 55448 61225 97293 52949
73167 97946 44008 93035 30687 118211 14123 101064 33279 34672 23094 80994 26920 40334 99127 74679 0 36897 76256 109934 24514 105692 76924 133152 98367 157048 118102 88623 30105 162947 105508 91151 107716 77194 91079 24174 89808 79906 10662 73133 150778 29830 72328 56266 111062 67706 124129 57803 129884 95154 84364 110240 73167 14123 105508 91151 162947 89808
75826 124006 80893 110257 47530 138683 48363 125886 57310 50348 39240 113497 62317 53862 123664 81461 36897 0 106066 124531 40576 97377 101811 155061 106024 142544 136264 119501 44993 151400 126577 117807 126789 104756 112822 45776 114155 106134 47424 88710 131349 65490 86134 64967 138388 83806 151860 59110 152624 122954 109583 135579 75826 48363 126577 117807 151400 114155
70980 25308 52266 44362 59954 53200 76414 30351 48985 58413 67103 14121 71117 57708 29441 63236 76256 106066 0 60246 65947 106367 17934 63517 69575 156957 57993 13870 62744 155681 42099 18589 48306 8732 31475 60340 23627 13762 67592 43743 162103 69599 47872 59461 35598 42783 48143 71637 59213 19968 18424 37306 70980 76414 42099 18589 155681 23627
53487 43091 105988 17958 80845 24897 117023 38071 76814 77049 89912 72675 117851 72144 36836 45105 109934 124531 60246 0 88276 69848 44022 40140 26410 109554 16539 64678 82538 104356 23367 45687 15954 51808 28790 86220 37366 46590 105853 36978 121310 117616 38678 59589 51623 42365 59555 67478 40872 50520 41867 42075 53487 117023 23367 45687 104356 37366
48654 83473 53281 72368 7510 99608 36665 85507 16962 11229 1638 74532 45693 16474 83323 50430 24514 40576 65947 88276 0 81988 61319 115558 74524 134181 98180 79600 5870 139346 87189 77234 88202 64223 73090 6309 73800 65562 26678 51342 129621 47667 49786 31976 97813 46029 111284 33554 112846 82397 69087 95155 48654 36665 87189 77234 139346 73800
37916 103181 128216 70884 78065 94531 118618 100267 84172 74806 83139 120399 127044 69688 98149 43612 105692 97377 106367 69848 81988 0 89365 109890 44102 53381 86359 117434 77349 57359 89201 101781 83513 98486 84542 85066 92799 94976 108526 62629 55758 128606 58531 55467 116149 64033 126790 48718 110707 108366 93391 107664 37916 118618 89201 101781 57359 92799
55410 22236 63033 27078 54292 42638 80300 24336 45247 51726 62744 31933 78010 49371 22278 47006 76924 101811 17934 44022 61319 89365 0 56425 51643 139294 45041 28118 56885 137793 30096 16551 34565 9347 16451 56762 12883 5859 70040 27004 145114 77167 31399 46753 36958 27267 50445 58919 52991 22726 7771 33873 55410 80300 30096 16551 137793 12883
91005 38208 115772 46486 108142 17028 136656 33455 100667 104928 117105 69810 133502 101204 34897 81895 133152 155061 63517 40140 115558 109890 56425 0 66486 146075 23607 58950 110436 138800 28486 45035 29580 58485 42486 111809 43644 54460 126465 67388 159897 132321 70875 92453 32823 71746 30714 102566 4942 44457 49423 26693 91005 136656 28486 45035 138800 43644
30735 60858 105181 28052 67730 50608 108006 57267 67449 63736 76118 83540 111902 58145 55321 24732 98367 106024 69575 26410 74524 44102 51643 66486 0 88805 42885 78267 68672 86299 45255 60714 39411 60946 42557 74243 51490 56453 96717 29859 97677 112399 28166 42778 72820 34326 82902 46970 66927 66940 53507 63988 30735 108006 45255 60714 86299 51490
91185 149494 181594 116780 130866 133779 170480 145553 137476 127783 135199 171078 179698 122828 143753 96034 157048 142544 156957 109554 134181 53381 139294 146075 88805 0 124484 166754 129923 15088 132209 149514 125262 148624 131351 137756 140291 144540 160857 113654 23530 181413 109968 108847 160541 115906 169108 101577 148313 155737 142062 151235 91185 170480 132209 149514 15088 140291
68452 35739 107977 26011 90670 9456 123593 30026 84869 87116 99789 68360 122617 82745 29791 59593 118102 136264 57993 16539 98180 86359 45041 23607 42885 124484 0 58810 92682 118303 15912 40531 10606 50595 28642 95269 34495 45547 112761 47554 137201 121954 50362 72028 39957 52525 45425 81187 24467 43515 40213 30420 68452 123593 15912 40531 118303 34495
83251 23107 59821 51155 73739 52145 87521 28849 62647 72263 80715 10971 80757 71570 29054 75049 88623 119501 13870 64678 79600 117434 28118 58950 78267 166754 58810 0 76535 164522 43320 18999 50543 19386 36760 73885 27642 22459 79453 55105 173163 78864 59464 72789 27337 54954 37981 85015 54218 15410 24761 32374 83251 87521 43320 18999 164522 27642
43187 79111 55133 66801 2804 94336 41686 80896 14424 5567 7491 72147 49780 10607 78671 44650 30105 44993 62744 82538 5870 77349 56885 110436 68672 129923 92682 76535 0 134685 82004 73043 82794 60391 68030 7899 69163 61382 31212 45649 126148 51516 43989 26203 93637 40375 107134 28669 107835 78430 64652 90597 43187 41686 82004 73043 134685 69163
93765 145887 184323 113663 135336 127732 175965 141547 140881 131993 140490 169726 184315 126749 139918 97293 162947 151400 155681 104356 139346 57359 137793 138800 86299 15088 118303 164522 134685 0 127536 146602 120288 147131 128300 142367 137404 142732 165876 113353 38616 185806 110053 111887 155921 116234 163543 106027 141437 152553 139768 146419 93765 175965 127536 146602 0 137404
64766 20539 92571 19647 79746 12728 109958 15077 72649 76483 88749 52578 108098 72717 14327 55448 105508 126577 42099 23367 87189 89201 30096 28486 45255 132209 15912 43320 82004 127536 0 24728 7590 34867 14436 83613 18718 29926 99406 39272 142719 107261 43026 64343 28399 43397 37647 74912 26381 28280 24559 19030 64766 109958 0 24728 127536 18718
70114 6994 70760 32939 70392 34902 92962 11764 60756 68003 78602 27851 88806 65851 11028 61225 91151 117807 18589 45687 77234 101781 16551 45035 60714 149514 40531 18999 73043 146602 24728 0 31714 14061 18306 72359 9225 11673 83384 41317 157196 87490 45833 62994 20595 42715 34091 75062 40852 6703 9338 19400 70114 92962 24728 0 146602 9225
61546 28008 97577 16979 80699 12553 113031 22638 74534 77230 89799 59470 112015 73052 21747 52374 107716 126789 48306 15954 88202 83513 34565 29580 39411 125262 10606 50543 82794 120288 7590 31714 0 40565 18122 85092 24679 35425 102231 38296 136332 111364 41524 63206 35670 42999 44011 73045 28706 35695 30165 26131 61546 113031 7590 31714 120288 24679
63876 21011 57930 35664 57666 46645 78915 25057 47474 55612 65521 22599 75038 54101 23626 55758 77194 104756 8732 51808 64223 98486 9347 58485 60946 148624 50595 19386 60391 147131 34867 14061 40565 0 23161 59069 16150 5233 69330 35929 154244 73837 40215 53753 33997 35574 47313 65996 54513 18244 10403 33430 63876 78915 34867 14061 147131 16150
55449 18638 79480 14640 65696 27159 95600 16363 58283 62552 74630 44020 94077 59064 14037 46181 91079 112822 31475 28790 73090 84542 16451 42486 42557 131351 28642 36760 68030 128300 14436 18306 18122 23161 0 69341 9158 17928 84998 27632 139599 93355 31898 52116 32346 30858 44592 63396 39811 24386 13077 25407 55449 95600 14436 18306 128300 9158
50225 78756 47619 69737 7096 96172 34552 81071 11608 10853 7001 68519 41987 16542 78944 50848 24174 45776 60340 86220 6309 85066 56762 111809 74243 137756 95269 73885 7899 142367 83613 72359 85092 59069 69341 0 69432 60717 23728 49275 134039 43660 48246 32614 92876 43865 106304 36349 108916 77301 64495 90632 50225 34552 83613 72359 142367 69432
62016 11285 73962 23748 66640 30650 93012 11737 57982 63873 75261 35330 90221 61080 9523 52949 89808 114155 23627 37366 73800 92799 12883 43644 51490 140291 34495 27642 69163 137404 18718 9225 24679 16150 9158 69432 0 11297 82856 33364 148113 89216 37849 56387 26183 35465 39330 68199 40126 15597 5956 21473 62016 93012 18718 9225 137404 0
61259 18120 62675 30628 58725 41944 82367 21321 49120 56370 66933 27217 79112 54347 19606 52813 79906 106134 13762 46590 65562 94976 5859 54460 56453 144540 45547 22459 61382 142732 29926 11673 35425 5233 17928 60717 11297 0 72473 32781 150704 78039 37204 52443 32264 33125 45755 64638 50683 17328 5369 30334 61259 82367 29926 11673 142732 11297
73925 90291 33495 88439 30823 112131 11318 93782 29475 34508 25713 71345 19277 40130 91967 74096 10662 47424 67592 105853 26678 108526 70040 126465 96717 160857 112761 79453 31212 165876 99406 83384 102231 69330 84998 23728 82856 72473 0 69701 156000 21627 69539 56135 102856 64323 115702 59879 122966 86948 77206 102682 73925 11318 99406 83384 165876 82856
28799 44629 75366 21554 43887 50550 80988 43695 40305 40128 52975 57802 83344 35400 41304 20060 73133 88710 43743 36978 51342 62629 27004 67388 29859 113654 47554 55105 45649 113353 39272 41317 38296 35929 27632 49275 33364 32781 69701 0 118376 83565 4517 25084 59327 5428 72042 35856 65635 48010 32176 53014 28799 80988 39272 41317 113353 33364
92433 158179 180155 125485 127551 146139 164692 154874 135746 124981 130401 176111 175222 120645 152865 99096 150778 131349 162103 121310 129621 55758 145114 159897 97677 23530 137201 173163 126148 38616 142719 157196 136332 154244 139599 134039 148113 150704 156000 118376 0 177282 114240 108567 170497 119610 180287 99279 161567 163710 148988 161605 92433 164692 142719 157196 38616 148113
92687 94461 20810 99699 50569 119727 17173 98879 45779 53816 46891 68979 3262 59095 97449 91524 29830 65490 69599 117616 47667 128606 77167 132321 112399 181413 121954 78864 51516 185806 107261 87490 111364 73837 93355 43660 89216 78039 21627 83565 177282 0 84357 74512 104946 78485 116732 79919 128299 89560 83275 106744 92687 17173 107261 87490 185806 89216
24283 49104 77201 24575 42446 53933 80855 48062 40066 38567 51423 61873 83963 33509 45677 15609 72328 86134 47872 38678 49786 58531 31399 70875 28166 109968 50362 59464 43989 110053 43026 45833 41524 40215 31898 48246 37849 37204 69539 4517 114240 84357 0 21705 63759 6339 76404 31892 69309 52527 36687 57304 24283 80855 43026 45833 110053 37849
18213 67551 72752 46276 25678 75567 67138 67558 29024 21771 33531 72203 73349 16073 65166 18454 56266 64967 59461 59589 31976 55467 46753 92453 42778 108847 72028 72789 26203 111887 64343 62994 63206 53753 52116 32614 56387 52443 56135 25084 108567 74512 21705 0 82540 21260 95699 12243 90714 69416 53681 77162 18213 67138 64343 62994 111887 56387
87683 15003 86662 45265 90987 31118 111951 16032 81269 88583 99171 38291 106583 86329 18313 78464 111062 138388 35598 51623 97813 116149 36958 32823 72820 160541 39957 27337 93637 155921 28399 20595 35670 33997 32346 92876 26183 32264 102856 59327 170497 104946 63759 82540 0 61642 13501 94382 27909 15918 29328 9645 87683 111951 28399 20595 155921 26183
28303 46726 70920 26530 38555 55061 75618 46405 34903 34834 47659 56619 78191 30243 44009 20527 67706 83806 42783 42365 46029 64033 27267 71746 34326 115906 52525 54954 40375 116234 43397 42715 42999 35574 30858 43865 35465 33125 64323 5428 119610 78485 6339 21260 61642 0 74653 32773 69767 49322 33396 55954 28303 75618 43397 42715 116234 35465
100017 28356 97792 56297 104479 35974 124520 28347 94696 102084 112634 48508 118529 99810 30738 90721 124129 151860 48143 59555 111284 126790 50445 30714 82902 169108 45425 37981 107134 163543 37647 34091 44011 47313 44592 106304 39330 45755 115702 72042 180287 116732 76404 95699 13501 74653 0 107427 26080 29088 42783 19394 100017 124520 37647 34091 163543 39330
16880 79428 80904 56086 29355 85560 70199 79165 36476 26208 34824 84221 78328 21436 76768 22734 57803 59110 71637 67478 33554 48718 58919 102566 46970 101577 81187 85015 28669 106027 74912 75062 73045 65996 63396 36349 68199 64638 59879 35856 99279 79919 31892 12243 94382 32773 107427 0 101151 81533 65731 88667 16880 70199 74912 75062 106027 68199
90220 33941 111477 45256 105480 16427 133023 29463 97658 102363 114373 65112 129547 98823 31078 81007 129884 152624 59213 40872 112846 110707 52991 4942 66927 148313 24467 54218 107835 141437 26381 40852 28706 54513 39811 108916 40126 50683 122966 65635 161567 128299 69309 90714 27909 69767 26080 101151 0 39915 45777 22114 90220 133023 26381 40852 141437 40126
76809 7784 71872 38988 75733 36738 96116 13493 65701 73523 83714 25722 91085 71646 13959 67928 95154 122954 19968 50520 82397 108366 22726 44457 66940 155737 43515 15410 78430 152553 28280 6703 35695 18244 24386 77301 15597 17328 86948 48010 163710 89560 52527 69416 15918 49322 29088 81533 39915 0 15930 17801 76809 96116 28280 6703 152553 15597
60962 14493 68042 26689 62062 36602 87259 16713 52959 59480 70508 31091 84299 57039 14777 52177 84364 109583 18424 41867 69087 93391 7771 49423 53507 142062 40213 24761 64652 139768 24559 9338 30165 10403 13077 64495 5956 5369 77206 32176 148988 83275 36687 53681 29328 33396 42783 65731 45777 15930 0 26142 60962 87259 24559 9338 139768 5956
80712 12420 89508 36965 88052 21825 112345 9759 79101 85331 96594 43160 108124 82541 12092 71398 110240 135579 37306 42075 95155 107664 33873 26693 63988 151235 30420 32374 90597 146419 19030 19400 26131 33430 25407 90632 21473 30334 102682 53014 161605 106744 57304 77162 9645 55954 19394 88667 22114 17801 26142 0 80712 112345 19030 19400 146419 21473
0 73216 90641 45163 43152 74046 84745 71796 47229 39418 50089 84652 91469 33833 69441 9344 73167 75826 70980 53487 48654 37916 55410 91005 30735 91185 68452 83251 43187 93765 64766 70114 61546 63876 55449 50225 62016 61259 73925 28799 92433 92687 24283 18213 87683 28303 100017 16880 90220 76809 60962 80712 0 84745 64766 70114 93765 62016
84745 99926 35187 99524 41598 122667 0 103680 40791 45403 35479 78685 13966 51078 101954 85231 14123 48363 76414 117023 36665 118618 80300 136656 108006 170480 123593 87521 41686 175965 109958 92962 113031 78915 95600 34552 93012 82367 11318 80988 164692 17173 80855 67138 111951 75618 124520 70199 133023 96116 87259 112345 84745 0 109958 92962 175965 93012
64766 20539 92571 19647 79746 12728 109958 15077 72649 76483 88749 52578 108098 72717 14327 55448 105508 126577 42099 23367 87189 89201 30096 28486 45255 132209 15912 43320 82004 127536 0 24728 7590 34867 14436 83613 18718 29926 99406 39272 142719 107261 43026 64343 28399 43397 37647 74912 26381 28280 24559 19030 64766 109958 0 24728 127536 18718
70114 6994 70760 32939 70392 34902 92962 11764 60756 68003 78602 27851 88806 65851 11028 61225 91151 117807 18589 45687 77234 101781 16551 45035 60714 149514 40531 18999 73043 146602 24728 0 31714 14061 18306 72359 9225 11673 83384 41317 157196 87490 45833 62994 20595 42715 34091 75062 40852 6703 9338 19400 70114 92962 24728 0 146602 9225
93765 145887 184323 113663 135336 127732 175965 141547 140881 131993 140490 169726 184315 126749 139918 97293 162947 151400 155681 104356 139346 57359 137793 138800 86299 15088 118303 164522 134685 0 127536 146602 120288 147131 128300 142367 137404 142732 165876 113353 38616 185806 110053 111887 155921 116234 163543 106027 141437 152553 139768 146419 93765 175965 127536 146602 0 137404
62016 11285 73962 23748 66640 30650 93012 11737 57982 63873 75261 35330 90221 61080 9523 52949 89808 114155 23627 37366 73800 92799 12883 43644 51490 140291 34495 27642 69163 137404 18718 9225 24679 16150 9158 69432 0 11297 82856 33364 148113 89216 37849 56387 26183 35465 39330 68199 40126 15597 5956 21473 62016 93012 18718 9225 137404 0
