StringID  Type  x          y          demand  ReadyTime  DueDate  ServiceTime
D0        d     38049.16    18567.02    0.0     0.0        86400.0  0.0
D1        d     -40186.95   20143.98    0.0     0.0        86400.0  0.0
C001      c     -16788.76   -15754.95   382.0   4834.0     25334.0  764.0
C002      c     3564.49     -66833.45   250.0   4550.0     23257.0  500.0
C003      c     55760.11    42587.14    723.0   2275.0     23279.0  1446.0
C004      c     19541.93    -58901.57   345.0   4214.0     24296.0  690.0
C005      c     -45357.51   21791.49    816.0   4149.0     23927.0  1632.0
C006      c     109.91      -50342.20   472.0   2076.0     21568.0  944.0
C007      c     -52284.84   10256.74    311.0   2760.0     22005.0  622.0
C008      c     92251.94    35337.70    581.0   2784.0     23464.0  1162.0
C009      c     -19819.98   8504.97     712.0   758.0      22001.0  1424.0
C010      c     94703.14    -38015.65   142.0   954.0      20026.0  284.0
C011      c     64579.90    10316.89    646.0   4728.0     25842.0  1292.0
C012      c     -8766.88    -5817.33    672.0   2199.0     22067.0  1344.0
C013      c     -35906.05   6949.67     341.0   4214.0     23895.0  682.0
C014      c     25000.34    9928.74     710.0   3031.0     23065.0  1420.0
C015      c     -47109.44   20668.88    532.0   3307.0     22486.0  1064.0
C016      c     14798.97    -15379.94   270.0   4799.0     24530.0  540.0
C017      c     -12737.35   -11913.30   561.0   5233.0     24507.0  1122.0
C018      c     -20131.04   42030.95    574.0   4526.0     24762.0  1148.0
C019      c     -560.33     -22768.59   542.0   3858.0     23388.0  1084.0
C020      c     -24088.26   20391.78    224.0   3002.0     23002.0  448.0
C021      c     9585.41     -44477.61   162.0   4448.0     24053.0  324.0
C022      c     -10152.96   8940.83     325.0   4783.0     24265.0  650.0
C023      c     -33981.10   1576.40     529.0   2524.0     22428.0  1058.0
C024      c     -32540.76   5413.31     699.0   2976.0     22851.0  1398.0
C025      c     -9819.38    -17665.25   445.0   4821.0     25647.0  890.0
C026      c     -15499.76   32860.53    560.0   3963.0     24419.0  1120.0
C027      c     -23450.89   86.23       193.0   1254.0     21161.0  386.0
C028      c     -53127.15   22745.33    575.0   4320.0     23669.0  1150.0
C029      c     -39388.03   14846.74    675.0   4953.0     24512.0  1350.0
C030      c     -20205.55   -10571.99   451.0   4157.0     24471.0  902.0
C031      c     4538.08     -8678.85    206.0   901.0      20525.0  412.0
C032      c     -25012.78   1289.43     107.0   3516.0     22725.0  214.0
C033      c     67463.99    63673.32    419.0   5008.0     25518.0  838.0
C034      c     72979.03    42460.07    305.0   1547.0     20957.0  610.0
C035      c     -43222.66   -10638.75   124.0   5004.0     24673.0  248.0
C036      c     -4905.32    -19212.23   170.0   1776.0     20501.0  340.0
C037      c     -12392.51   17473.16    508.0   2939.0     22546.0  1016.0
C038      c     -15754.00   -27702.79   619.0   3807.0     23357.0  1238.0
C039      c     58172.55    31437.60    790.0   1762.0     22759.0  1580.0
C040      c     66459.20    23865.48    790.0   4516.0     25822.0  1580.0
C041      c     -25550.31   -26459.78   352.0   2822.0     21553.0  704.0
C042      c     -41149.03   4877.98     136.0   3561.0     22329.0  272.0
C043      c     8662.38     -16032.08   294.0   780.0      20672.0  588.0
C044      c     -45659.61   6803.94     758.0   3597.0     24564.0  1516.0
C045      c     58627.32    -51917.47   678.0   2091.0     22054.0  1356.0
C046      c     -65164.69   -75124.40   649.0   33823.0    54727.0  1298.0
C047      c     -60497.20   39757.18    465.0   37140.0    57693.0  930.0
C048      c     36183.72    -51766.22   166.0   34517.0    53763.0  332.0
C049      c     53865.51    -28633.76   199.0   34373.0    53749.0  398.0
C050      c     46050.49    -72019.96   820.0   34192.0    55740.0  1640.0
C051      c     -105663.87  -2395.38    677.0   33430.0    53954.0  1354.0
C052      c     20636.63    -103664.20  203.0   33354.0    53431.0  406.0
C053      c     -10432.08   16257.47    332.0   33854.0    52522.0  664.0
C054      c     10452.76    -37581.27   514.0   33298.0    52562.0  1028.0
C055      c     -24848.20   31604.97    546.0   34385.0    55249.0  1092.0
C056      c     -76342.98   -37852.27   462.0   37406.0    57278.0  924.0
C057      c     45329.26    27807.74    730.0   35912.0    57212.0  1460.0
C058      c     16687.28    28015.29    133.0   36710.0    56333.0  266.0
C059      c     39306.47    21900.46    767.0   34381.0    55798.0  1534.0
C060      c     -91700.07   21578.75    318.0   36521.0    56632.0  636.0
C061      c     67259.01    -25588.13   276.0   34729.0    54338.0  552.0
C062      c     -36066.40   -110462.54  407.0   35182.0    55408.0  814.0
C063      c     70440.88    1582.47     510.0   36037.0    56123.0  1020.0
C064      c     15104.05    -84584.54   376.0   35031.0    54699.0  752.0
C065      c     -107469.74  -13811.69   554.0   37379.0    56740.0  1108.0
C066      c     -53095.72   40919.07    739.0   35043.0    55581.0  1478.0
C067      c     55474.61    47031.14    557.0   36713.0    56951.0  1114.0
C068      c     39008.78    26555.10    499.0   33206.0    54190.0  998.0
C069      c     -19229.00   -48948.26   458.0   36966.0    57650.0  916.0
C070      c     49510.21    -70963.52   781.0   36504.0    56955.0  1562.0
C071      c     61491.00    32557.52    429.0   34702.0    54178.0  858.0
C072      c     -34026.12   -6922.31    356.0   33671.0    54336.0  712.0
C073      c     3834.66     -18275.63   208.0   33512.0    53718.0  416.0
C074      c     -37148.12   79570.33    627.0   37308.0    58335.0  1254.0
C075      c     -89310.65   -40357.02   805.0   33645.0    54159.0  1610.0
C076      c     -40092.69   -5742.89    579.0   33754.0    54259.0  1158.0
C077      c     49390.46    27162.17    611.0   36411.0    57045.0  1222.0
C078      c     25455.54    30149.61    115.0   36860.0    55108.0  230.0
C079      c     2731.30     28661.20    423.0   34570.0    54552.0  846.0
C080      c     -29066.67   50964.64    791.0   35012.0    55634.0  1582.0
C081      c     47077.23    -38803.68   593.0   33233.0    52762.0  1186.0
C082      c     -31337.87   30719.35    713.0   33759.0    53399.0  1426.0
C083      c     2408.06     -22171.70   526.0   37650.0    57380.0  1052.0
C084      c     883.03      78430.13    378.0   36159.0    56654.0  756.0
C085      c     -24914.31   13668.53    683.0   34384.0    55734.0  1366.0
C086      c     20285.55    -23143.24   427.0   34415.0    54807.0  854.0
C087      c     45517.73    -62181.83   816.0   33106.0    54439.0  1632.0
C088      c     -46898.54   -59999.03   598.0   34073.0    53582.0  1196.0
C089      c     15676.49    4399.64     229.0   36227.0    55768.0  458.0
C090      c     72180.94    10038.19    375.0   34100.0    53097.0  750.0
C091      c     66858.61    13523.72    780.0   65625.0    86124.0  1560.0
C092      c     8496.79     -21558.88   115.0   66828.0    86269.0  230.0
C093      c     -40321.97   -6589.55    298.0   66877.0    85537.0  596.0
C094      c     65778.77    49910.14    625.0   67016.0    86389.0  1250.0
C095      c     56555.37    20303.65    645.0   65786.0    85823.0  1290.0
C096      c     -44469.36   82649.62    217.0   66234.0    85507.0  434.0
C097      c     26426.50    12339.32    153.0   66862.0    85436.0  306.0
C098      c     -47691.44   13155.22    122.0   66096.0    85632.0  244.0
C099      c     -71080.89   1677.17     117.0   65690.0    84110.0  234.0
C100      c     18341.55    -18883.56   735.0   66107.0    85959.0  1470.0
F1        f     38049.16    18567.02    0.0     0.0        86400.0  0.0
F2        f     58627.32    -51917.47   0.0     0.0        86400.0  0.0
F3        f     -2310.14    7199.89     0.0     0.0        86400.0  0.0
F4        f     -5754.49    -41590.83   0.0     0.0        86400.0  0.0
F5        f     -47640.16   29564.71    0.0     0.0        86400.0  0.0
F6        f     -15506.57   -7422.50    0.0     0.0        86400.0  0.0
F7        f     -31547.29   21210.95    0.0     0.0        86400.0  0.0
F8        f     4538.08     -8678.85    0.0     0.0        86400.0  0.0
F9        f     -18893.34   2501.83     0.0     0.0        86400.0  0.0
F10       f     55294.48    21097.66    0.0     0.0        86400.0  0.0
F11       f     -8766.88    -5817.33    0.0     0.0        86400.0  0.0

m numVeh /13/
m numPetrolVeh /7/
m numElectroVeh /6/

DistanceMatrix
0 78252 64693 92100 29844 79649 83469 78663 90715 56738 58737 80070 27784 52786 74862 15649 85185 41146 59231 62733 56563 62164 69172 49154 74007 71805 60035 55424 64217 91272 77527 65136 43189 65386 53850 42320 86360 57205 50454 70962 23887 28900 77925 80373 45395 84531 73427 139396 100799 70358 49780 90940 145234 123465 48536 62564 64234 127549 11764 23358 3563 129784 52942 148801 36575 105673 149078 93846 33374 8046 88539 90261 27299 76450 50279 96830 140330 81836 14230 17110 36732 74526 58077 70443 54129 70462 63154 45335 81094 115710 26481 35181 29248 49834 82310 41849 18588 104479 13186 85911 110429 42319 0 73427 41930 74416 86392 59529 69647 43189 59165 17430 52786
78252 0 42851 97362 98537 99074 5427 81192 15624 133308 23458 146894 105227 40758 13871 65983 6942 65463 42204 29686 58410 16101 81567 32055 19577 16597 48495 27770 26123 13199 5357 36643 53208 24202 116119 115345 30932 52856 27922 53724 99006 106711 48848 15296 60786 14419 122299 98488 28234 104898 105949 126218 69248 137942 30008 76789 19148 68343 85859 57416 79513 51533 116774 130672 112174 118428 75366 24459 99368 79455 72201 127852 102433 27759 58429 59504 77933 25887 89852 66401 43755 32765 105308 13789 60041 71302 16589 74369 118840 80424 58040 112821 107250 64103 26734 110067 96742 62652 67069 10255 35992 70347 78252 122299 40028 70688 12013 37000 8705 53208 27653 95486 40758
64693 42851 0 54984 93097 56405 47180 38495 44007 120417 24449 113692 85444 12771 29681 49051 47392 31590 5583 57882 17679 36876 38995 25572 24412 26386 7226 48633 17185 52941 38042 6208 22470 18925 115790 106992 26924 12376 33518 11993 88580 92195 13833 31924 25453 36639 83638 76583 70654 64054 71818 84348 89874 95544 32637 34907 48041 63522 75871 55104 67562 83699 84621 96650 88936 75860 90702 67306 95729 70025 33283 86276 91988 19369 20777 97475 76581 25364 78877 62384 48516 67840 67898 48698 20241 95829 30525 37803 77702 53518 38213 92633 88623 25943 25255 105496 81729 102224 51545 42318 57022 35269 64693 83638 27140 28094 54824 8431 39803 22470 18378 80957 12771
92100 97362 54984 0 121232 17838 101231 16849 95195 135294 78884 95586 98362 62250 83677 79699 101116 52666 57289 111413 44257 91504 23152 77006 78036 80766 50957 101500 72167 106011 92285 61077 58163 73874 145311 129474 73122 48369 85803 43640 112424 110372 49777 84509 51057 88575 57047 69227 124360 35931 63162 42801 126819 40595 84262 30052 102457 85001 103447 95752 95662 129969 75883 58942 95672 21172 123044 121741 125139 99889 28973 46131 115039 70728 48559 151959 96575 75087 104571 99423 95498 122234 51759 103609 44677 145288 85391 46781 42210 50924 72255 103041 102291 45542 74534 132286 101985 157011 82408 95002 101319 50175 92100 57047 74266 26908 109154 62397 94787 58163 72882 102019 62250
29844 98537 93097 121232 0 107758 103234 108318 112778 37205 82909 89517 33454 80664 98350 44864 105179 70979 87534 75893 86275 82876 98551 74004 98668 95807 89056 71921 89893 110680 99110 92718 72470 90718 24117 17219 112386 86599 72633 100274 11408 21563 106672 103987 75196 107547 94548 168757 116292 96363 71246 115018 167574 150410 71237 92085 81353 154666 18090 41702 26432 148949 69138 178483 43554 133512 172699 108869 4453 23187 118330 113723 11551 102532 80003 99998 167109 107348 16688 32758 54827 85239 81853 87903 83906 65546 85701 74692 105268 145130 55362 36457 31110 79678 107936 12410 22298 107940 42135 107557 133275 71964 29844 94548 68003 104259 104217 87063 89886 72470 84735 21495 80664
79649 99074 56405 17838 107758 0 103553 21234 99709 119029 78058 78009 82581 60161 86086 69046 103797 43779 57007 108450 41348 90504 17527 74057 80761 82759 50621 98225 72993 109302 94401 62575 52416 74887 131610 114585 79175 46615 82782 47108 98252 95140 55550 88041 44228 92566 39704 86246 127043 18107 45763 29577 137366 44776 80916 23177 100806 98168 90463 86964 83184 137302 58195 75834 79051 26064 134778 123452 111861 87646 40028 32305 100621 74642 43557 149627 110421 79888 91093 89247 89162 120139 34090 103057 40530 138593 85105 35766 26182 66450 63419 86738 86512 38942 79500 118228 87427 155352 71573 98552 109006 40036 79649 39704 69620 30652 111084 62278 95016 52416 72441 87625 60161
83469 5427 47180 101231 103234 103553 0 85268 13455 138275 28787 152295 110535 45838 17596 71351 2081 70714 46905 32342 63185 21315 86083 37477 23196 20797 53102 31844 30839 7828 9158 40988 58464 28883 120344 120128 32500 57599 33247 57672 103978 111836 52159 17429 65945 14991 127459 98919 23494 109817 111301 130981 64976 141755 35361 81486 22736 67212 90886 62356 84664 46343 122177 132580 117549 122358 71593 20634 103943 84501 75411 132678 107390 30869 63445 58359 76120 28033 94900 71305 48577 33414 110526 16621 64918 73117 21998 79550 123733 81805 63464 118125 112520 69134 28824 114638 101924 60865 72404 8946 32654 75578 83469 127459 45453 74738 8101 41768 13822 58464 32748 100654 45838
78663 81192 38495 16849 108318 21234 85268 0 80109 125822 62130 95393 88521 45401 67672 65208 85277 37923 40520 94565 27582 74759 11144 60165 62111 64612 34152 84654 55661 90421 76221 44659 41898 57419 132424 117992 58771 31531 68958 27644 100296 99544 35054 68932 35360 73216 58539 69821 108587 36102 57973 50798 116134 57137 67429 16426 85664 77466 90290 80092 82191 116626 71567 70165 87422 37381 113613 105638 112013 86176 19389 53532 103150 55232 32282 135150 89976 60045 91845 84388 79047 105425 48364 86948 28264 128775 68728 33865 46926 47990 56912 94021 92381 29980 59574 119845 90426 140265 67982 79479 88171 36360 78663 58539 57593 10535 93087 45672 78243 41898 56157 90272 45401
90715 15624 44007 95195 112778 99709 13455 80109 0 146697 32512 154712 116865 46392 16709 77286 11627 71816 45338 45205 61369 29963 82606 42152 20258 20329 50823 43175 30575 12517 13689 38248 59895 28708 131123 129337 22776 55796 40540 52682 112470 119521 45418 12367 66375 7471 127150 86347 30622 108044 113050 128216 54858 135261 42281 78895 34764 53789 99179 71222 92328 41009 124802 121804 123032 116345 60205 30673 113862 92737 67808 130227 115941 25070 62956 70947 62711 20116 103071 80245 58013 46864 110814 29283 63584 86455 27582 79888 121707 70462 68213 124466 119188 68605 20662 124545 109303 72814 78739 5431 20662 76402 90715 127150 50068 69665 19859 40807 23453 59895 34280 108124 46392
56738 133308 120417 135294 37205 119029 138275 125822 146697 0 115239 73394 37307 109080 131264 71892 140131 92581 115132 112582 109501 117296 114910 105752 130670 128330 115012 107780 120954 145923 133225 121468 98139 122108 37648 20547 143064 111424 106158 125058 34302 28229 133027 136834 98113 140832 93510 192307 152813 103589 74605 116877 201481 156366 104442 109582 117160 183796 47523 75919 54624 184466 65853 194225 40189 142594 205680 145455 38592 53963 139757 114572 30886 133162 103402 136751 196710 138574 43634 66998 89769 122321 86820 123676 106674 101021 119153 92732 108139 168677 82589 32294 33476 101253 139046 30219 38733 144676 69727 141691 166765 91666 56738 93510 98660 124592 140011 115932 124603 98139 115894 39606 109080
58737 23458 24449 78884 82909 78058 28787 62130 32512 115239 0 123611 84419 18091 16161 44843 29878 42059 21612 33527 36728 12630 60596 9677 15765 13091 28016 24736 9168 36224 20570 19081 29809 8890 103257 98816 30235 31475 11645 36435 81294 87636 35431 21635 37594 25896 99019 95132 51297 82274 82516 104035 86533 119242 12175 55140 23641 73102 67949 41394 60625 73059 93515 120072 90526 99425 90446 46454 84579 61536 57456 105460 84794 20972 35732 73147 84950 24779 71681 50183 30246 43455 81935 25023 37883 72926 7254 51089 96258 73662 35733 92014 86824 41300 25459 95087 77281 78135 46405 28257 51714 46973 58737 99019 17558 52033 34892 16501 17291 29809 6074 76163 18091
80070 146894 113692 95586 89517 78009 152295 95393 154712 73394 123611 0 56951 108364 138133 84600 153475 83048 110566 139980 96476 132374 85363 114890 134637 134451 106485 131027 124146 159830 144135 118140 94818 126003 105274 83356 140617 101368 120617 110938 78474 68022 120807 142463 88805 147345 38662 164118 173597 60113 41901 59358 203509 98973 118317 84251 138346 171046 82283 102208 81601 195698 30127 149497 46440 92221 203617 167557 93658 85272 114455 55928 77998 132431 92988 176667 184029 138605 79381 97169 113599 152435 47632 143565 93645 149539 130306 75889 54802 143298 89690 53070 58580 87763 138634 92561 69688 184199 84837 151310 170470 78722 80070 38662 107033 100521 157571 114377 139452 94818 120606 71045 108364
27784 105227 85444 98362 33454 82581 110535 88521 116865 37307 84419 56951 0 75100 100542 39581 112168 56022 80450 90453 73061 89239 77633 74746 98948 97244 79487 83192 88623 118361 104067 87321 62975 90046 53434 33222 109820 75499 77304 88876 22071 13678 97345 105869 61815 110295 62518 155351 128495 68269 40397 84396 170718 122159 75247 72277 91927 148928 26010 51058 27802 156685 36005 157218 10519 107024 173733 121590 37826 30291 102646 82666 22454 100102 67138 123064 162019 105897 22682 43864 64512 102088 52146 98064 70149 93256 89557 55512 74963 131802 49260 7606 3934 64509 106255 39611 12811 130858 38207 112307 135936 54687 27784 62518 66963 87415 113859 82028 96743 62975 83838 14228 75100
52786 40758 12771 62250 80664 60161 45838 45401 46392 109080 18091 108364 75100 0 29992 37258 46601 25432 7275 49179 18833 30359 42795 14823 26276 26293 11895 39260 15826 52760 36941 12387 13609 17732 103151 94937 34791 13940 23571 22974 76608 80870 26604 34103 20202 38992 81653 89354 68942 64280 66659 85952 96957 102169 22138 37126 40731 74785 63695 42339 55492 87341 78555 108148 79553 82305 99026 64415 83186 57710 44382 87408 80055 25283 17720 89981 87637 31326 66857 49647 36345 60302 64859 42946 19808 84798 25307 33826 78255 66255 26493 82486 78060 23363 31565 93073 70351 95400 39601 43302 62763 30093 52786 81653 14531 35900 52564 6928 35348 13609 13105 69486 0
74862 13871 29681 83677 98350 86086 17596 67672 16709 131264 16161 138133 100542 29992 0 60979 17713 55404 29876 38465 46179 17898 68660 25830 5708 3699 35867 32982 14221 23368 8631 23527 43359 12276 117911 114529 19050 40565 25761 40086 97213 103754 34978 5637 50145 9755 111364 87133 41001 92976 96567 113812 70381 124228 27121 64282 27021 60352 83870 56655 76684 57680 108175 117412 106482 104788 74514 38071 99785 77438 58333 115613 100707 13999 47071 72631 71344 13365 87659 65601 44320 44543 94761 24205 48125 80392 12883 63742 106813 67845 51646 108131 102975 52767 14241 110388 93421 76183 62565 13319 35568 60085 74862 111364 33597 57143 25478 24954 14913 43359 17585 92291 29992
15649 65983 49051 79699 44864 69046 71351 65208 77286 71892 44843 84600 39581 37258 60979 0 72905 27287 43603 55384 41503 50191 56548 35167 59570 57718 44428 46542 49441 79172 64576 49637 27658 50754 68496 57968 71256 41756 38146 55471 39535 43739 62286 66342 30674 70729 70397 123951 90551 62700 48169 84609 131244 113677 35993 49687 54357 112042 27073 19906 18654 117280 55202 134993 46201 95030 134581 84020 48013 21741 73639 84524 42938 61385 35263 93340 124883 66953 29864 20226 29100 67876 53500 60052 39254 72623 50055 33406 74973 100296 10840 47181 42012 35550 67378 57109 33217 100570 2801 72763 96435 29572 15649 70397 27446 60001 75248 44067 57662 27658 44518 32287 37258
85185 6942 47392 101116 105179 103797 2081 85277 11627 140131 29878 153475 112168 46601 17713 72905 0 71639 47361 34412 63668 23023 86362 38773 23171 21095 53479 33879 31359 6366 9670 41229 59403 29391 122378 122050 31548 58066 34864 57645 105831 113614 51826 16878 66764 13941 128254 97480 23315 110384 112369 131415 62933 141592 36942 81893 24802 65417 92714 64218 86425 44600 123369 131596 119090 122265 69515 21116 105917 86319 74992 133161 109249 30536 64125 59738 74196 27328 96718 73182 50477 35262 111392 18702 65477 75098 23273 80384 124274 80668 64860 119763 114192 69823 28091 116614 103665 62037 74006 7536 30583 76474 85185 128254 46780 74743 8912 42283 15572 59403 33559 102405 46601
41146 65463 31590 52666 70979 43779 70714 37923 71816 92581 42059 83048 56022 25432 55404 27287 71639 0 27754 67202 17044 52838 29561 34844 51643 51705 24724 56966 41258 77894 62047 35333 12255 43161 94990 82039 58215 20074 42646 32944 63821 64877 41843 59503 6171 64400 57061 99818 93325 42205 41254 64690 121161 88477 40466 22623 61477 93872 52889 43436 44614 112730 53444 107833 58170 69205 122279 88200 74496 48422 47799 65532 66919 49552 11340 108231 107064 55731 54831 46760 45665 79535 39882 65221 14130 94837 49203 9506 55983 76141 19799 62760 59545 8826 55817 82836 54926 114554 30059 68697 87557 4982 41146 57061 28330 33308 76933 31333 59050 12255 38144 54502 25432
59231 42204 5583 57289 87534 57007 46905 40520 45338 115132 21612 110566 80450 7275 29876 43603 47361 27754 0 54449 16313 34241 39481 21014 25165 26313 6450 44859 16086 53222 37767 7588 17576 18028 110207 101507 30512 10706 29388 16075 83111 86903 19385 33003 21792 37871 81812 82123 70362 63099 68670 84076 93413 97632 28265 34592 45172 68691 70353 49599 62064 85772 81157 101273 84266 77822 94751 66484 90152 64479 37600 85800 86530 21866 17751 94684 81685 28043 73395 56815 43423 64964 65581 46514 18293 91364 28332 34880 76945 58985 32764 87710 83562 23322 28094 99935 76416 99745 46065 43014 59906 31851 59231 81812 21772 30488 54209 5276 38092 17576 15675 75618 7275
62733 29686 57882 111413 75893 108450 32342 94565 45205 112582 33527 139980 90453 49179 38465 55384 34412 67202 54449 0 67690 21998 91470 34562 42760 38663 60580 10274 42076 38219 33314 52603 56392 41033 90229 93111 57509 63107 25748 69871 79017 88475 68705 42686 64810 43505 122594 125513 40430 109404 102318 131862 96382 151291 27538 85285 11443 97679 66988 39396 62754 74434 110496 153324 99194 131427 103665 32983 75771 61131 90984 132732 82170 50887 64894 41216 107581 51777 71094 47109 26485 12636 105125 15923 68044 42030 28763 76689 123167 105483 51945 97699 91542 69737 52646 86270 79705 47352 55220 39917 64995 72047 62733 122594 39125 84849 30202 49669 23745 56392 39548 78277 49179
56563 58410 17679 44257 86275 41348 63185 27582 61369 109501 36728 96476 73061 18833 46179 41503 63668 17044 16313 67690 0 49157 23963 33129 41348 42626 10572 57600 32347 69533 54060 23123 14984 34303 109998 98300 44353 5615 41945 15975 79924 81648 25261 49110 11421 53930 65976 83156 86614 46808 54741 67811 107060 83627 40255 18458 59552 77269 68292 53633 59872 101356 67878 94609 75061 63770 107284 82560 89509 63234 32154 69497 83135 37028 6285 108683 90476 43043 70627 58967 51535 79052 50264 61711 3028 101209 43827 20849 60635 59442 31650 79797 76567 9138 42927 98403 71536 114197 44282 59261 74637 19297 56563 65976 30020 19526 70394 21422 53800 14984 31220 71021 18833
62164 16101 36876 91504 82876 90504 21315 74759 29963 117296 12630 132374 89239 30359 17898 50191 23023 52838 34241 21998 49157 0 73089 18037 21258 17199 40644 15140 20316 29134 16274 31206 40799 19125 101267 99544 36456 44005 12054 48811 82999 90614 46874 23060 48983 25494 109866 103974 41239 94019 92089 116015 84698 131872 14268 67483 11239 78249 69813 41482 63413 67622 102267 131401 96382 112054 90124 35536 83904 63397 69510 117314 86440 29066 47695 60602 89131 30646 73790 50496 28065 30976 92567 12618 50137 63182 6774 62164 107997 83564 42860 96824 91206 53119 31488 94591 80644 65509 51153 24688 50582 57817 62164 109866 25462 64637 25275 29108 7504 40799 18629 79386 30359
69172 81567 38995 23152 98551 17527 86083 11144 82606 114910 60596 85363 77633 42795 68660 56548 86362 29561 39481 91470 23963 73089 0 56949 63396 65297 33098 81305 55474 91934 76927 45134 36153 57373 122664 107596 62720 29126 65734 30389 90132 88912 39486 70781 28461 75378 49603 80789 109577 27579 47029 45698 122692 60209 63949 6951 83512 86183 80640 72840 72728 120922 60688 80238 76321 40485 121005 105932 102370 76886 29159 47911 92890 57553 26826 132559 98982 62994 81955 76296 73459 102972 37919 85611 23432 123215 67611 23867 40057 58578 49255 83007 81513 22945 62660 109849 80017 138142 59260 81254 92937 27050 69172 49603 53029 15609 93579 44751 77504 36153 54937 79934 42795
49154 32055 25572 77006 74004 74057 37477 60165 42152 105752 9677 114890 74746 14823 25830 35167 38773 34844 21014 34562 33129 18037 56949 0 24940 22664 26608 24510 15976 45137 29826 21950 22941 16714 94974 89635 38431 28638 8821 37069 71934 78052 38604 31261 31268 35571 91839 100465 59027 76370 74231 98557 96181 116739 7322 50881 27011 81060 58602 32928 51129 82521 84764 122183 80929 96876 99941 53541 75880 52222 58596 99722 75436 28663 30600 75613 93254 33347 62269 41446 23556 46084 74531 30383 33552 70360 15500 44225 90320 78121 26226 82341 77148 35750 33932 86279 67669 81306 36737 37774 61359 39826 49154 91839 8034 50723 42786 17217 24663 22941 10856 66567 14823
74007 19577 24412 78036 98668 80761 23196 62111 20258 130670 15765 134637 98948 26276 5708 59570 23171 51643 25165 42760 41348 21258 63396 24940 0 4098 30887 36335 10635 28543 14330 18367 39861 8973 118942 114507 15317 35743 26810 34489 96871 102884 29276 7892 46136 12795 106948 82798 46485 88139 92896 108727 71793 118569 27750 59226 31387 57872 83536 57152 76054 61087 104821 112058 104422 99162 75082 43740 100342 77146 52634 110602 100373 8499 42710 78058 69425 9535 87209 65948 45622 49632 90559 29263 43453 84392 15114 59632 101908 62916 49738 106499 101545 48370 10339 110852 92453 81749 61359 17946 37100 56181 74007 106948 32166 51577 31143 20550 19785 39861 15116 91385 26276
71805 16597 26386 80766 95807 82759 20797 64612 20329 128330 13091 134451 97244 26293 3699 57718 21095 51705 26313 38663 42626 17199 65297 22664 4098 0 32386 32307 10536 26911 11657 20191 39666 8584 115738 111834 19281 37015 23482 37128 94372 100705 32631 8625 46450 13192 107696 86894 44284 89401 92872 110329 73539 121350 24625 60803 27298 61567 81026 54169 73715 61328 104504 115929 103053 101831 77356 41026 97359 74608 55968 112097 97871 12425 43409 74300 72923 13472 84769 63051 42244 45684 91072 25335 44524 80303 11239 60051 103258 66970 48228 104824 99730 49108 14304 107920 90332 78152 59373 17014 38721 56386 71805 107696 30283 54101 28483 21329 15829 39666 13955 89225 26293
60035 48495 7226 50957 89056 50621 53102 34152 50823 115012 28016 106485 79487 11895 35867 44428 53479 24724 6450 60580 10572 40644 33098 26608 30887 32386 0 50844 22382 59233 43947 12577 16938 24292 112199 102326 34134 5152 35232 11661 83869 86852 18022 38597 18554 43397 76539 79779 76587 57264 64623 77948 97053 91233 33928 28418 51511 69519 71478 52814 63078 90799 77485 96438 82536 71410 97726 72835 91918 65876 32668 79754 87221 26484 13668 101003 82667 32536 74265 59419 47996 71278 60696 52954 13031 96690 34780 30599 71021 56276 33718 86554 82778 18725 32451 101398 76467 106131 47054 48828 64243 28187 60035 76539 25974 24268 60507 11716 44536 16938 22114 75778 11895
55424 27770 48633 101500 71921 98225 31844 84654 43175 107780 24736 131027 83192 39260 32982 46542 33879 56966 44859 10274 57600 15140 81305 24510 36335 32307 50844 0 33725 38963 29919 43687 46120 32973 88501 88998 51582 53140 15698 60564 73686 82451 60166 37959 54537 39857 112615 118859 45523 99161 92699 121607 96812 141226 17359 75071 9432 93286 61039 32550 55891 77031 101318 144791 91456 121367 103135 38450 72375 54872 81894 122498 76991 43885 54669 51483 103966 45772 65140 41045 18708 22623 95140 15982 57873 48425 21377 66461 112943 98024 42214 90602 84598 59475 46610 83048 73141 57604 46679 37744 63731 61828 55424 112615 28852 75086 32309 40283 19830 46120 30548 71765 39260
64217 26123 17185 72167 89893 72993 30839 55661 30575 120954 9168 124146 88623 15826 14221 49441 31359 41258 16086 42076 32347 20316 55474 15976 10635 10536 22382 33725 0 37338 21722 11141 29329 1972 110945 105329 22493 26765 20606 28835 87437 93001 26629 18335 35931 23202 97166 86004 54279 79025 82478 100149 82250 112729 20761 50678 31550 65091 74157 48899 66441 71553 94273 111266 93904 93036 85161 50459 91832 67837 49216 101840 90937 12687 32889 80656 77286 17633 77711 57408 38756 51187 80540 31632 34119 82036 13661 49523 92919 64498 39364 96148 91304 38590 18144 102198 82521 85197 51360 27539 47657 45896 64217 97166 22306 45278 38133 10931 22623 29329 5158 81500 15826
91272 13199 52941 106011 110680 109302 7828 90421 12517 145923 36224 159830 118361 52760 23368 79172 6366 77894 53222 38219 69533 29134 91934 45137 28543 26911 59233 38963 37338 0 15848 46839 65672 35366 127347 127638 34822 63920 41074 62783 111639 119592 56406 21511 72950 17604 134401 98607 18540 116312 118690 137174 58242 146357 43185 87645 29634 64893 98586 70013 92437 38591 129726 134296 125367 127182 65495 18174 111284 92215 79304 138981 115037 35285 70195 59029 72740 31329 102613 78931 56171 37084 117598 23203 71426 77575 29637 86575 130167 82978 71207 125951 120340 75897 32008 121969 109710 60527 80231 11023 27680 82709 91272 134401 53142 79896 8753 48222 21634 65672 39771 108434 52760
77527 5357 38042 92285 99110 94401 9158 76221 13689 133225 20570 144135 104067 36941 8631 64576 9670 62047 37767 33314 54060 16274 76927 29826 14330 11657 43947 29919 21722 15848 0 31845 49829 19760 117479 115710 25772 48467 27123 48673 98961 106231 43563 10123 57117 10199 118594 93591 32652 100739 102892 121842 68482 132845 28990 72338 22187 64365 85703 57601 79010 52743 114055 125353 110627 113384 73868 29456 100174 79266 66904 123557 102422 22420 54454 64762 74429 20602 89629 66625 44327 37564 101758 17797 55833 75264 14522 70740 114640 75222 56047 111673 106255 60153 21457 110858 96098 67993 65862 8474 34320 66861 77527 118594 37858 65699 16874 32653 10099 49829 23925 94889 36941
65136 36643 6208 61077 92718 62575 40988 44659 38248 121468 19081 118140 87321 12387 23527 49637 41229 35333 7588 52603 23123 31206 45134 21950 18367 20191 12577 43687 11141 46839 31845 0 24816 12799 114884 107218 23017 17571 29113 17700 88927 93256 16763 26026 29380 30819 89017 78666 64470 69833 76241 90364 85849 101657 28554 40859 42432 62415 75946 53386 67795 78391 88744 101142 91458 82004 87324 61099 95108 69891 38389 92236 92382 14294 25244 91721 75251 20465 79167 61182 45446 62171 72966 42766 25415 91466 24694 42398 83565 56174 38880 94658 90337 30733 20507 105126 82738 96328 51956 36311 52329 39433 65136 89017 25221 34220 48617 5657 33746 24816 13140 81873 12387
43189 53208 22470 58163 72470 52416 58464 41898 59895 98139 29809 94818 62975 13609 43359 27658 59403 12255 17576 56392 14984 40799 36153 22941 39861 39666 16938 46120 29329 65672 49829 24816 0 31187 95888 85436 47801 14147 31154 27815 66978 69953 34950 47656 8431 52531 69248 96299 81090 53460 53211 75732 110381 96340 29085 29501 49863 85982 54728 38653 46303 100883 64960 109584 66697 76638 112125 76037 75486 49292 46760 76824 70314 38604 9623 97599 99051 44727 57414 44104 37384 68459 52126 53285 13660 87186 36971 21382 67394 72660 17179 70185 66157 13475 44909 84753 59546 103647 30346 56610 76325 17166 43189 69248 17293 34484 64693 20084 46857 0 25962 58846 13609
65386 24202 18925 73874 90718 74887 28883 57419 28708 122108 8890 126003 90046 17732 12276 50754 29391 43161 18028 41033 34303 19125 57373 16714 8973 8584 24292 32973 1972 35366 19760 12799 31187 0 111551 106289 21769 28716 20523 30435 88480 94217 27754 16530 37869 21371 99129 86321 52335 80993 84363 102099 80735 114451 20896 52619 30316 64551 75175 49529 67541 69705 96107 112297 95454 94782 83828 48571 92577 68827 50570 103799 91982 12193 34856 79216 76607 16639 78773 58137 38974 49840 82489 30102 36088 81371 12379 51467 94885 65079 40808 97587 92682 40558 17218 102991 83755 83654 52613 25595 46070 47818 65386 99129 23459 47006 36214 12894 20966 31187 6238 82714 17732
53850 116119 115790 145311 24117 131610 120344 132424 131123 37648 103257 105274 53434 103151 117911 68496 122378 94990 110207 90229 109998 101267 122664 94974 118942 115738 112199 88501 110945 127347 117479 114884 95888 111551 0 21918 133318 110033 92258 123591 33548 39821 129521 123506 99048 126614 115928 191977 130177 119602 93303 137373 185306 173766 91192 116201 97724 176034 42146 62047 50377 164636 89262 202588 62162 157232 191326 122688 20511 46770 142124 135829 31684 123628 103751 105813 188150 128012 40740 53745 73595 97364 104485 104153 107711 68197 105044 98807 127754 168445 78710 53842 50153 103642 128665 13866 44721 113531 65721 125749 151783 96066 53850 115928 89765 128224 120051 109264 107732 95888 105828 44281 103151
42320 115345 106992 129474 17219 114585 120128 117992 129337 20547 98816 83356 33222 94937 114529 57968 122050 82039 101507 93111 98300 99544 107596 89635 114507 111834 102326 88998 105329 127638 115710 107218 85436 106289 21918 0 127759 99345 88953 113121 18459 19704 120241 120157 86937 123881 95463 181411 133504 101156 73618 117605 184188 155216 87430 101568 98428 169550 31292 58116 39453 165998 68288 187820 40956 139606 189019 126084 18091 37509 129838 115826 15167 117850 92031 116212 182199 122918 28115 49092 71590 102399 85292 104976 95695 80571 102039 84145 108185 157697 68791 32432 29577 90865 123462 10361 27580 124134 55447 124178 149721 82148 42320 95463 83137 115167 121307 101577 106664 85436 100186 27733 94937
86360 30932 26924 73122 112386 79175 32500 58771 22776 143064 30235 140617 109820 34791 19050 71256 31548 58215 30512 57509 44353 36456 62720 38431 15317 19281 34134 51582 22493 34822 25772 23017 47801 21769 133318 127759 0 39265 41723 32337 109779 114981 23720 15655 52165 17612 109897 68116 53274 89425 98742 108339 62983 112835 42410 60058 46067 42866 96538 71298 88712 58207 111488 100080 114319 94181 64325 52495 114311 90252 45203 110628 113273 9919 47673 90413 54839 5811 100030 79877 60467 63209 94590 43032 47066 99391 30431 64728 102623 49497 60789 117241 112702 52860 4981 124690 104466 93297 73342 24210 30459 62114 86360 109897 44632 48599 40445 27902 33922 47801 27651 103503 34791
57205 52856 12376 48369 86599 46615 57599 31531 55796 111424 31475 101368 75499 13940 40565 41756 58066 20074 10706 63107 5615 44005 29126 28638 35743 37015 5152 53140 26765 63920 48467 17571 14147 28716 110033 99345 39265 0 37442 13776 80896 83358 21880 43519 13935 48350 71456 82203 81042 52422 59521 73384 102152 88230 35898 23944 54590 73829 68807 51930 60373 95902 72445 96424 78163 68366 102707 77059 89632 63428 33006 75095 84194 31608 8790 103911 87014 37677 71405 57951 48479 74220 55552 56496 7889 97814 38490 25496 66249 58541 31323 82449 78878 13606 37599 98864 73068 109276 44466 53650 69394 23249 57205 71456 26539 22395 64849 15855 48413 14147 25830 72449 13940
50454 27922 33518 85803 72633 82782 33247 68958 40540 106158 11645 120617 77304 23571 25761 38146 34864 42646 29388 25748 41945 12054 65734 8821 26810 23482 35232 15698 20606 41074 27123 29113 31154 20523 92258 88953 41723 37442 0 45301 71934 79110 45861 31394 39572 34936 99292 106580 53015 84580 80722 106886 95364 125559 2307 59606 18838 84561 58640 30932 51888 79414 90546 130108 84344 105697 100092 46973 74024 52197 66772 107949 75408 32606 39259 66850 96233 36143 62538 39914 18812 37413 81876 23117 42318 62386 13087 52130 98481 84809 30964 84900 79349 44270 36866 84634 69006 72642 39157 35562 60777 47607 50454 99292 14394 59436 37264 25090 19516 31154 16322 67784 23571
70962 53724 11993 43640 100274 47108 57672 27644 52682 125058 36435 110938 88876 22974 40086 55471 57645 32944 16075 69871 15975 48811 30389 37069 34489 37128 11661 60564 28835 62783 48673 17700 27815 30435 123591 113121 32337 13776 45301 0 94672 97048 9875 41309 27062 45662 78224 68485 80949 57241 69626 76051 93404 84228 44281 28007 60001 61433 82538 64474 74109 90534 83040 85216 91034 64713 92762 78124 103241 77090 21528 78300 97970 27671 21739 109386 74637 32781 85170 71029 59318 79786 63804 60465 18986 107429 42373 36327 70307 44867 44927 95692 92328 25017 32394 112567 86794 114027 58160 51859 62644 35218 70962 78224 37402 17113 65546 20282 51400 27815 30367 86194 22974
23887 99006 88580 112424 11408 98252 103978 100296 112470 34302 81294 78474 22071 76608 97213 39535 105831 63821 83111 79017 79924 82999 90132 71934 96871 94372 83869 73686 87437 111639 98961 88927 66978 88480 33548 18459 109779 80896 71934 94672 0 11225 101792 102811 68590 106714 83356 162996 118961 86060 60226 104165 167293 140219 70264 83909 83021 151313 13346 41626 21140 150197 57745 170343 32278 123758 171712 111672 15825 19776 111593 102767 3502 99860 73648 106784 164030 105064 9768 32742 55511 89398 71112 89513 77354 74097 84966 66442 94471 139286 50368 25577 19909 72638 105580 19977 11251 114708 37048 107431 132635 64177 23887 83356 65158 97056 105829 83299 90301 66978 82319 10733 76608
28900 106711 92195 110372 21563 95140 111836 99544 119521 28229 87636 68022 13678 80870 103754 43739 113614 64877 86903 88475 81648 90614 88912 78052 102884 100705 86852 82451 93001 119592 106231 93256 69953 94217 39821 19704 114981 83358 79110 97048 11225 0 104873 109271 70230 113410 76187 164693 127947 81466 53989 98033 174115 135512 77267 83141 91635 155568 21495 49945 27224 158176 49460 168984 22636 119995 177963 120765 25638 27582 112447 96332 10012 105096 75483 117633 168490 110589 17384 41482 63908 99295 65598 98037 78879 85308 91941 65893 88559 141008 54386 14964 10349 73641 111039 26054 10525 125542 41659 114652 139318 64364 28900 76187 70760 97465 114242 87734 98042 69953 87986 11503 80870
77925 48848 13833 49777 106672 55550 52159 35054 45418 133027 35431 120807 97345 26604 34978 62286 51826 41843 19385 68705 25261 46874 39486 38604 29276 32631 18022 60166 26629 56406 43563 16763 34950 27754 129521 120241 23720 21880 45861 9875 101792 104873 0 35005 35767 38870 87943 62750 74873 66720 79446 84867 83650 89965 45314 37682 58069 52055 89269 68931 80902 81753 92813 84658 100003 70931 82890 72792 109389 83537 23360 87262 105163 21297 30503 106663 65257 25311 92149 76199 61953 77504 73669 57471 28285 108169 40133 45956 79541 39757 51497 104324 100688 34398 24759 119052 94489 110737 64861 45383 53523 44541 77925 87943 40903 24916 60222 21524 48046 34950 29717 93795 26604
80373 15296 31924 84509 103987 88041 17429 68932 12367 136834 21635 142463 105869 34103 5637 66342 16878 59503 33003 42686 49110 23060 70781 31261 7892 8625 38597 37959 18335 21511 10123 26026 47656 16530 123506 120157 15655 43519 31394 41309 102811 109271 35005 0 54022 4905 114809 83529 39886 95859 100751 116263 64924 124895 32757 66825 31306 55358 89467 62293 82237 53238 112608 115452 111639 105679 68904 37970 105418 83037 58118 118199 106307 13783 50593 74799 66074 10673 93242 71238 49911 47644 98448 27641 51273 84715 18462 67523 109582 65131 56828 113447 108353 56246 11497 116023 98915 77842 67986 10551 30103 64060 80373 114809 38908 58413 25526 28440 18946 47656 22382 97798 34103
45395 60786 25453 51057 75196 44228 65945 35360 66375 98113 37594 88805 61815 20202 50145 30674 66764 6171 21792 64810 11421 48983 28461 31268 46136 46450 18554 54537 35931 72950 57117 29380 8431 37869 99048 86937 52165 13935 39572 27062 68590 70230 35767 54022 0 58927 61516 94564 88857 45104 46927 67324 115137 88446 37513 21623 58243 87761 57152 44772 48764 107178 59371 104488 64241 68854 116153 84009 78539 52293 43144 68454 71776 43650 5324 106011 100948 49829 59368 49140 45085 76890 44657 61528 8764 94782 44828 13626 59060 70853 21602 68661 65271 5529 49886 87239 60117 112076 33474 63464 81686 10090 45395 61516 25693 29344 72450 25657 54807 8431 33209 59608 20202
84531 14419 36639 88575 107547 92566 14991 73216 7471 140832 25896 147345 110295 38992 9755 70729 13941 64400 37871 43505 53930 25494 75378 35571 12795 13192 43397 39857 23202 17604 10199 30819 52531 21371 126614 123881 17612 48350 34936 45662 106714 113410 38870 4905 58927 0 119683 84218 36140 100642 105646 120930 60705 128835 36474 71545 32376 54182 93382 65856 86297 48353 117473 117658 116218 109746 65157 34916 108841 86942 61700 122903 110202 17993 55486 73262 64262 13726 97206 74849 53098 47175 103345 27876 56126 85420 21852 72426 114334 66814 61383 117885 112719 61134 14418 119485 103103 75855 72298 6668 25933 68964 84531 119683 43351 62725 22847 33341 20167 52531 27110 101961 38992
73427 122299 83638 57047 94548 39704 127459 58539 127150 93510 99019 38662 62518 81653 111364 70397 128254 57061 81812 122594 65976 109866 49603 91839 106948 107696 76539 112615 97166 134401 118594 89017 69248 99129 115928 95463 109897 71456 99292 78224 83356 76187 87943 114809 61516 119683 0 125948 150316 22444 23766 23713 171593 64195 97041 50262 118085 135701 80827 90267 76305 167332 27708 111330 54789 54419 170412 145261 98999 80888 77913 21116 84524 103001 64296 162671 148389 108985 79617 88518 98068 135185 17475 122158 63604 142565 106211 47938 16650 105835 70826 63421 65957 58606 108837 102078 72251 169521 71874 124652 140345 52098 73427 0 84901 65205 133911 86462 116100 69248 94715 73091 81653
139396 98488 76583 69227 168757 86246 98919 69821 86347 192307 95132 164118 155351 89354 87133 123951 97480 99818 82123 125513 83156 103974 80789 100465 82798 86894 79779 118859 86004 98607 93591 78666 96299 86321 191977 181411 68116 82203 106580 68485 162996 164693 62750 83529 94564 84218 125948 0 114976 104005 127787 111258 83245 90423 106519 84424 114090 38912 151010 131672 142576 100278 141386 45777 155797 80824 74491 116669 171685 145571 52870 114750 166244 74974 89402 157211 42330 73773 153575 138905 124021 131155 117972 111118 85849 167156 97490 100019 111437 23716 113399 161606 159024 91078 72898 181052 154668 159126 126645 89992 77029 100679 139396 125948 103576 68221 106146 83961 102032 96299 90371 154172 89354
100799 28234 70654 124360 116292 127043 23494 108587 30622 152813 51297 173597 128495 68942 41001 90551 23315 93325 70362 40430 86614 41239 109577 59027 46485 44284 76587 45523 54279 18540 32652 64470 81090 52335 130177 133504 53274 81042 53015 80949 118961 127947 74873 39886 88857 36140 150316 114976 0 133131 133252 154423 61781 164780 55306 104953 36569 79211 106499 78073 101389 36112 143498 152193 136389 145521 71246 7492 116200 100378 97835 156079 122200 53663 86639 46155 85138 49866 110607 86488 64195 33369 133207 30528 88274 72547 44122 102383 147074 100679 83980 135966 130030 92303 50548 126683 118658 45789 91145 29524 39523 98256 100799 150316 66676 98052 16407 65193 34381 81090 55847 117286 68942
70358 104898 64054 35931 96363 18107 109817 36102 108044 103589 82274 60113 68269 64280 92976 62700 110384 42205 63099 109404 46808 94019 27579 76370 88139 89401 57264 99161 79025 116312 100739 69833 53460 80993 119602 101156 89425 52422 84580 57241 86060 81466 66720 95859 45104 100642 22444 104005 133131 0 29116 22529 150194 54177 82464 29382 103323 113384 80098 82129 73733 147424 40632 93088 63401 39005 148583 128691 100663 78372 55484 23369 88039 83309 46563 150422 126012 89086 80026 82615 87107 121701 16932 106598 44907 134897 89525 32742 13986 83489 59793 71523 72137 40976 88848 105896 74894 156756 64844 106065 119841 37411 70358 22444 70419 43155 116795 68105 99565 53460 77321 75328 64280
49780 105949 71818 63162 71246 45763 111301 57973 113050 74605 82516 41901 40397 66659 96567 48169 112369 41254 68670 102318 54741 92089 47029 74231 92896 92872 64623 92699 82478 118690 102892 76241 53211 84363 93303 73618 98742 59521 80722 69626 60226 53989 79446 100751 46927 105646 23766 127787 133252 29116 0 44084 161673 82059 78418 44325 99119 130534 57083 67759 52590 153983 13735 121588 34464 68066 162015 127586 75682 57154 75865 42553 61665 90534 51092 141392 143655 96706 55975 65289 76795 114951 12227 103838 51862 119456 89419 34026 34571 105533 50494 42790 44114 45917 96733 79442 49011 148505 49312 109819 128570 36838 49780 23766 66631 61012 117006 72542 98893 53211 79141 49752 66659
90940 126218 84348 42801 115018 29577 130981 50798 128216 116877 104035 59358 84396 85952 113812 84609 131415 64690 84076 131862 67811 116015 45698 98557 108727 110329 77948 121607 100149 137174 121842 90364 75732 102099 137373 117605 108339 73384 106886 76051 104165 98033 84867 116263 67324 120930 23713 111258 154423 22529 44084 0 166928 40586 104801 49530 125558 127073 99830 104256 94162 166541 51046 90670 77538 33400 164185 150284 119424 98826 69237 3617 105711 103199 68342 172921 139015 108689 99238 104225 109605 144110 33232 128625 66253 157084 111259 55252 9853 93723 82235 86118 88038 62902 108357 123516 92919 179211 86612 126658 138387 59927 90940 23713 92815 60081 138193 89231 121299 75732 98849 93575 85952
145234 69248 89874 126819 167574 137366 64976 116134 54858 201481 86533 203509 170718 96957 70381 131244 62933 121161 93413 96382 107060 84698 122692 96181 71793 73539 97053 96812 82250 58242 68482 85849 110381 80735 185306 184188 62983 102152 95364 93404 167293 174115 83650 64924 115137 60705 171593 83245 61781 150194 161673 166928 0 161886 97041 121331 87677 46010 153984 126074 146992 27744 174471 128539 176150 146082 11558 68114 168548 147541 98174 169648 170770 71781 110644 106831 41334 65657 157846 135098 112756 93351 157020 81369 109866 133735 82332 127647 162574 82289 121530 178279 173255 115758 65476 179244 163800 104773 132910 60022 34822 125097 145234 171593 103798 107323 66243 90297 77785 110381 86909 162664 96957
123465 137942 95544 40595 150410 44776 141755 57137 135261 156366 119242 98973 122159 102169 124228 113677 141592 88477 97632 151291 83627 131872 60209 116739 118569 121350 91233 141226 112729 146357 132845 101657 96340 114451 173766 155216 112835 88230 125559 84228 140219 135512 89965 124895 88446 128835 64195 90423 164780 54177 82059 40586 161886 0 123881 66863 142712 117202 133771 131739 126945 168242 90937 57109 116436 19866 156476 162298 154670 131509 67699 43624 142216 111117 87026 192130 126871 115224 133949 133901 133531 162421 70043 144084 83506 183163 125864 80522 48372 80422 108178 124840 125974 82998 114627 160072 129067 197362 116148 135335 139674 84812 123465 64195 113214 67451 149705 102805 135340 96340 113287 129486 102169
48536 30008 32637 84262 71237 80916 35361 67429 42281 104442 12175 118317 75247 22138 27121 35993 36942 40466 28265 27538 40255 14268 63949 7322 27750 24625 33928 17359 20761 43185 28990 28554 29085 20896 91192 87430 42410 35898 2307 44281 70264 77267 45314 32757 37513 36474 97041 106519 55306 82464 78418 104801 97041 123881 0 57748 21056 85277 56945 29559 50058 81442 88244 129287 82194 104025 101590 49279 72737 50502 65796 105833 73747 33075 37364 68719 97093 36929 60808 38483 18087 39393 79618 25420 40518 63194 14712 49960 96349 84527 28675 82847 77339 42289 37622 83310 67110 74609 37066 37388 62377 45418 48536 97041 12166 58037 39516 24218 21688 29085 16150 65905 22138
62564 76789 34907 30052 92085 23177 81486 16426 78895 109582 55140 84251 72277 37126 64282 49687 81893 22623 34592 85285 18458 67483 6951 50881 59226 60803 28418 75071 50678 87645 72338 40859 29501 52619 116201 101568 60058 23944 59606 28007 83909 83141 37682 66825 21623 71545 50262 84424 104953 29382 44325 49530 121331 66863 57748 0 77672 86796 74109 65892 66111 118047 58058 86462 71641 47233 120294 100999 95845 70206 31784 51380 86743 54022 20409 126453 99802 59737 75550 69373 66691 96965 36645 80071 17383 116405 62269 17468 42834 61577 42305 77961 76114 16141 59486 103517 74001 132181 52414 77168 90493 20294 62564 50262 46564 16696 88788 39792 72253 29501 49677 73851 37126
64234 19148 48041 102457 81353 100806 22736 85664 34764 117160 23641 138346 91927 40731 27021 54357 24802 61477 45172 11443 59552 11239 83512 27011 31387 27298 51511 9432 31550 29634 22187 42432 49863 30316 97724 98428 46067 54590 18838 60001 83021 91635 58069 31306 58243 32376 118085 114090 36569 103323 99119 125558 87677 142712 21056 77672 0 86464 70280 41690 64885 67600 108420 142510 99907 122867 94281 29743 81791 64056 80749 126686 86344 39605 57539 49517 96612 40339 74371 50325 27736 19814 100651 6550 60290 53429 17937 70954 117249 94221 48810 99397 93472 62756 41210 92457 82184 54686 54775 29363 55074 66441 64234 118085 33220 75645 22883 40130 12366 49863 29706 80829 40731
127549 68343 63522 85001 154666 98168 67212 77466 53789 183796 73102 171046 148928 74785 60352 112042 65417 93872 68691 97679 77269 78249 86183 81060 57872 61567 69519 93286 65091 64893 64365 62415 85982 64551 176034 169550 42866 73829 84561 61433 151313 155568 52055 55358 87761 54182 135701 38912 79211 113384 130534 127073 46010 117202 85277 86796 86464 0 138258 113988 130174 61383 144125 83033 151989 102696 39330 82130 156784 132115 58182 130136 154776 52415 82533 123791 13207 48426 141548 122422 103329 100616 123424 82022 80297 139590 72796 97742 124266 36844 101256 156054 152139 86390 47696 167035 145066 124646 114371 58504 39878 96566 127549 135701 86663 70687 73273 68022 74129 85982 70206 144234 74785
11764 85859 75871 103447 18090 90463 90886 90290 99179 47523 67949 82283 26010 63695 83870 27073 92714 52889 70353 66988 68292 69813 80640 58602 83536 81026 71478 61039 74157 98586 85703 75946 54728 75175 42146 31292 96538 68807 58640 82538 13346 21495 89269 89467 57152 93382 80827 151010 106499 80098 57083 99830 153984 133771 56945 74109 70280 138258 0 28643 8436 137171 57724 160449 36309 116386 158366 99294 21736 6443 100296 98860 16845 86622 62012 97375 150912 91774 4112 20011 42607 77917 66634 76722 65880 67365 71652 56773 89990 127342 37779 32199 25837 61593 92300 30111 13503 105221 24425 94168 119307 53930 11764 80827 51906 86173 92986 70301 77159 54728 69028 12014 63695
23358 57416 55104 95752 41702 86964 62356 80092 71222 75919 41394 102208 51058 42339 56655 19906 64218 43436 49599 39396 53633 41482 72840 32928 57152 54169 52814 32550 48899 70013 57601 53386 38653 49529 62047 58116 71298 51930 30932 64474 41626 49945 68931 62293 44772 65856 90267 131672 78073 82129 67759 104256 126074 131739 29559 65892 41690 113988 28643 0 23431 108578 73694 148186 59901 112611 131013 70966 43198 22369 84932 104279 45033 61583 48042 74540 126136 66057 32714 9024 13971 51187 73405 48101 52179 52834 44006 51285 94693 108580 23637 58333 52222 50246 66690 53753 40607 82006 18455 66071 91635 46928 23358 90267 28181 73134 64346 47878 48712 38653 43783 39222 42339
3563 79513 67562 95662 26432 83184 84664 82191 92328 54624 60625 81601 27802 55492 76684 18654 86425 44614 62064 62754 59872 63413 72728 51129 76054 73715 63078 55891 66441 92437 79010 67795 46303 67541 50377 39453 88712 60373 51888 74109 21140 27224 80902 82237 48764 86297 76305 142576 101389 73733 52590 94162 146992 126945 50058 66111 64885 130174 8436 23431 0 131007 55105 152319 37178 109201 151058 94339 29882 4664 91902 93423 24612 78794 53594 95766 142893 84074 11374 16121 37195 74294 61199 71193 57479 68352 64746 48895 84311 118907 29405 34949 28797 53272 84572 38540 17323 103484 16041 87436 112225 45857 3563 76305 44137 77856 87284 62164 70857 46303 61348 16008 55492
129784 51533 83699 129969 148949 137302 46343 116626 41009 184466 73059 195698 156685 87341 57680 117280 44600 112730 85772 74434 101356 67622 120922 82521 61087 61328 90799 77031 71553 38591 52743 78391 100883 69705 164636 165998 58207 95902 79414 90534 150197 158176 81753 53238 107178 48353 167332 100278 36112 147424 153983 166541 27744 168242 81442 118047 67600 61383 137171 108578 131007 0 165809 143283 163369 150591 38745 43178 149359 130804 101124 168833 153584 64332 103515 79617 61982 58393 141201 117469 94697 69184 151345 61050 103781 108645 67253 120585 160762 93070 108742 164287 158763 109088 58593 160007 148261 77204 118487 44808 28657 117245 129784 167332 90539 106663 44778 81526 60154 100883 75265 146995 87341
52942 116774 84621 75883 69138 58195 122177 71567 124802 65853 93515 30127 36005 78555 108175 55202 123369 53444 81157 110496 67878 102267 60688 84764 104821 104504 77485 101318 94273 129726 114055 88744 64960 96107 89262 68288 111488 72445 90546 83040 57745 49460 92813 112608 59371 117473 27708 141386 143498 40632 13735 51046 174471 90937 88244 58058 108420 144125 57724 73694 55105 165809 0 133715 27356 78745 175125 137508 73569 59304 89587 48723 58431 102991 63845 148186 157265 109171 55695 69672 84302 123040 24124 113542 64941 123392 100185 47037 42565 119231 59666 35965 39114 58900 109246 75513 47123 155559 55730 121304 141001 49375 52942 27708 76909 74747 127451 84736 109329 64960 90616 48195 78555
148801 130672 96650 58942 178483 75834 132580 70165 121804 194225 120072 149497 157218 108148 117412 134993 131596 107833 101273 153324 94609 131401 80238 122183 112058 115929 96438 144791 111266 134296 125353 101142 109584 112297 202588 187820 100080 96424 130108 85216 170343 168984 84658 115452 104488 117658 111330 45777 152193 93088 121588 90670 128539 57109 129287 86462 142510 83033 160449 148186 152319 143283 133715 0 154589 57342 120166 152336 182165 156237 63777 94252 173125 103560 100452 190036 88033 104797 161998 153482 144432 161579 109763 141261 96310 192473 124631 103924 94800 51613 125979 161981 161140 99447 103960 189979 160245 193295 137788 124163 117479 106522 148801 111330 122409 75247 140505 105071 131751 109584 114262 160171 108148
36575 112174 88936 95672 43554 79051 117549 87422 123032 40189 90526 46440 10519 79553 106482 46201 119090 58170 84266 99194 75061 96382 76321 80929 104422 103053 82536 91456 93904 125367 110627 91458 66697 95454 62162 40956 114319 78163 84344 91034 32278 22636 100003 111639 64241 116218 54789 155797 136389 63401 34464 77538 176150 116436 82194 71641 99907 151989 36309 59901 37178 163369 27356 154589 0 102406 178575 129648 47849 40145 102927 75505 32242 104813 69503 132882 165165 110776 33128 53289 72924 111087 46657 105867 72061 103653 96118 55919 68462 132517 54837 8633 12467 66126 111064 48552 23309 140628 45310 118698 141522 55975 36575 54789 72968 87577 121351 86418 103860 66697 89339 24703 79553
105673 118428 75860 21172 133512 26064 122358 37381 116345 142594 99425 92221 107024 82305 104788 95030 122265 69205 77822 131427 63770 112054 40485 96876 99162 101831 71410 121367 93036 127182 113384 82004 76638 94782 157232 139606 94181 68366 105697 64713 123758 119995 70931 105679 68854 109746 54419 80824 145521 39005 68066 33400 146082 19866 104025 47233 122867 102696 116386 112611 109201 150591 78745 57342 102406 0 141538 142837 137668 113681 49484 37004 125992 91898 67260 172270 113395 96243 116888 115200 113920 142564 55841 124305 63691 163634 106090 61659 37774 66699 88986 110504 110922 63371 95683 143725 112782 177528 97583 116174 121938 65781 105673 54419 93422 47786 130257 83012 115625 76638 93487 113066 82305
149078 75366 90702 123044 172699 134778 71593 113613 60205 205680 90446 203617 173733 99026 74514 134581 69515 122279 94751 103665 107284 90124 121005 99941 75082 77356 97726 103135 85161 65495 73868 87324 112125 83828 191326 189019 64325 102707 100092 92762 171712 177963 82890 68904 116153 65157 170412 74491 71246 148583 162015 164185 11558 156476 101590 120294 94281 39330 158366 131013 151058 38745 175125 120166 178575 141538 0 77149 173933 151939 94979 167060 175208 73766 111394 116899 32162 67858 162123 140006 118103 101701 156555 88199 110195 142299 87009 128096 160452 76172 124486 181227 176458 116225 67535 184596 167535 115212 136426 65579 39548 125913 149078 170412 107238 105440 73899 92185 83611 112125 90066 166466 99026
93846 24459 67306 121741 108869 123452 20634 105638 30673 145455 46454 167557 121590 64415 38071 84020 21116 88200 66484 32983 82560 35536 105932 53541 43740 41026 72835 38450 50459 18174 29456 61099 76037 48571 122688 126084 52495 77059 46973 78124 111672 120765 72792 37970 84009 34916 145261 116669 7492 128691 127586 150284 68114 162298 49279 100999 29743 82130 99294 70966 94339 43178 137508 152336 129648 142837 77149 0 108742 93218 96037 151808 114891 51502 82128 41812 88979 48440 103405 79286 57157 26044 128025 24030 84030 65733 39202 97410 142669 101108 77867 129027 123043 87733 49196 119214 111572 42613 84502 28285 43167 93165 93846 145261 60960 95127 12597 61236 29202 76037 51436 110188 64415
33374 99368 95729 125139 4453 111861 103943 112013 113862 38592 84579 93658 37826 83186 99785 48013 105917 74496 90152 75771 89509 83904 102370 75880 100342 97359 91918 72375 91832 111284 100174 95108 75486 92577 20511 18091 114311 89632 74024 103241 15825 25638 109389 105418 78539 108841 98999 171685 116200 100663 75682 119424 168548 154670 72737 95845 81791 156784 21736 43198 29882 149359 73569 182165 47849 137668 173933 108742 0 26275 121625 118145 15674 104505 83257 98172 169114 109171 20780 34440 55851 84633 86245 88332 87207 62977 87037 78503 109666 148107 58321 40590 35388 83135 109782 10699 26749 106101 45247 108586 134437 75655 33374 98999 70183 107717 104584 89462 90772 75486 86680 25934 83186
8046 79455 70025 99889 23187 87646 84501 86176 92737 53963 61536 85272 30291 57710 77438 21741 86319 48422 64479 61131 63234 63397 76886 52222 77146 74608 65876 54872 67837 92215 79266 69891 49292 68827 46770 37509 90252 63428 52197 77090 19776 27582 83537 83037 52293 86942 80888 145571 100378 78372 57154 98826 147541 131509 50502 70206 64056 132115 6443 22369 4664 130804 59304 156237 40145 113681 151939 93218 26275 0 95354 98082 23270 80342 56983 92793 144717 85441 10399 14022 36339 72319 65855 70470 60942 64379 65209 53108 88975 121950 32175 37057 30748 56973 85976 35526 18627 100574 18984 87730 112866 49918 8046 80888 45628 81533 86701 64237 70758 49292 62699 17176 57710
88539 72201 33283 28973 118330 40028 75411 19389 67808 139757 57456 114455 102646 44382 58333 73639 74992 47799 37600 90984 32154 69510 29159 58596 52634 55968 32668 81894 49216 79304 66904 38389 46760 50570 142124 129838 45203 33006 66772 21528 111593 112447 23360 58118 43144 61700 77913 52870 97835 55484 75865 69237 98174 67699 65796 31784 80749 58182 100296 84932 91902 101124 89587 63777 102927 49484 94979 96037 121625 95354 0 72179 114712 44555 38376 129762 70606 47979 102476 90847 80657 100396 67078 80583 34426 128956 62874 47194 66085 29795 63753 108790 106366 38973 47320 130381 102660 133997 76424 68315 72468 48119 88539 77913 58642 15352 83495 41692 71232 46760 51451 102275 44382
90261 127852 86276 46131 113723 32305 132678 53532 130227 114572 105460 55928 82666 87408 115613 84524 133161 65532 85800 132732 69497 117314 47911 99722 110602 112097 79754 122498 101840 138981 123557 92236 76824 103799 135829 115826 110628 75095 107949 78300 102767 96332 87262 118199 68454 122903 21116 114750 156079 23369 42553 3617 169648 43624 105833 51380 126686 130136 98860 104279 93423 168833 48723 94252 75505 37004 167060 151808 118145 98082 72179 0 104212 105260 69730 173695 142155 110826 98126 103935 110061 145054 32252 129907 67818 157108 112701 56043 9647 97030 82609 84114 86250 64210 110516 121964 91539 180081 86442 128546 140780 60694 90261 21116 93781 62585 139800 90910 122745 76824 100380 92243 87408
27299 102433 91988 115039 11551 100621 107390 103150 115941 30886 84794 77998 22454 80055 100707 42938 109249 66919 86530 82170 83135 86440 92890 75436 100373 97871 87221 76991 90937 115037 102422 92382 70314 91982 31684 15167 113273 84194 75408 97970 3502 10012 105163 106307 71776 110202 84524 166244 122200 88039 61665 105711 170770 142216 73747 86743 86344 154776 16845 45033 24612 153584 58431 173125 32242 125992 175208 114891 15674 23270 114712 104212 0 103355 76865 109270 167504 108564 13249 36116 58889 92409 72802 92847 80536 76011 88446 69285 96076 142531 53776 24928 19776 75743 109080 17875 13211 117204 40476 110893 136121 67142 27299 84524 68656 100100 109172 86758 93728 70314 85820 13028 80055
76450 27759 19369 70728 102532 74642 30869 55232 25070 133162 20972 132431 100102 25283 13999 61385 30536 49552 21866 50887 37028 29066 57553 28663 8499 12425 26484 43885 12687 35285 22420 14294 38604 12193 123628 117850 9919 31608 32606 27671 99860 105096 21297 13783 43650 17993 103001 74974 53663 83309 90534 103199 71781 111117 33075 54022 39605 52415 86622 61583 78794 64332 102991 103560 104813 91898 73766 51502 104505 80342 44555 105260 103355 0 39526 86549 64609 6180 90111 70088 51159 58099 87145 37738 39497 92215 22517 56682 96855 54615 50976 107553 102936 44971 6305 114852 94585 90179 63447 24287 38040 53716 76450 103001 34718 44735 38944 18526 28242 38604 17827 93612 25283
50279 58429 20777 48559 80003 43557 63445 32282 62956 103402 35732 92988 67138 17720 47071 35263 64125 11340 17751 64894 6285 47695 26826 30600 42710 43409 13668 54669 32889 70195 54454 25244 9623 34856 103751 92031 47673 8790 39259 21739 73648 75483 30503 50593 5324 55486 64296 89402 86639 46563 51092 68342 110644 87026 37364 20409 57539 82533 62012 48042 53594 103515 63845 100452 69503 67260 111394 82128 83257 56983 38376 69730 76865 39526 0 106082 95727 45680 64342 53033 46950 76660 47868 60313 4149 96751 42976 17156 60541 65686 25581 73979 70592 5702 45677 92122 65329 111889 38048 60356 77527 14520 50279 64296 26206 25210 70273 22178 53020 9623 30794 64795 17720
96830 59504 97475 151959 99998 149627 58359 135150 70947 136751 73147 176667 123064 89981 72631 93340 59738 108231 94684 41216 108683 60602 132559 75613 78058 74300 101003 51483 80656 59029 64762 91721 97599 79216 105813 116212 90413 103911 66850 109386 106784 117633 106663 74799 106011 73262 162671 157211 46155 150422 141392 172921 106831 192130 68719 126453 49517 123791 97375 74540 95766 79617 148186 190036 132882 172270 116899 41812 98172 92793 129762 173695 109270 86549 106082 0 130780 85364 101171 79760 64669 29725 145280 49195 109161 38048 67028 117681 164095 139910 91875 129567 123205 110953 86218 107115 110873 7942 92530 67247 84963 113014 96830 162671 80319 125162 51094 89644 58628 97599 79201 109383 89981
140330 77933 76581 96575 167109 110421 76120 89976 62711 196710 84950 184029 162019 87637 71344 124883 74196 107064 81685 107581 90476 89131 98982 93254 69425 72923 82667 103966 77286 72740 74429 75251 99051 76607 188150 182199 54839 87014 96233 74637 164030 168490 65257 66074 100948 64262 148389 42330 85138 126012 143655 139015 41334 126871 97093 99802 96612 13207 150912 126136 142893 61982 157265 88033 165165 113395 32162 88979 169114 144717 70606 142155 167504 64609 95727 130780 0 60171 154262 134694 115044 109403 136397 91721 93504 149149 84057 110940 136583 46740 114129 169172 165203 99598 59499 179446 157977 130925 127169 67792 45817 109773 140330 148389 99150 83565 81397 80819 84423 99051 82435 157122 87637
81836 25887 25364 75087 107348 79888 28033 60045 20116 138574 24779 138605 105897 31326 13365 66953 27328 55731 28043 51777 43043 30646 62994 33347 9535 13472 32536 45772 17633 31329 20602 20465 44727 16639 128012 122918 5811 37677 36143 32781 105064 110589 25311 10673 49829 13726 108985 73773 49866 89086 96706 108689 65657 115224 36929 59737 40339 48426 91774 66057 84074 58393 109171 104797 110776 96243 67858 48440 109171 85441 47979 110826 108564 6180 45680 85364 60171 0 95341 74732 54932 57770 93229 37499 45566 93617 24641 62836 102540 54681 56684 113377 108673 51099 877 119608 100096 88501 68933 20369 31864 59894 81836 108985 39938 49641 36105 24643 28276 44727 22746 99092 31326
14230 89852 78877 104571 16688 91093 94900 91845 103071 43634 71681 79381 22682 66857 87659 29864 96718 54831 73395 71094 70627 73790 81955 62269 87209 84769 74265 65140 77711 102613 89629 79167 57414 78773 40740 28115 100030 71405 62538 85170 9768 17384 92149 93242 59368 97206 79617 153575 110607 80026 55975 99238 157846 133949 60808 75550 74371 141548 4112 32714 11374 141201 55695 161998 33128 116888 162123 103405 20780 10399 102476 98126 13249 90111 64342 101171 154262 95341 0 24121 46683 81988 66006 80807 68126 70579 75520 58118 89428 129879 40679 28507 22162 63608 95851 28037 9918 109035 27332 98087 123137 55536 14230 79617 55421 88136 97060 73537 81156 57414 72600 8464 66857
17110 66401 62384 99423 32758 89247 71305 84388 80245 66998 50183 97169 43864 49647 65601 20226 73182 46760 56815 47109 58967 50496 76296 41446 65948 63051 59419 41045 57408 78931 66625 61182 44104 58137 53745 49092 79877 57951 39914 71029 32742 41482 76199 71238 49140 74849 88518 138905 86488 82615 65289 104225 135098 133901 38483 69373 50325 122422 20011 9024 16121 117469 69672 153482 53289 115200 140006 79286 34440 14022 90847 103935 36116 70088 53033 79760 134694 74732 24121 0 22773 58360 72264 56796 57173 54174 52998 53543 94486 115594 27544 50870 44617 54418 75342 44905 32621 87440 17837 75095 100648 49547 17110 88518 36023 78235 73098 55584 57699 44104 52261 31182 49647
36732 43755 48516 95498 54827 89162 48577 79047 58013 89769 30246 113599 64512 36345 44320 29100 50477 45665 43423 26485 51535 28065 73459 23556 45622 42244 47996 18708 38756 56171 44327 45446 37384 38974 73595 71590 60467 48479 18812 59318 55511 63908 61953 49911 45085 53098 98068 124021 64195 87107 76795 109605 112756 133531 18087 66691 27736 103329 42607 13971 37195 94697 84302 144432 72924 113920 118103 57157 55851 36339 80657 110061 58889 51159 46950 64669 115044 54932 46683 22773 0 38840 80735 34131 50834 49803 31449 54698 100415 101606 27499 71903 65890 50550 55644 66532 54469 71712 28773 52753 78590 50042 36732 98068 22045 70763 50380 40431 35079 37384 33940 53105 36345
74526 32765 67840 122234 85239 120139 33414 105425 46864 122321 43455 152435 102088 60302 44543 67876 35262 79535 64964 12636 79052 30976 102972 46084 49632 45684 71278 22623 51187 37084 37564 62171 68459 49840 97364 102399 63209 74220 37413 79786 89398 99295 77504 47644 76890 47175 135185 131155 33369 121701 114951 144110 93351 162421 39393 96965 19814 100616 77917 51187 74294 69184 123040 161579 111087 142564 101701 26044 84633 72319 100396 145054 92409 58099 76660 29725 109403 57770 81988 58360 38840 0 117713 20372 79621 40637 37527 89037 135517 112387 64577 109206 102973 81674 58644 94851 90946 35230 67612 42148 64765 84417 74526 135185 51296 95446 28336 59941 29857 68459 49519 89492 60302
58077 105308 67898 51759 81853 34090 110526 48364 110814 86820 81935 47632 52146 64859 94761 53500 111392 39882 65581 105125 50264 92567 37919 74531 90559 91072 60696 95140 80540 117598 101758 72966 52126 82489 104485 85292 94590 55552 81876 63804 71112 65598 73669 98448 44657 103345 17475 117972 133207 16932 12227 33232 157020 70043 79618 36645 100651 123424 66634 73405 61199 151345 24124 109763 46657 55841 156555 128025 86245 65855 67078 32252 72802 87145 47868 145280 136397 93229 66006 72264 80735 117713 0 104797 47665 126007 89085 31033 23430 96336 53409 54916 55942 42259 93147 90664 59862 152091 55155 108078 124900 34965 58077 17475 67494 52905 116814 70011 98912 52126 77835 60462 64859
70443 13789 48698 103609 87903 103057 16621 86948 29283 123676 25023 143565 98064 42946 24205 60052 18702 65221 46514 15923 61711 12618 85611 30383 29263 25335 52954 15982 31632 23203 17797 42766 53285 30102 104153 104976 43032 56496 23117 60465 89513 98037 57471 27641 61528 27876 122158 111118 30528 106598 103838 128625 81369 144084 25420 80071 6550 82022 76722 48101 71193 61050 113542 141261 105867 124305 88199 24030 88332 70470 80583 129907 92847 37738 60313 49195 91721 37499 80807 56796 34131 20372 104797 0 62740 57572 18221 74607 120571 92043 53880 105564 99691 65725 38375 98995 88508 53565 60618 23999 49224 70203 70443 122158 37360 76702 16343 41297 9511 53285 30840 87165 42946
54129 60041 20241 44677 83906 40530 64918 28264 63584 106674 37883 93645 70149 19808 48125 39254 65477 14130 18293 68044 3028 50137 23432 33552 43453 44524 13031 57873 34119 71426 55833 25415 13660 36088 107711 95695 47066 7889 42318 18986 77354 78879 28285 51273 8764 56126 63604 85849 88274 44907 51862 66253 109866 83506 40518 17383 60290 80297 65880 52179 57479 103781 64941 96310 72061 63691 110195 84030 87207 60942 34426 67818 80536 39497 4149 109161 93504 45566 68126 57173 50834 79621 47665 62740 0 100613 45067 17904 58815 62145 29700 76849 73675 6119 45483 95977 68819 114826 42046 61302 77262 16269 54129 63604 29748 21065 71983 23205 55091 13660 32597 68332 19808
70462 71302 95829 145288 65546 138593 73117 128775 86455 101021 72926 149539 93256 84798 80392 72623 75098 94837 91364 42030 101209 63182 123215 70360 84392 80303 96690 48425 82036 77575 75264 91466 87186 81371 68197 80571 99391 97814 62386 107429 74097 85308 108169 84715 94782 85420 142565 167156 72547 134897 119456 157084 133735 183163 63194 116405 53429 139590 67365 52834 68352 108645 123392 192473 103653 163634 142299 65733 62977 64379 128956 157108 76011 92215 96751 38048 149149 93617 70579 54174 49803 40637 126007 57572 100613 0 69711 103410 147526 146444 75494 98797 92551 100278 94479 70886 80487 45548 70855 81365 105213 98867 70462 142565 71302 120204 68865 87403 65771 87186 78462 79042 84798
63154 16589 30525 85391 85701 85105 21998 68728 27582 119153 7254 130306 89557 25307 12883 50055 23273 49203 28332 28763 43827 6774 67611 15500 15114 11239 34780 21377 13661 29637 14522 24694 36971 12379 105044 102039 30431 38490 13087 42373 84966 91941 40133 18462 44828 21852 106211 97490 44122 89525 89419 111259 82332 125864 14712 62269 17937 72796 71652 44006 64746 67253 100185 124631 96118 106090 87009 39202 87037 65209 62874 112701 88446 22517 42976 67028 84057 24641 75520 52998 31449 37527 89085 18221 45067 69711 0 58294 103508 76878 41636 97163 91773 48552 25452 97666 81739 71699 51358 22783 47698 54136 63154 106211 23512 58487 27734 23094 10044 36971 12686 80552 25307
45335 74369 37803 46781 74692 35766 79550 33865 79888 92732 51089 75889 55512 33826 63742 33406 80384 9506 34880 76689 20849 62164 23867 44225 59632 60051 30599 66461 49523 86575 70740 42398 21382 51467 98807 84145 64728 25496 52130 36327 66442 65893 45956 67523 13626 72426 47938 100019 102383 32742 34026 55252 127647 80522 49960 17468 70954 97742 56773 51285 48895 120585 47037 103924 55919 61659 128096 97410 78503 53108 47194 56043 69285 56682 17156 117681 110940 62836 58118 53543 54698 89037 31033 74607 17904 103410 58294 0 46483 76629 27926 61597 59275 11895 62828 86061 56596 124038 36010 77061 94678 4682 45335 47938 37832 31912 85977 39092 68220 21382 46826 56417 33826
81094 118840 77702 42210 105268 26182 123733 46926 121707 108139 96258 54802 74963 78255 106813 74973 124274 55983 76945 123167 60635 107997 40057 90320 101908 103258 71021 112943 92919 130167 114640 83565 67394 94885 127754 108185 102623 66249 98481 70307 94471 88559 79541 109582 59060 114334 16650 111437 147074 13986 34571 9853 162574 48372 96349 42834 117249 124266 89990 94693 84311 160762 42565 94800 68462 37774 160452 142669 109666 88975 66085 9647 96076 96855 60541 164095 136583 102540 89428 94486 100415 135517 23430 120571 58815 147526 103508 46483 0 92442 72963 76985 78656 54962 102269 113908 83221 170510 76928 119848 132941 51120 81094 16650 84269 55252 130751 81991 113549 67394 91284 83851 78255
115710 80424 53518 50924 145130 66450 81805 47990 70462 168677 73662 143298 131802 66255 67845 100296 80668 76141 58985 105483 59442 83564 58578 78121 62916 66970 56276 98024 64498 82978 75222 56174 72660 65079 168445 157697 49497 58541 84809 44867 139286 141008 39757 65131 70853 66814 105835 23716 100679 83489 105533 93723 82289 80422 84527 61577 94221 36844 127342 108580 118907 93070 119231 51613 132517 66699 76172 101108 148107 121950 29795 97030 142531 54615 65686 139910 46740 54681 129879 115594 101606 112387 96336 92043 62145 146444 76878 76629 92442 0 89793 138149 135448 67426 53813 157405 130963 142669 103002 73159 66248 77115 115710 105835 80646 45074 89567 61235 82648 72660 68488 130461 66255
26481 58040 38213 72255 55362 63419 63464 56912 68213 82589 35733 89690 49260 26493 51646 10840 64860 19799 32764 51945 31650 42860 49255 26226 49738 48228 33718 42214 39364 71207 56047 38880 17179 40808 78710 68791 60789 31323 30964 44927 50368 54386 51497 56828 21602 61383 70826 113399 83980 59793 50494 82235 121530 108178 28675 42305 48810 101256 37779 23637 29405 108742 59666 125979 54837 88986 124486 77867 58321 32175 63753 82609 53776 50976 25581 91875 114129 56684 40679 27544 27499 64577 53409 53880 29700 75494 41636 27926 72963 89793 0 56785 51989 26933 57067 67686 43864 98694 13364 63970 86800 23435 26481 70826 18203 50739 68134 33349 50127 17179 34622 42993 26493
35181 112821 92633 103041 36457 86738 118125 94021 124466 32294 92014 53070 7606 82486 108131 47181 119763 62760 87710 97699 79797 96824 83007 82341 106499 104824 86554 90602 96148 125951 111673 94658 70185 97587 53842 32432 117241 82449 84900 95692 25577 14964 104324 113447 68661 117885 63421 161606 135966 71523 42790 86118 178279 124840 82847 77961 99397 156054 32199 58333 34949 164287 35965 161981 8633 110504 181227 129027 40590 37057 108790 84114 24928 107553 73979 129567 169172 113377 28507 50870 71903 109206 54916 105564 76849 98797 97163 61597 76985 138149 56785 0 6362 71092 113725 40383 18696 137403 45812 119913 143506 61116 35181 63421 74545 93485 121402 89409 104328 70185 91386 20186 82486
29248 107250 88623 102291 31110 86512 112520 92381 119188 33476 86824 58580 3934 78060 102975 42012 114192 59545 83562 91542 76567 91206 81513 77148 101545 99730 82778 84598 91304 120340 106255 90337 66157 92682 50153 29577 112702 78878 79349 92328 19909 10349 100688 108353 65271 112719 65957 159024 130030 72137 44114 88038 173255 125974 77339 76114 93472 152139 25837 52222 28797 158763 39114 161140 12467 110922 176458 123043 35388 30748 106366 86250 19776 102936 70592 123205 165203 108673 22162 44617 65890 102973 55942 99691 73675 92551 91773 59275 78656 135448 51989 6362 0 68095 109051 36402 12334 131043 40449 114551 138447 58345 29248 65957 69457 91161 115617 84987 98706 66157 86457 13824 78060
49834 64103 25943 45542 79678 38942 69134 29980 68605 101253 41300 87763 64509 23363 52767 35550 69823 8826 23322 69737 9138 53119 22945 35750 48370 49108 18725 59475 38590 75897 60153 30733 13475 40558 103642 90865 52860 13606 44270 25017 72638 73641 34398 56246 5529 61134 58606 91078 92303 40976 45917 62902 115758 82998 42289 16141 62756 86390 61593 50246 53272 109088 58900 99447 66126 63371 116225 87733 83135 56973 38973 64210 75743 44971 5702 110953 99598 51099 63608 54418 50550 81674 42259 65725 6119 100278 48552 11895 54962 67426 26933 71092 68095 0 51062 91592 63735 116897 38348 66047 82901 10202 49834 58606 30722 24584 75927 27857 58590 13475 36457 63321 23363
82310 26734 25255 74534 107936 79500 28824 59574 20662 139046 25459 138634 106255 31565 14241 67378 28091 55817 28094 52646 42927 31488 62660 33932 10339 14304 32451 46610 18144 32008 21457 20507 44909 17218 128665 123462 4981 37599 36866 32394 105580 111039 24759 11497 49886 14418 108837 72898 50548 88848 96733 108357 65476 114627 37622 59486 41210 47696 92300 66690 84572 58593 109246 103960 111064 95683 67535 49196 109782 85976 47320 110516 109080 6305 45677 86218 59499 877 95851 75342 55644 58644 93147 38375 45483 94479 25452 62828 102269 53813 57067 113725 109051 51062 0 120206 100541 89335 69381 21075 31850 59938 82310 108837 40436 49193 36887 24829 29152 44909 23277 99544 31565
41849 110067 105496 132286 12410 118228 114638 119845 124545 30219 95087 92561 39611 93073 110388 57109 116614 82836 99935 86270 98403 94591 109849 86279 110852 107920 101398 83048 102198 121969 110858 105126 84753 102991 13866 10361 124690 98864 84634 112567 19977 26054 119052 116023 87239 119485 102078 181052 126683 105896 79442 123516 179244 160072 83310 103517 92457 167035 30111 53753 38540 160007 75513 189979 48552 143725 184596 119214 10699 35526 130381 121964 17875 114852 92122 107115 179446 119608 28037 44905 66532 94851 90664 98995 95977 70886 97666 86061 113908 157405 67686 40383 36402 91592 120206 0 31010 115007 54407 119275 145110 83564 41849 102078 80376 116144 115229 99470 101469 84753 97041 30661 93073
18588 96742 81729 101985 22298 87427 101924 90426 109303 38733 77281 69688 12811 70351 93421 33217 103665 54926 76416 79705 71536 80644 80017 67669 92453 90332 76467 73141 82521 109710 96098 82738 59546 83755 44721 27580 104466 73068 69006 86794 11251 10525 94489 98915 60117 103103 72251 154668 118658 74894 49011 92919 163800 129067 67110 74001 82184 145066 13503 40607 17323 148261 47123 160245 23309 112782 167535 111572 26749 18627 102660 91539 13211 94585 65329 110873 157977 100096 9918 32621 54469 90946 59862 88508 68819 80487 81739 56596 83221 130963 43864 18696 12334 63735 100541 31010 0 118714 31164 104492 128988 54735 18588 72251 60306 87826 104606 77212 88107 59546 77520 1490 70351
104479 62652 102224 157011 107940 155352 60865 140265 72814 144676 78135 184199 130858 95400 76183 100570 62037 114554 99745 47352 114197 65509 138142 81306 81749 78152 106131 57604 85197 60527 67993 96328 103647 83654 113531 124134 93297 109276 72642 114027 114708 125542 110737 77842 112076 75855 169521 159126 45789 156756 148505 179211 104773 197362 74609 132181 54686 124646 105221 82006 103484 77204 155559 193295 140628 177528 115212 42613 106101 100574 133997 180081 117204 90179 111889 7942 130925 88501 109035 87440 71712 35230 152091 53565 114826 45548 71699 124038 170510 142669 98694 137403 131043 116897 89335 115007 118714 0 99849 69569 85233 119391 104479 169521 86430 130133 53180 94614 62783 103647 84130 117224 95400
13186 67069 51545 82408 42135 71573 72404 67982 78739 69727 46405 84837 38207 39601 62565 2801 74006 30059 46065 55220 44282 51153 59260 36737 61359 59373 47054 46679 51360 80231 65862 51956 30346 52613 65721 55447 73342 44466 39157 58160 37048 41659 64861 67986 33474 72298 71874 126645 91145 64844 49312 86612 132910 116148 37066 52414 54775 114371 24425 18455 16041 118487 55730 137788 45310 97583 136426 84502 45247 18984 76424 86442 40476 63447 38048 92530 127169 68933 27332 17837 28773 67612 55155 60618 42046 70855 51358 36010 76928 103002 13364 45812 40449 38348 69381 54407 31164 99849 0 74122 98089 32253 13186 71874 29193 62802 76043 46356 58649 30346 46375 30167 39601
85911 10255 42318 95002 107557 98552 8946 79479 5431 141691 28257 151310 112307 43302 13319 72763 7536 68697 43014 39917 59261 24688 81254 37774 17946 17014 48828 37744 27539 11023 8474 36311 56610 25595 125749 124178 24210 53650 35562 51859 107431 114652 45383 10551 63464 6668 124652 89992 29524 106065 109819 126658 60022 135335 37388 77168 29363 58504 94168 66071 87436 44808 121304 124163 118698 116174 65579 28285 108586 87730 68315 128546 110893 24287 60356 67247 67792 20369 98087 75095 52753 42148 108078 23999 61302 81365 22783 77061 119848 73159 63970 119913 114551 66047 21075 119275 104492 69569 74122 0 26054 73395 85911 124652 45770 68963 16410 38201 18042 56610 30705 103292 43302
110429 35992 57022 101319 133275 109006 32654 88171 20662 166765 51714 170470 135936 62763 35568 96435 30583 87557 59906 64995 74637 50582 92937 61359 37100 38721 64243 63731 47657 27680 34320 52329 76325 46070 151783 149721 30459 69394 60777 62644 132635 139318 53523 30103 81686 25933 140345 77029 39523 119841 128570 138387 34822 139674 62377 90493 55074 39878 119307 91635 112225 28657 141001 117479 141522 121938 39548 43167 134437 112866 72468 140780 136121 38040 77527 84963 45817 31864 123137 100648 78590 64765 124900 49224 77262 105213 47698 94678 132941 66248 86800 143506 138447 82901 31850 145110 128988 85233 98089 26054 0 91756 110429 140345 68992 78356 36431 56314 44096 76325 52194 127859 62763
42319 70347 35269 50175 71964 40036 75578 36360 76402 91666 46973 78722 54687 30093 60085 29572 76474 4982 31851 72047 19297 57817 27050 39826 56181 56386 28187 61828 45896 82709 66861 39433 17166 47818 96066 82148 62114 23249 47607 35218 64177 64364 44541 64060 10090 68964 52098 100679 98256 37411 36838 59927 125097 84812 45418 20294 66441 96566 53930 46928 45857 117245 49375 106522 55975 65781 125913 93165 75655 49918 48119 60694 67142 53716 14520 113014 109773 59894 55536 49547 50042 84417 34965 70203 16269 98867 54136 4682 51120 77115 23435 61116 58345 10202 59938 83564 54735 119391 32253 73395 91756 0 42319 52098 33269 33110 81859 35736 64004 17166 42939 54443 30093
0 78252 64693 92100 29844 79649 83469 78663 90715 56738 58737 80070 27784 52786 74862 15649 85185 41146 59231 62733 56563 62164 69172 49154 74007 71805 60035 55424 64217 91272 77527 65136 43189 65386 53850 42320 86360 57205 50454 70962 23887 28900 77925 80373 45395 84531 73427 139396 100799 70358 49780 90940 145234 123465 48536 62564 64234 127549 11764 23358 3563 129784 52942 148801 36575 105673 149078 93846 33374 8046 88539 90261 27299 76450 50279 96830 140330 81836 14230 17110 36732 74526 58077 70443 54129 70462 63154 45335 81094 115710 26481 35181 29248 49834 82310 41849 18588 104479 13186 85911 110429 42319 0 73427 41930 74416 86392 59529 69647 43189 59165 17430 52786
73427 122299 83638 57047 94548 39704 127459 58539 127150 93510 99019 38662 62518 81653 111364 70397 128254 57061 81812 122594 65976 109866 49603 91839 106948 107696 76539 112615 97166 134401 118594 89017 69248 99129 115928 95463 109897 71456 99292 78224 83356 76187 87943 114809 61516 119683 0 125948 150316 22444 23766 23713 171593 64195 97041 50262 118085 135701 80827 90267 76305 167332 27708 111330 54789 54419 170412 145261 98999 80888 77913 21116 84524 103001 64296 162671 148389 108985 79617 88518 98068 135185 17475 122158 63604 142565 106211 47938 16650 105835 70826 63421 65957 58606 108837 102078 72251 169521 71874 124652 140345 52098 73427 0 84901 65205 133911 86462 116100 69248 94715 73091 81653
41930 40028 27140 74266 68003 69620 45453 57593 50068 98660 17558 107033 66963 14531 33597 27446 46780 28330 21772 39125 30020 25462 53029 8034 32166 30283 25974 28852 22306 53142 37858 25221 17293 23459 89765 83137 44632 26539 14394 37402 65158 70760 40903 38908 25693 43351 84901 103576 66676 70419 66631 92815 103798 113214 12166 46564 33220 86663 51906 28181 44137 90539 76909 122409 72968 93422 107238 60960 70183 45628 58642 93781 68656 34718 26206 80319 99150 39938 55421 36023 22045 51296 67494 37360 29748 71302 23512 37832 84269 80646 18203 74545 69457 30722 40436 80376 60306 86430 29193 45770 68992 33269 41930 84901 0 48912 50547 19697 32421 17293 17236 59257 14531
74416 70688 28094 26908 104259 30652 74738 10535 69665 124592 52033 100521 87415 35900 57143 60001 74743 33308 30488 84849 19526 64637 15609 50723 51577 54101 24268 75086 45278 79896 65699 34220 34484 47006 128224 115167 48599 22395 59436 17113 97056 97465 24916 58413 29344 62725 65205 68221 98052 43155 61012 60081 107323 67451 58037 16696 75645 70687 86173 73134 77856 106663 74747 75247 87577 47786 105440 95127 107717 81533 15352 62585 100100 44735 25210 125162 83565 49641 88136 78235 70763 95446 52905 76702 21065 120204 58487 31912 55252 45074 50739 93485 91161 24584 49193 116144 87826 130133 62802 68963 78356 33110 74416 65205 48912 0 82568 35533 67892 34484 46009 87503 35900
86392 12013 54824 109154 104217 111084 8101 93087 19859 140011 34892 157571 113859 52564 25478 75248 8912 76933 54209 30202 70394 25275 93579 42786 31143 28483 60507 32309 38133 8753 16874 48617 64693 36214 120051 121307 40445 64849 37264 65546 105829 114242 60222 25526 72450 22847 133911 106146 16407 116795 117006 138193 66243 149705 39516 88788 22883 73273 92986 64346 87284 44778 127451 140505 121351 130257 73899 12597 104584 86701 83495 139800 109172 38944 70273 51094 81397 36105 97060 73098 50380 28336 116814 16343 71983 68865 27734 85977 130751 89567 68134 121402 115617 75927 36887 115229 104606 53180 76043 16410 36431 81859 86392 133911 50547 82568 0 48996 18132 64693 39481 103282 52564
59529 37000 8431 62397 87063 62278 41768 45672 40807 115932 16501 114377 82028 6928 24954 44067 42283 31333 5276 49669 21422 29108 44751 17217 20550 21329 11716 40283 10931 48222 32653 5657 20084 12894 109264 101577 27902 15855 25090 20282 83299 87734 21524 28440 25657 33341 86462 83961 65193 68105 72542 89231 90297 102805 24218 39792 40130 68022 70301 47878 62164 81526 84736 105071 86418 83012 92185 61236 89462 64237 41692 90910 86758 18526 22178 89644 80819 24643 73537 55584 40431 59941 70011 41297 23205 87403 23094 39092 81991 61235 33349 89409 84987 27857 24829 99470 77212 94614 46356 38201 56314 35736 59529 86462 19697 35533 48996 0 32820 20084 10486 76329 6928
69647 8705 39803 94787 89886 95016 13822 78243 23453 124603 17291 139452 96743 35348 14913 57662 15572 59050 38092 23745 53800 7504 77504 24663 19785 15829 44536 19830 22623 21634 10099 33746 46857 20966 107732 106664 33922 48413 19516 51400 90301 98042 48046 18946 54807 20167 116100 102032 34381 99565 98893 121299 77785 135340 21688 72253 12366 74129 77159 48712 70857 60154 109329 131751 103860 115625 83611 29202 90772 70758 71232 122745 93728 28242 53020 58628 84423 28276 81156 57699 35079 29857 98912 9511 55091 65771 10044 68220 113549 82648 50127 104328 98706 58590 29152 101469 88107 62783 58649 18042 44096 64004 69647 116100 32421 67892 18132 32820 0 46857 22587 86842 35348
43189 53208 22470 58163 72470 52416 58464 41898 59895 98139 29809 94818 62975 13609 43359 27658 59403 12255 17576 56392 14984 40799 36153 22941 39861 39666 16938 46120 29329 65672 49829 24816 0 31187 95888 85436 47801 14147 31154 27815 66978 69953 34950 47656 8431 52531 69248 96299 81090 53460 53211 75732 110381 96340 29085 29501 49863 85982 54728 38653 46303 100883 64960 109584 66697 76638 112125 76037 75486 49292 46760 76824 70314 38604 9623 97599 99051 44727 57414 44104 37384 68459 52126 53285 13660 87186 36971 21382 67394 72660 17179 70185 66157 13475 44909 84753 59546 103647 30346 56610 76325 17166 43189 69248 17293 34484 64693 20084 46857 0 25962 58846 13609
59165 27653 18378 72882 84735 72441 32748 56157 34280 115894 6074 120606 83838 13105 17585 44518 33559 38144 15675 39548 31220 18629 54937 10856 15116 13955 22114 30548 5158 39771 23925 13140 25962 6238 105828 100186 27651 25830 16322 30367 82319 87986 29717 22382 33209 27110 94715 90371 55847 77321 79141 98849 86909 113287 16150 49677 29706 70206 69028 43783 61348 75265 90616 114262 89339 93487 90066 51436 86680 62699 51451 100380 85820 17827 30794 79201 82435 22746 72600 52261 33940 49519 77835 30840 32597 78462 12686 46826 91284 68488 34622 91386 86457 36457 23277 97041 77520 84130 46375 30705 52194 42939 59165 94715 17236 46009 39481 10486 22587 25962 0 76483 13105
17430 95486 80957 102019 21495 87625 100654 90272 108124 39606 76163 71045 14228 69486 92291 32287 102405 54502 75618 78277 71021 79386 79934 66567 91385 89225 75778 71765 81500 108434 94889 81873 58846 82714 44281 27733 103503 72449 67784 86194 10733 11503 93795 97798 59608 101961 73091 154172 117286 75328 49752 93575 162664 129486 65905 73851 80829 144234 12014 39222 16008 146995 48195 160171 24703 113066 166466 110188 25934 17176 102275 92243 13028 93612 64795 109383 157122 99092 8464 31182 53105 89492 60462 87165 68332 79042 80552 56417 83851 130461 42993 20186 13824 63321 99544 30661 1490 117224 30167 103292 127859 54443 17430 73091 59257 87503 103282 76329 86842 58846 76483 0 69486
52786 40758 12771 62250 80664 60161 45838 45401 46392 109080 18091 108364 75100 0 29992 37258 46601 25432 7275 49179 18833 30359 42795 14823 26276 26293 11895 39260 15826 52760 36941 12387 13609 17732 103151 94937 34791 13940 23571 22974 76608 80870 26604 34103 20202 38992 81653 89354 68942 64280 66659 85952 96957 102169 22138 37126 40731 74785 63695 42339 55492 87341 78555 108148 79553 82305 99026 64415 83186 57710 44382 87408 80055 25283 17720 89981 87637 31326 66857 49647 36345 60302 64859 42946 19808 84798 25307 33826 78255 66255 26493 82486 78060 23363 31565 93073 70351 95400 39601 43302 62763 30093 52786 81653 14531 35900 52564 6928 35348 13609 13105 69486 0
