StringID  Type  x          y          demand  ReadyTime  DueDate  ServiceTime
D0        d     -16372.36   11221.03    0.0     0.0        86400.0  0.0
D1        d     57500.89    11638.09    0.0     0.0        86400.0  0.0
C001      c     -50465.27   62261.15    718.0   4153.0     24569.0  1436.0
C002      c     -100017.63  34288.61    266.0   3659.0     22194.0  532.0
C003      c     -63223.17   -5763.70    332.0   3388.0     23236.0  664.0
C004      c     -33465.37   -65846.16   480.0   4852.0     24678.0  960.0
C005      c     66858.61    13523.72    780.0   825.0      21324.0  1560.0
C006      c     -12920.69   -42268.81   344.0   4763.0     24001.0  688.0
C007      c     51963.04    -51097.60   637.0   4745.0     25407.0  1274.0
C008      c     8496.79     -21558.88   115.0   2028.0     21469.0  230.0
C009      c     -21242.87   -28002.82   468.0   5289.0     24803.0  936.0
C010      c     14452.71    14833.99    260.0   3383.0     23403.0  520.0
C011      c     72895.64    -12629.18   756.0   3491.0     23208.0  1512.0
C012      c     -40321.97   -6589.55    298.0   2077.0     20737.0  596.0
C013      c     57680.45    -23643.08   151.0   3672.0     23179.0  302.0
C014      c     44491.03    29279.63    567.0   3582.0     23773.0  1134.0
C015      c     4201.41     -41486.28   665.0   3344.0     24356.0  1330.0
C016      c     41381.67    -21083.60   825.0   3601.0     23897.0  1650.0
C017      c     32660.11    86892.99    105.0   2238.0     21991.0  210.0
C018      c     65778.77    49910.14    625.0   2216.0     21589.0  1250.0
C019      c     -56012.82   29127.80    187.0   3466.0     23004.0  374.0
C020      c     56555.37    20303.65    645.0   986.0      21023.0  1290.0
C021      c     -44469.36   82649.62    217.0   1434.0     20707.0  434.0
C022      c     26426.50    12339.32    153.0   2062.0     20636.0  306.0
C023      c     59571.46    -28848.29   659.0   3845.0     23303.0  1318.0
C024      c     -54494.10   -41353.00   174.0   5212.0     24634.0  348.0
C025      c     -13369.02   -18583.28   493.0   4198.0     24203.0  986.0
C026      c     75801.22    2012.82     146.0   3675.0     22787.0  292.0
C027      c     -81040.99   40779.89    634.0   3702.0     23380.0  1268.0
C028      c     -18516.63   -82611.16   379.0   1917.0     21901.0  758.0
C029      c     -47691.44   13155.22    122.0   1296.0     20832.0  244.0
C030      c     60851.21    9543.83     226.0   3302.0     21833.0  452.0
C031      c     -29183.95   -10184.32   383.0   4711.0     23990.0  766.0
C032      c     10900.43    -49230.08   174.0   3574.0     23498.0  348.0
C033      c     -94002.82   -23395.35   495.0   1606.0     22217.0  990.0
C034      c     -71080.89   1677.17     117.0   890.0      19310.0  234.0
C035      c     19927.02    -1669.03    574.0   4336.0     25268.0  1148.0
C036      c     20309.42    64194.76    663.0   3912.0     23649.0  1326.0
C037      c     60681.03    68846.79    435.0   2438.0     23221.0  870.0
C038      c     18341.55    -18883.56   735.0   1307.0     21159.0  1470.0
C039      c     -19328.26   25081.90    234.0   2651.0     21798.0  468.0
C040      c     27276.58    20669.79    336.0   1559.0     21964.0  672.0
C041      c     70289.73    12913.85    587.0   2862.0     23080.0  1174.0
C042      c     -28582.32   -80138.63   491.0   3309.0     23462.0  982.0
C043      c     69139.26    972.18      359.0   4376.0     23271.0  718.0
C044      c     26447.25    -51161.75   550.0   1583.0     22302.0  1100.0
C045      c     47700.81    -39447.55   186.0   3417.0     22344.0  372.0
C046      c     -16788.76   -15754.95   382.0   37234.0    57734.0  764.0
C047      c     3564.49     -66833.45   250.0   36950.0    55657.0  500.0
C048      c     55760.11    42587.14    723.0   34675.0    55679.0  1446.0
C049      c     19541.93    -58901.57   345.0   36614.0    56696.0  690.0
C050      c     -45357.51   21791.49    816.0   36549.0    56327.0  1632.0
C051      c     109.91      -50342.20   472.0   34476.0    53968.0  944.0
C052      c     -52284.84   10256.74    311.0   35160.0    54405.0  622.0
C053      c     92251.94    35337.70    581.0   35184.0    55864.0  1162.0
C054      c     -19819.98   8504.97     712.0   33158.0    54401.0  1424.0
C055      c     94703.14    -38015.65   142.0   33354.0    52426.0  284.0
C056      c     64579.90    10316.89    646.0   37128.0    58242.0  1292.0
C057      c     -8766.88    -5817.33    672.0   34599.0    54467.0  1344.0
C058      c     -35906.05   6949.67     341.0   36614.0    56295.0  682.0
C059      c     25000.34    9928.74     710.0   35431.0    55465.0  1420.0
C060      c     -47109.44   20668.88    532.0   35707.0    54886.0  1064.0
C061      c     14798.97    -15379.94   270.0   37199.0    56930.0  540.0
C062      c     -12737.35   -11913.30   561.0   37633.0    56907.0  1122.0
C063      c     -20131.04   42030.95    574.0   36926.0    57162.0  1148.0
C064      c     -560.33     -22768.59   542.0   36258.0    55788.0  1084.0
C065      c     -24088.26   20391.78    224.0   35402.0    55402.0  448.0
C066      c     9585.41     -44477.61   162.0   36848.0    56453.0  324.0
C067      c     -10152.96   8940.83     325.0   37183.0    56665.0  650.0
C068      c     -33981.10   1576.40     529.0   34924.0    54828.0  1058.0
C069      c     -32540.76   5413.31     699.0   35376.0    55251.0  1398.0
C070      c     -9819.38    -17665.25   445.0   37221.0    58047.0  890.0
C071      c     -15499.76   32860.53    560.0   36363.0    56819.0  1120.0
C072      c     -23450.89   86.23       193.0   33654.0    53561.0  386.0
C073      c     -53127.15   22745.33    575.0   36720.0    56069.0  1150.0
C074      c     -39388.03   14846.74    675.0   37353.0    56912.0  1350.0
C075      c     -20205.55   -10571.99   451.0   36557.0    56871.0  902.0
C076      c     4538.08     -8678.85    206.0   33301.0    52925.0  412.0
C077      c     -25012.78   1289.43     107.0   35916.0    55125.0  214.0
C078      c     67463.99    63673.32    419.0   37408.0    57918.0  838.0
C079      c     72979.03    42460.07    305.0   33947.0    53357.0  610.0
C080      c     -43222.66   -10638.75   124.0   37404.0    57073.0  248.0
C081      c     -4905.32    -19212.23   170.0   34176.0    52901.0  340.0
C082      c     -12392.51   17473.16    508.0   35339.0    54946.0  1016.0
C083      c     -15754.00   -27702.79   619.0   36207.0    55757.0  1238.0
C084      c     58172.55    31437.60    790.0   34162.0    55159.0  1580.0
C085      c     66459.20    23865.48    790.0   36916.0    58222.0  1580.0
C086      c     -25550.31   -26459.78   352.0   35222.0    53953.0  704.0
C087      c     -41149.03   4877.98     136.0   35961.0    54729.0  272.0
C088      c     8662.38     -16032.08   294.0   33180.0    53072.0  588.0
C089      c     -45659.61   6803.94     758.0   35997.0    56964.0  1516.0
C090      c     58627.32    -51917.47   678.0   34491.0    54454.0  1356.0
C091      c     36183.72    -51766.22   166.0   66917.0    86163.0  332.0
C092      c     53865.51    -28633.76   199.0   66773.0    86149.0  398.0
C093      c     -105663.87  -2395.38    677.0   65830.0    86354.0  1354.0
C094      c     20636.63    -103664.20  203.0   65754.0    85831.0  406.0
C095      c     -10432.08   16257.47    332.0   66254.0    84922.0  664.0
C096      c     10452.76    -37581.27   514.0   65698.0    84962.0  1028.0
C097      c     3834.66     -18275.63   208.0   65912.0    86118.0  416.0
C098      c     47077.23    -38803.68   593.0   65633.0    85162.0  1186.0
C099      c     -31337.87   30719.35    713.0   66159.0    85799.0  1426.0
C100      c     -46898.54   -59999.03   598.0   66473.0    85982.0  1196.0
F1        f     -16372.36   11221.03    0.0     0.0        86400.0  0.0
F2        f     -54494.10   -41353.00   0.0     0.0        86400.0  0.0
F3        f     -37255.02   -27629.78   0.0     0.0        86400.0  0.0
F4        f     -47691.44   13155.22    0.0     0.0        86400.0  0.0
F5        f     29412.61    -61911.65   0.0     0.0        86400.0  0.0
F6        f     -40978.26   -3014.98    0.0     0.0        86400.0  0.0
F7        f     26447.25    -51161.75   0.0     0.0        86400.0  0.0
F8        f     72895.64    -12629.18   0.0     0.0        86400.0  0.0
F9        f     -9396.51    6476.53     0.0     0.0        86400.0  0.0
F10       f     -86051.59   -14737.71   0.0     0.0        86400.0  0.0
F11       f     -93432.18   -2575.57    0.0     0.0        86400.0  0.0

m numVeh /13/
m numPetrolVeh /7/
m numElectroVeh /6/

DistanceMatrix
0 73874 61379 86768 49835 78940 83263 53601 92484 41146 39525 31036 92399 29846 81849 63486 56580 66175 90169 90806 43497 73491 76756 42813 85866 64941 29955 92632 71104 93857 31379 77242 24946 66318 84999 55535 38520 64434 96218 45949 14173 44660 86679 92172 86124 75665 81686 26979 80560 78657 78785 30852 63731 35925 111269 4389 121499 80957 18659 19995 41393 32156 40979 23418 31038 37488 11985 61450 6624 20077 17180 29620 21657 13194 38519 23300 22128 28866 13164 98893 94655 34624 32522 7411 38929 77238 83791 38782 25576 37006 29618 98038 82034 80757 90324 120699 7788 55689 35754 80798 24579 77486 0 64941 44107 31379 86282 28427 75665 92399 8436 74358 78285
73874 0 119245 159139 121972 119493 9546 88686 62980 59190 88159 43167 28738 99507 35282 21920 75253 36477 79249 39157 114853 8717 124260 31082 40539 123899 77045 20677 141574 121085 105203 3951 89389 76659 155501 128967 39861 64385 57297 49649 77996 31545 12852 125830 15786 70058 52017 79179 95220 30998 80104 103358 84471 109794 42063 77384 62044 7201 68528 93525 32545 104999 50531 74082 83369 67490 82057 73789 67708 92034 90257 73421 76023 81772 111184 96942 80818 56726 83160 52980 34490 103158 69615 70137 83150 19811 15158 91373 98881 56132 103274 63566 66892 40436 163767 121052 68090 68089 61440 51508 90865 126614 73874 123899 102570 105203 78731 99563 70058 28738 67096 145955 151601
61379 119245 0 56903 69211 129230 127044 111068 152780 102481 94876 80397 144314 69594 138112 100521 117269 124025 86698 116898 33595 114952 21252 91676 142860 103692 88949 139904 37367 148353 49184 123168 75507 127264 96086 63995 95090 70801 111341 106390 48495 88168 130449 144071 134393 137041 141355 84974 139945 108032 139934 40791 123440 52036 145235 61878 176435 126228 79834 57196 91835 41727 101428 83218 36461 98593 49485 122471 66844 62884 59607 89668 45684 67790 39605 48691 78869 89766 66071 117938 125022 73259 93347 58783 96428 112926 123067 92153 58135 98112 55665 157918 143214 138372 85014 180518 60984 116959 97132 140459 36888 122312 61379 103692 90856 49184 147646 65962 137041 144314 69272 84825 77781
86768 159139 56903 0 54388 120234 168163 115961 174324 122042 100428 116112 179166 72351 168002 144595 128854 151855 142726 166531 44306 157196 73651 128335 171624 88284 101506 178757 20056 142506 56433 162761 83638 138846 57997 43599 125218 123988 164373 129754 81213 128021 171643 134895 172407 152627 165099 97115 144758 155999 151588 56071 131103 53441 192272 84240 207712 166334 99675 69697 127369 54633 125099 98755 80261 114662 77191 134970 93371 73695 73396 104091 84530 83859 48290 63671 91556 113040 81943 170040 173190 72416 109127 89224 104610 158216 166803 96103 65807 119764 60911 180554 161109 166251 37116 183271 91382 131791 116397 164254 68772 108221 86768 88284 88165 56433 161266 69837 152627 179166 94793 50977 37448
49835 121972 69211 54388 0 67048 131504 62153 123786 73439 47507 80360 136292 22916 122218 113271 76303 105721 133337 140503 35629 122582 90380 91459 124946 36644 51476 139242 49838 88906 24478 125015 34325 85928 35472 10822 83251 108958 144634 82613 53649 94281 134813 82046 132534 100508 115926 47497 90499 128432 98355 32840 77449 19398 160816 45688 161186 128811 54456 30131 89608 30957 78613 50859 64353 64929 47071 82461 55070 30149 32655 54714 61395 40200 30244 31510 43286 67824 38856 147989 144487 20586 59848 55890 52294 126968 133024 42983 24505 72615 21597 130299 109535 119301 42574 128907 57200 80253 68215 115143 48453 56639 49835 36644 33948 24478 108323 22414 100508 136292 55201 24529 30377
78940 119493 129230 120234 67048 0 127924 31273 86692 61010 39768 93837 118932 59652 100442 122988 44857 87211 166439 152476 97614 124601 148903 98489 100123 32282 51358 128624 116759 22462 80272 120745 55826 47375 73938 77294 83483 140721 164334 69925 92020 105710 130262 15104 122443 61686 85351 52794 37043 140424 53460 88441 36982 78395 161378 75593 131155 124152 64911 72837 95708 87584 69830 57779 108698 54207 86746 48062 78336 67425 71265 53671 100328 66689 90747 80910 56842 68647 67666 164201 151857 56063 54685 85943 42055 133647 134287 40174 71140 65239 73666 93140 71058 94929 96118 66009 85273 52227 60450 84961 96589 14651 78940 32282 38404 80272 63001 63279 61686 118932 76223 73331 87173
83263 9546 127044 168163 131504 127924 0 97353 66316 68095 97398 52422 26841 109051 38283 27360 83379 42974 80948 36402 123858 12334 131043 40449 42994 133184 86414 14576 150390 128572 114551 7206 98925 84079 165044 138447 49329 68807 55667 58345 86958 40222 3485 133722 12757 76271 56329 88623 102291 31110 86512 112520 92381 119188 33476 86824 58580 3934 78060 102975 42012 114192 59545 83562 91542 76567 91206 81513 77148 101545 99730 82778 84598 91304 120340 106255 90337 66157 92682 50153 29577 112702 78878 79349 92328 19909 10349 100688 108353 65271 112719 65957 72137 44114 173255 125974 77339 76114 70592 55942 99691 135448 83263 133184 111952 114551 84218 109098 76271 26841 76580 155500 161097
53601 88686 111068 115961 62153 31273 97353 0 65482 29793 16516 63325 90791 44987 73017 91735 17140 58289 136969 121205 83393 93500 128841 67307 73724 41583 23690 99159 107413 40729 65428 90149 35971 24817 83250 72896 52224 111529 133281 39041 67655 74680 99845 40981 92756 40360 60687 26795 29583 109168 36476 71804 15329 65639 130706 51240 107708 93657 36687 54321 64518 71624 38619 30356 84608 23088 63648 22614 51284 48641 51561 24798 75174 43644 76442 62950 32523 37856 45206 132987 120655 43803 24410 59744 14839 102405 103319 20234 54951 33973 58991 72196 50014 68164 100951 69968 58579 23839 29265 60098 75276 38326 53601 41583 28398 65428 46669 48250 40360 90791 48873 78141 89764
92484 62980 152780 174324 123786 86692 66316 65482 0 52553 76762 75855 43795 102457 28044 80724 48719 31825 139334 101948 134517 71549 164886 68384 23514 106902 72976 58215 161653 77204 118573 61289 90878 41105 148571 133884 58902 119559 120261 46563 104335 75895 66583 85621 54830 25516 12405 77304 50892 93762 33347 121590 51859 120963 95364 93302 44697 62697 75752 105311 66717 122335 51545 75641 117773 59676 104377 42892 86389 100802 101658 70248 107704 91143 128440 112666 82769 63628 93111 115813 95889 103427 65197 94040 71644 82768 76352 81335 108642 55718 113502 6715 15793 22544 164979 61193 91814 43655 58255 13229 116761 99262 92484 106902 92253 118573 25009 104642 25516 43795 84141 142724 153278
41146 59190 102481 122042 73439 61010 68095 29793 52553 0 30430 36877 65015 51062 49228 62291 20385 32888 111111 91592 82040 63735 116897 38348 51592 66028 22067 71313 109101 66762 66047 60896 39360 27775 102516 82901 22940 86563 104386 10202 54310 46216 70758 69329 64693 34620 43092 25943 45542 79678 38942 69134 29980 68605 101253 41300 87763 64509 23363 52767 35550 69823 8826 23322 69737 9138 53119 22945 35750 48370 49108 18725 59475 38590 75897 60153 30733 13475 40558 103642 90865 52860 13606 44270 25017 72638 73641 34398 56246 5529 61134 58606 40976 45917 115758 82998 42289 16141 5702 42259 65725 67426 41146 66028 46153 66047 45451 52836 34620 65015 33259 94794 103682
39525 88159 94876 100428 47507 39768 97398 16516 76762 30430 0 55760 95386 28680 79044 87191 28796 63006 126912 116804 66879 91576 113064 62449 80819 35831 12277 101580 91142 54676 48924 90273 19508 38520 72906 58006 48872 101129 126852 40621 53119 68725 100262 52650 94913 53016 69887 13033 46078 104462 51168 55326 30903 49269 129973 36536 116378 93989 25453 37904 59810 55118 38188 18199 70043 21335 48478 34954 38572 32205 35274 15407 61134 28176 59933 46533 17462 32219 29534 127567 117655 28011 18552 46329 5497 99197 101892 4575 38437 32212 42517 83374 62149 75111 88219 86479 45561 33111 26898 69169 59584 41012 39525 35831 16016 48924 60957 31841 53016 95386 36458 66152 76537
31036 43167 80397 116112 80360 93837 52422 63325 75855 36877 55760 0 64574 58815 57872 33331 57246 44891 74324 62167 71901 42456 89837 12231 62800 88942 43483 62674 98956 102871 62167 46699 50300 64162 114996 86540 17387 49707 71095 33941 35301 14089 55870 104268 56416 67077 63655 43723 82390 49765 73911 60214 66736 66894 80456 34852 96090 50330 31075 50972 11632 61838 30216 38141 43997 40489 38940 59511 25302 50216 47928 40563 34959 40672 68041 53841 42973 25518 41725 72080 64719 63050 39165 26975 52171 46766 52785 57493 56486 31404 60646 80045 70056 58675 121346 118659 24925 52568 34771 62780 48468 96768 31036 88942 66909 62167 78190 58234 67077 64574 25271 104764 109281
92399 28738 144314 179166 136292 118932 26841 90791 43795 65015 95386 64574 0 113379 18783 50628 74509 32628 107348 62943 135503 36764 151171 52752 20990 130588 86470 14928 162939 115125 123313 25233 102109 71993 167245 144686 54091 93098 82386 54911 99636 56479 25676 121882 14111 60351 36797 89739 88005 57814 70624 123161 81976 127255 51725 95094 33467 24406 81946 110549 52942 124539 58162 85636 107897 74152 102451 70870 85804 107817 106969 82868 99414 97182 130893 115596 93124 68472 98893 76496 55089 116135 78079 90445 89922 46461 37058 99413 115381 64323 120137 41799 53661 24865 178853 104968 88193 67244 69291 36765 112888 128820 92399 130588 111167 123313 65723 114279 60351 0 84481 158961 166631
29846 99507 69594 72351 22916 59652 109051 44987 102457 51062 28680 58815 113379 0 99475 92086 56570 82979 118598 120206 39012 100541 89335 69381 102343 37541 29501 116441 62465 79087 21075 102451 11704 66648 56250 31850 60450 93202 126064 59938 37998 72888 112318 74480 109722 80280 93956 25255 74534 107936 79500 28824 59574 20662 139046 25459 138634 106255 31565 14241 67378 28091 55817 28094 52646 42927 31488 62660 33932 10339 14304 32451 46610 18144 32008 21457 20507 44909 17218 128665 123462 4981 37599 36866 32394 105580 111039 24759 11497 49886 14418 108837 88848 96733 65476 114627 37622 59486 45677 93147 38375 53813 29846 37541 21263 21075 89014 3634 80280 113379 33572 46450 53262
81849 35282 138112 168002 122218 100442 38283 73017 28044 49228 79044 57872 18783 99475 0 54541 56377 16499 113332 73998 125343 43961 147420 47661 5538 113564 71229 31410 152951 96350 111612 33338 87901 53320 151683 131227 43683 95457 92539 39626 91129 53740 38670 103117 27152 41627 18692 74886 69238 66258 51939 112610 63460 115072 68366 83904 39715 34654 68797 98460 46851 113774 43670 71388 101822 58247 92872 52414 75253 95068 94785 67764 92455 84530 120126 104421 78975 55209 86370 87863 67850 101738 62742 81245 73547 55083 48313 83278 102863 49605 107732 28290 35398 6282 164720 88180 78939 49242 54113 18501 104305 110718 81849 113564 95019 111612 47577 100792 41627 18783 73529 144008 152574
63486 21920 100521 144595 113271 122988 27360 91735 80724 62291 87191 33331 50628 92086 54541 0 81431 50459 58816 29644 100504 15037 103742 24765 60052 121602 75091 41519 126058 128412 93582 25635 83579 85394 148173 118822 39512 42471 42751 54804 63957 19248 30552 131575 37535 82440 68802 76048 104464 17438 91643 90160 91155 98628 48144 67583 83964 27625 63782 83441 27465 92004 53629 70512 65868 68838 69153 81600 58306 83219 80644 71787 60098 73948 97837 85112 75986 55110 74928 41360 31389 96370 69220 58096 82924 13851 22626 89514 89049 57765 92910 82418 81470 58667 153459 135067 56446 75027 62566 68132 75843 127760 63486 121602 99605 93582 92429 91367 82440 50628 58514 137764 141554
56580 75253 117269 128854 76303 44857 83379 17140 48719 20385 28796 57246 74509 56570 56377 81431 0 42410 131496 110205 92801 80987 133336 58234 56794 58696 28866 83778 118465 46983 75356 76245 45765 10239 99857 86779 42810 106902 123949 26661 70604 66301 85598 50683 77586 24259 43547 33207 25355 98624 23208 80375 9755 76603 116854 55463 90568 79556 37953 62886 55463 80598 28175 34081 86990 19314 68038 6159 52430 57553 59578 27641 76913 49929 86095 71228 39388 32809 51800 122722 108524 56574 24064 61250 24253 90724 90260 33331 64856 25842 69412 55417 33594 51300 116613 64313 59569 7371 23214 42960 80478 54350 56580 58696 43711 75356 32447 59340 24259 74509 49853 94133 105102
66175 36477 124025 151855 105721 87211 42974 58289 31825 32888 63006 44891 32628 82979 16499 50459 42410 0 108328 75069 109576 44081 134651 36616 19778 97995 54808 41451 137166 85869 95427 36292 71402 41489 135404 114743 28935 87843 91978 23145 76269 44072 44626 91556 35453 33582 19421 58414 59356 65274 43671 96757 50591 98771 75968 67979 55945 39040 52421 82215 35073 97847 27188 54890 88132 41976 77502 39475 59643 78696 78528 51315 78393 68201 104177 88401 62478 38876 70063 88679 70966 85247 46325 66169 57518 55140 51471 67148 86518 33107 91400 35329 31120 14589 148228 85146 63867 35054 37652 18613 89284 96477 66175 97995 78909 95427 42546 84319 33582 32628 57775 127591 136078
90169 79249 86698 142726 133337 166439 80948 136969 139334 111111 126912 74324 107348 118598 113332 58816 131496 108328 0 49645 105829 70747 77246 74814 118829 155058 115082 95214 122696 177061 109058 82326 115103 137851 167949 134253 89473 25841 33329 106741 80768 66442 82999 177905 93344 138194 127233 113938 156456 49966 146384 101612 141043 114406 78798 94334 139469 82962 101545 105320 77344 103676 103821 108736 69278 114583 87423 133382 88935 108259 104356 112858 72380 103363 107119 101890 110879 99623 103219 41839 59999 123574 112559 82758 124403 61042 71518 127426 110337 105686 112019 141218 138704 117457 164639 190936 82742 126440 109047 126521 85154 167053 90169 155058 134177 109058 148840 116216 138194 107348 90750 156273 154609
90806 39157 116898 166531 140503 152476 36402 121205 101948 91592 116804 62167 62943 120206 73998 29644 110205 75069 49645 0 123552 31010 115007 54407 79003 150979 104670 48935 147103 157059 119275 40666 112380 113316 175795 145110 69013 47660 19611 83564 88655 48347 37270 160676 49053 108455 91168 105496 132286 12410 118228 114638 119845 124545 30219 95087 92561 39611 93073 110388 57109 116614 82836 99935 86270 98403 94591 109849 86279 110852 107920 101398 83048 102198 121969 110858 105126 84753 102991 13866 10361 124690 98864 84634 112567 19977 26054 119052 116023 87239 119485 102078 105896 79442 179244 160072 83310 103517 92122 90664 98995 157405 90806 150979 128951 119275 117587 119156 108455 62943 86821 165021 167639
43497 114853 33595 44306 35629 97614 123858 83393 134517 82040 66879 71901 135503 39012 125343 100504 92801 109576 105829 123552 0 112914 54753 84131 129310 70497 63991 134574 27608 117862 18010 118494 47594 103040 64822 31314 81947 83993 123268 88508 36907 83718 127339 112657 128280 115092 124335 59607 112951 112580 116007 12937 97289 19236 148395 41656 164996 122051 58765 29936 83257 12281 83638 59642 38131 75949 33098 98595 50106 35277 33366 65753 40685 43631 7004 21916 53462 71385 41665 128218 129679 41773 70347 45150 69645 114209 122585 63387 28443 78882 24608 140395 122654 124136 58813 153326 47363 94169 76347 123459 24726 89592 43497 70497 59777 18010 124843 35485 115092 135503 51828 53165 49044
73491 8717 114952 157196 122582 124601 12334 93500 71549 63735 91576 42456 36764 100541 43961 15037 80987 44081 70747 31010 112914 0 118714 31164 49244 127018 80010 26551 139112 127386 104492 11586 90999 83182 156772 128988 42713 56923 48718 54735 76034 29281 15596 131670 23066 77549 60404 81729 101985 22298 87427 101924 90426 109303 38733 77281 69688 12811 70351 93421 33217 103665 54926 76416 79705 71536 80644 80017 67669 92453 90332 76467 73141 82521 109710 96098 82738 59546 83755 44721 27580 104466 73068 69006 86794 11251 10525 94489 98915 60117 103103 72251 74894 49011 163800 129067 67110 74001 65329 59862 88508 130963 73491 127018 105347 104492 86580 100282 77549 36764 67386 146849 151723
76756 124260 21252 73651 90380 148903 131043 128841 164886 116897 113064 89837 151171 89335 147420 103742 133336 134651 77246 115007 54753 118714 0 99849 152500 124407 105902 144801 55593 167286 69569 128206 94084 143032 117043 85233 106097 67356 106052 119391 62818 94810 134286 163562 139922 151442 152981 102224 157011 107940 155352 60865 140265 72814 144676 78135 184199 130858 95400 76183 100570 62037 114554 99745 47352 114197 65509 138142 81306 81749 78152 106131 57604 85197 60527 67993 96328 103647 83654 113531 124134 93297 109276 72642 114027 114708 125542 110737 77842 112076 75855 169521 156756 148505 104773 197362 74609 132181 111889 152091 53565 142669 76756 124407 110515 69569 162347 85736 151442 151171 83860 105893 98289
42813 31082 91676 128335 91459 98489 40449 67307 68384 38348 62449 12231 52752 69381 47661 24765 58234 36616 74814 54407 84131 31164 99849 0 52868 97113 50397 50443 111167 105050 74122 34538 59999 63497 125619 98089 15443 52215 66079 32253 47496 8374 43867 107602 44199 63501 55986 51545 82408 42135 71573 72404 67982 78739 69727 46405 84837 38207 39601 62565 2801 74006 30059 46065 55220 44282 51153 59260 36737 61359 59373 47054 46679 51360 80231 65862 51956 30346 52613 65721 55447 73342 44466 39157 58160 37048 41659 64861 67986 33474 72298 71874 64844 49312 132910 116148 37066 52414 38048 55155 60618 103002 42813 97113 75186 74122 74311 69131 63501 52752 36300 115691 120783
85866 40539 142860 171624 124946 100123 42994 73724 23514 51592 80819 62800 20990 102343 5538 60052 56794 19778 118829 79003 129310 49244 152500 52868 0 114749 73659 34869 156907 94806 115194 38413 90697 52766 153671 134171 48067 100988 97701 42417 95570 59119 43116 101989 31318 39939 15914 77475 67673 71537 50056 116510 63227 118495 72027 87740 36308 39484 72115 101968 51950 117613 46754 74265 106660 60438 97075 52373 79306 98376 98278 70286 97179 87920 123947 108177 81844 58613 89793 92858 72558 104395 65193 85583 75334 60302 53162 85155 106217 52498 111107 23088 32745 5710 167339 84341 83277 49889 56731 15975 108687 110933 85866 114749 96834 115194 44752 103815 39939 20990 77488 146305 155243
64941 123899 103692 88284 36644 32282 133184 41583 106902 66028 35831 88942 130588 37541 113564 121602 58696 97995 155058 150979 70497 127018 124407 97113 114749 0 47008 137322 86317 54741 54931 126075 40151 65867 43398 46116 84341 129367 159403 76223 75168 102632 136073 46645 130678 81534 102213 45574 63404 138571 76087 63802 55339 51657 165577 60730 149235 129801 57912 51756 94600 62460 74001 51091 90187 57046 68825 64156 67049 47579 51663 50566 83834 51777 64113 58195 46078 67471 51841 160948 152558 32717 54307 72340 41075 134135 137416 32551 48119 68043 48961 113614 91274 109104 64312 97608 72529 65056 62728 101603 75701 20134 64941 0 22034 54931 86389 40651 81534 130588 65738 41283 54953
29955 77045 88949 101506 51476 51358 86414 23690 72976 22067 12277 43483 86470 29501 71229 75091 28866 54808 115082 104670 63991 80010 105902 50397 73659 47008 0 91518 90019 64234 46748 79371 17907 39093 80777 61165 37346 89367 114575 31712 44070 56505 89392 63407 84794 51446 64536 4438 51135 92307 52045 51511 34501 48437 118589 27846 109805 83134 13570 34057 47803 51760 28350 6700 60990 13475 40422 34604 27711 28832 30715 3666 51488 21218 57348 42362 10532 20464 23033 115326 105746 30893 8487 36070 9426 87294 90413 14506 36362 22179 41075 79339 59637 67982 93704 91625 34964 30470 17206 63739 52475 53287 29955 47008 25542 46748 60890 31696 51446 86470 25373 72784 81648
92632 20677 139904 178757 139242 128624 14576 99159 58215 71313 101580 62674 14928 116441 31410 41519 83778 41451 95214 48935 134574 26551 144801 50443 34869 137322 91518 0 161562 126717 123994 16740 105691 82692 171694 146882 55995 83342 68523 61141 97887 51988 12215 132834 6743 72549 50086 94279 99790 45254 82920 122763 92034 128351 37164 95841 44267 13960 84930 111816 51414 124318 63433 89627 103944 80282 101566 80907 86233 109783 108395 87853 96371 99271 130585 115902 96828 72061 100817 62222 40546 119694 83451 89539 96257 34301 23766 105275 116985 69522 121555 56599 66796 37688 181519 119209 87402 76408 74772 49910 110918 137480 92632 137322 116878 123994 78983 116888 72549 14928 85315 162717 169296
71104 141574 37367 20056 49838 116759 150390 107413 161653 109101 91142 98956 162939 62465 152951 126058 118465 137166 122696 147103 27608 139112 55593 111167 156907 86317 90019 161562 0 138328 43305 145290 72708 128666 65471 40351 109528 104020 144475 115916 63678 110169 153875 131807 155367 141446 151693 85584 136889 136813 141610 40421 122019 41935 173378 69208 192600 148773 85993 56406 110438 39444 111082 86267 60923 102545 60492 124427 77710 61250 60026 92132 66018 70517 33233 49066 79611 98843 68547 150259 154029 63829 96931 72497 94616 139527 148467 87180 53669 106180 49053 167631 149353 151717 49703 176642 74746 120464 103399 150824 50711 106405 71104 86317 81222 43305 150816 59355 141446 162939 79433 55743 45091
93857 121085 148353 142506 88906 22462 128572 40729 77204 66762 54676 102871 115125 79087 96350 128412 46983 85869 177061 157059 117862 127386 167286 105050 94806 54741 64234 126717 138328 0 100112 121622 73208 44493 95941 99335 89608 151853 170915 73619 107696 112978 130429 10365 121119 54871 79043 66879 27139 145574 44840 107798 37259 98817 161807 91125 121686 124662 77410 91233 102261 107165 75033 70934 124653 62478 103154 47370 91933 85596 89135 65526 115511 82844 110896 99668 72059 77444 84152 169682 154965 76095 64844 100272 54978 137435 136228 56590 90369 71913 93444 83026 62798 90292 118445 44455 99199 53544 68108 78877 114053 36288 93857 54741 58087 100112 52208 82705 54871 115125 89553 95749 109627
31379 105203 49184 56433 24478 80272 114551 65428 118573 66047 48924 62167 123313 21075 111612 93582 75356 95427 109058 119275 18010 104492 69569 74122 115194 54931 46748 123994 43305 100112 0 108603 29787 85586 58997 26054 69224 85024 121845 73395 30769 75344 117981 95231 117464 98149 108935 42318 95002 107557 98552 8946 79479 5431 141691 28257 151310 112307 43302 13319 72763 7536 68697 43014 39917 59261 24688 81254 37774 17946 17014 48828 37744 27539 11023 8474 36311 56610 25595 125749 124178 24210 53650 35562 51859 107431 114652 45383 10551 63464 6668 124652 106065 109819 60022 135335 37388 77168 60356 108078 23999 73159 31379 54931 42099 0 107611 17508 98149 123313 38873 47429 48370
77242 3951 123168 162761 125015 120745 7206 90149 61289 60896 90273 46699 25233 102451 33338 25635 76245 36292 82326 40666 118494 11586 128206 34538 38413 126075 79371 16740 145290 121622 108603 0 92171 77133 158319 132166 42433 68047 59303 51139 81671 35370 10022 126654 11923 69777 50726 81658 95474 33433 79945 106913 85299 113138 40637 80678 58377 3808 71293 96792 35853 108532 52364 76653 87256 69394 85629 74475 71007 95166 93483 75728 79832 84831 114740 100379 83516 59188 86260 54532 35079 106013 71769 73672 85180 22057 15380 93603 102107 58119 106546 61502 66086 38811 166943 120139 71599 68998 63441 50271 94590 128243 77242 126075 104913 108603 78066 102601 69777 25233 70315 148896 154759
24946 89389 75507 83638 34325 55826 98925 35971 90878 39360 19508 50300 102109 11704 87901 83579 45765 71402 115103 112380 47594 90999 94084 59999 90697 40151 17907 105691 72708 73208 29787 92171 0 55958 66151 43544 49844 89341 119673 48315 36617 64341 102120 69957 98954 69094 82265 13589 65434 100002 68903 35833 49707 30846 129688 20904 126975 95979 20879 18405 57797 35683 44289 16537 52994 31268 30998 51760 26981 12701 15955 20759 45168 11762 40714 27031 8987 33756 12208 121638 114929 14046 25903 32356 22074 96765 101523 16676 19236 38295 23665 97224 77472 85074 76876 105927 32416 48184 33996 81454 40960 52871 24946 40151 19222 29787 78162 13802 69094 102109 25867 57050 64697
66318 76659 127264 138846 85928 47375 84079 24817 41105 27775 38520 64162 71993 66648 53320 85394 10239 41489 137851 113316 103040 83182 143032 63497 52766 65867 39093 82692 128666 44493 85586 77133 55958 0 108038 96501 48410 113814 128142 31246 80225 71793 85959 50142 76890 15666 38078 43443 19071 102190 12970 90604 10848 86782 117345 65399 84550 80171 47660 73123 60816 90835 34074 44173 96393 28837 77919 4931 61864 67791 69807 37758 86231 60101 96333 81454 49619 41047 61984 126280 110729 66473 33925 70653 34262 93498 91814 42978 75079 33273 79617 47802 25410 47647 125621 55298 68874 11657 31751 37649 90421 58794 66318 65867 52778 85586 22439 69478 15666 71993 59289 102905 114289
84999 155501 96086 57997 35472 73938 165044 83250 148571 102516 72906 114996 167245 56250 151683 148173 99857 135404 167949 175795 64822 156772 117043 125619 153671 43398 80777 171694 65471 95941 58997 158319 66151 108038 0 33971 115983 144012 180099 112435 89030 129037 168257 86600 164952 123609 142610 77591 106800 163654 118967 66394 97895 53599 195296 80751 189271 162126 87030 65544 123581 64348 109097 82073 98679 93445 82495 105712 89869 65009 67879 84378 96579 74357 61642 66673 74903 99634 73273 183446 179499 52358 89196 91271 78367 161753 167277 68521 59941 102929 57001 155272 133242 147961 24020 139947 92501 105414 97971 141919 82797 59654 84999 43398 56906 58997 129286 56806 123609 167245 89725 11755 20828
55535 128967 63995 43599 10822 77294 138447 72896 133884 82901 58006 86540 144686 31850 131227 118822 86779 114743 134253 145110 31314 128988 85233 98089 134171 46116 61165 146882 40351 99335 26054 132166 43544 96501 33971 0 91069 110728 147895 91756 56799 100174 141816 92195 140222 110922 125699 57022 101319 133275 109006 32654 88171 20662 166765 51714 170470 135936 62763 35568 96435 30583 87557 59906 64995 74637 50582 92937 61359 37100 38721 64243 63731 47657 27680 34320 52329 76325 46070 151783 149721 30459 69394 60777 62644 132635 139318 53523 30103 81686 25933 140345 119841 128570 34822 139674 62377 90493 77527 124900 49224 66248 55535 46116 44756 26054 118922 30466 110922 144686 61871 22216 22752
38520 39861 95090 125218 83251 83483 49329 52224 58902 22940 48872 17387 54091 60450 43683 39512 42810 28935 89473 69013 81947 42713 106097 15443 48067 84341 37346 55995 109528 89608 69224 42433 49844 48410 115983 91069 0 65865 81446 17287 47504 23517 52432 92253 49283 49920 46889 39325 67187 56944 57234 69372 52553 73190 81243 41028 83142 46234 28992 56494 12659 70660 14639 34233 59282 29410 49234 44040 31896 54006 52944 33775 49471 43413 77026 61571 41108 16910 45037 80805 69006 63784 30404 37563 44169 50584 53078 51795 61426 18253 66132 63424 52669 43346 125593 101998 35257 37141 23125 46001 60639 88702 38520 84341 62799 69224 60985 60920 49920 54091 30434 106781 113363
64434 64385 70801 123988 108958 140721 68807 111529 119559 86563 101129 49707 93098 93202 95457 42471 106902 87843 25841 47660 83993 56923 67356 52215 100988 129367 89367 83342 104020 151853 85024 68047 89341 113814 144012 110728 65865 0 40639 83102 55686 44079 71608 152389 79884 115520 107201 88138 132094 41517 123099 78168 116304 90439 77514 68642 126418 69733 75810 80232 54468 80248 79765 82973 46116 89432 62369 109200 63095 82877 79047 87228 47583 77620 84327 77453 85038 74561 77532 47157 56978 98165 87135 57029 98720 50066 61288 101594 85414 81068 87439 122271 117042 98707 142490 167859 56948 102252 84100 106420 61547 141213 64434 129367 108376 85024 126435 90958 115520 93098 64914 132450 131892
96218 57297 111341 164373 144634 164334 55667 133281 120261 104386 126852 71095 82386 126064 92539 42751 123949 91978 33329 19611 123268 48718 106052 66079 97701 159403 114575 68523 144475 170915 121845 59303 119673 128142 180099 147895 81446 40639 0 97413 91197 58625 56752 173680 68400 124796 109069 114713 147212 26717 134209 116010 133697 127256 46039 100606 112148 58660 101969 114718 68880 118067 95913 109144 85145 110199 97641 124311 92769 116130 112757 111600 84253 108656 122791 113709 113358 95720 109121 8531 29112 130820 109800 89325 123143 37493 45351 128527 120255 99551 123116 120782 123076 97719 180959 177098 88446 117685 104028 108507 99605 167853 96218 159403 137474 121845 134445 124494 124796 82386 93813 168869 169859
45949 49649 106390 129754 82613 69925 58345 39041 46563 10202 40621 33941 54911 59938 39626 54804 26661 23145 106741 83564 88508 54735 119391 32253 42417 76223 31712 61141 115916 73619 73395 51139 48315 31246 112435 91756 17287 83102 97413 0 57896 40550 60907 77162 54540 33280 35845 35269 50175 71964 40036 75578 36360 76402 91666 46973 78722 54687 30093 60085 29572 76474 4982 31851 72047 19297 57817 27050 39826 56181 56386 28187 61828 45896 82709 66861 39433 17166 47818 96066 82148 62114 23249 47607 35218 64177 64364 44541 64060 10090 68964 52098 37411 36838 125097 84812 45418 20294 14520 34965 70203 77115 45949 76223 56280 73395 44430 61406 33280 54911 37584 104475 112957
14173 77996 48495 81213 53649 92020 86958 67655 104335 54310 53119 35301 99636 37998 91129 63957 70604 76269 80768 88655 36907 76034 62818 47496 95570 75168 44070 97887 63678 107696 30769 81671 36617 80225 89030 56799 47504 55686 91197 57896 0 46813 90440 105627 91694 88930 93043 40916 94723 77102 92543 26236 77889 36138 112051 16584 130324 85197 32654 24568 46847 28129 52932 37578 16968 51399 6682 75329 18567 27699 23694 43792 8670 25333 33880 22520 35665 41345 24462 94985 93929 42976 46583 10296 52906 77761 85796 51916 29738 49738 32053 109572 94801 90789 90603 134806 12530 69380 49157 92147 13267 89436 14173 75168 55677 30769 99717 35471 88930 99636 21090 77702 79097
44660 31545 88168 128021 94281 105710 40222 74680 75895 46216 68725 14089 56479 72888 53740 19248 66301 44072 66442 48347 83718 29281 94810 8374 59119 102632 56505 51988 110169 112978 75344 35370 64341 71793 129037 100174 23517 44079 58625 40550 46813 0 43707 115250 46265 71836 63492 57171 90659 35940 79946 72643 76031 80240 66610 48642 89389 38713 44729 64655 10980 74386 38148 51602 51998 51593 51366 67507 39224 64164 61732 53345 44480 54744 80431 66918 56838 37127 55765 58859 50631 77139 51247 39798 64742 32719 39313 70795 70224 41152 74243 79068 72982 56016 134927 124511 37966 60632 45456 62683 59470 109587 44660 102632 80605 75344 82609 72247 71836 56479 39324 118731 122927
86679 12852 130449 171643 134813 130262 3485 99845 66583 70758 100262 55870 25676 112318 38670 30552 85598 44626 82999 37270 127339 15596 134286 43867 43116 136073 89392 12215 153875 130429 117981 10022 102120 85959 168257 141816 52432 71608 56752 60907 90440 43707 0 135774 11997 77639 57026 91676 103980 33040 87936 115987 94480 122603 31387 90218 56479 6273 81245 106363 45388 117655 62288 86660 94993 79328 94674 83539 80541 104885 103104 85747 88078 94614 123808 109695 93493 69206 96009 50838 29668 115930 81770 82808 95148 22135 11602 103613 111728 68087 116110 65872 73121 44676 176618 126712 80791 78296 73410 56688 103176 138019 86679 136073 114933 117981 85263 112402 77639 25676 79946 158768 164453
92172 125830 144071 134895 82046 15104 133722 40981 85621 69329 52650 104268 121882 74480 103117 131575 50683 91556 177905 160676 112657 131670 163562 107602 101989 46645 63407 132834 131807 10365 95231 126654 69957 50142 86600 92195 92253 152389 173680 77162 105627 115250 135774 0 126998 62193 86457 65455 34791 148914 52602 103301 41365 93451 167140 89076 130283 129851 76918 87396 104801 102496 77946 70041 122462 63848 100631 52235 90966 81893 85643 65230 113754 80389 105771 95598 70069 78762 81506 172936 159202 71025 65365 98945 53982 141335 140889 53764 85940 74141 88604 91662 70708 97213 109479 54552 98090 57748 69842 86215 110892 27223 92172 46645 53220 95231 60792 78113 62193 121882 88715 87063 101102
86124 15786 134393 172407 132534 122443 12757 92756 54830 64693 94913 56416 14111 109722 27152 37535 77586 35453 93344 49053 128280 23066 139922 44199 31318 130678 84794 6743 155367 121119 117464 11923 98954 76890 164952 140222 49283 79884 68400 54540 91694 46265 11997 126998 0 67384 45753 87541 94327 43713 77748 116374 86013 121779 41415 89278 46621 10398 78201 105215 45038 117906 56747 82884 98260 73632 95229 74916 79692 103122 101777 81128 90447 92594 124190 109411 90088 65318 94153 62724 41665 112960 76746 83185 89605 32379 23050 98583 110357 62822 114947 53924 62188 33314 174836 115331 81026 70217 68082 45485 104788 131081 86124 130678 110172 117464 74381 110190 67384 14111 78728 155984 162610
75665 70058 137041 152627 100508 61686 76271 40360 25516 34620 53016 67077 60351 80280 41627 82440 24259 33582 138194 108455 115092 77549 151442 63501 39939 81534 51446 72549 141446 54871 98149 69777 69094 15666 123609 110922 49920 115520 124796 33280 88930 71836 77639 62193 67384 0 24268 55884 27735 98225 10372 102363 26350 99855 108685 75503 69510 72344 57412 85234 61108 102812 37630 55461 104185 39186 87600 18138 70370 80205 81733 49369 93911 71527 108602 93228 61839 47800 73480 121940 104548 80598 44763 78862 48283 88482 85030 57567 87805 39375 92517 32189 9755 35486 140824 52823 76847 20982 39910 24048 100218 73876 75665 81534 67910 98149 11151 82851 0 60351 67874 118248 129351
81686 52017 141355 165099 115926 85351 56329 60687 12405 43092 69887 63655 36797 93956 18692 68802 43547 19421 127233 91168 124335 60404 152981 55986 15914 102213 64536 50086 151693 79043 108935 50726 82265 38078 142610 125699 46889 107201 109069 35845 93043 63492 57026 86457 45753 24268 0 68704 51942 82430 34225 111400 48822 111659 87050 82816 47024 52549 65724 95618 54345 112263 40765 66415 106018 51062 93458 38446 75422 91405 91930 61506 96035 81397 118466 102627 73791 53007 83347 104998 85720 95378 56364 82772 64533 71654 66033 74394 99293 45522 104189 16580 16864 12448 157777 69687 80514 37295 48708 896 105691 96806 81686 102213 85774 108935 28967 95871 24268 36797 73274 136016 145870
26979 79179 84974 97115 47497 52794 88623 26795 77304 25943 13033 43723 89739 25255 74886 76048 33207 58414 113938 105496 59607 81729 102224 51545 77475 45574 4438 94279 85584 66879 42318 81658 13589 43443 77591 57022 39325 88138 114713 35269 40916 57171 91676 65455 87541 55884 68704 0 54984 93097 56405 47180 38495 44007 120417 24449 113692 85444 12771 29681 49051 47392 31590 5583 57882 17679 36876 38995 25572 24412 26386 7226 48633 17185 52941 38042 6208 22470 18925 115790 106992 26924 12376 33518 11993 88580 92195 13833 31924 25453 36639 83638 64054 71818 89874 95544 32637 34907 20777 67898 48698 53518 26979 45574 23662 42318 65307 27339 55884 89739 23428 69270 77768
80560 95220 139945 144758 90499 37043 102291 29583 50892 45542 46078 82390 88005 74534 69238 104464 25355 59356 156456 132286 112951 101985 157011 82408 67673 63404 51135 99790 136889 27139 95002 95474 65434 19071 106800 101319 67187 132094 147212 50175 94723 90659 103980 34791 94327 27735 51942 54984 0 121232 17838 101231 16849 95195 135294 78884 95586 98362 62250 83677 79699 101116 52666 57289 111413 44257 91504 23152 77006 78036 80766 50957 101500 72167 106011 92285 61077 58163 73874 145311 129474 73122 48369 85803 43640 112424 110372 49777 84509 51057 88575 57047 35931 63162 126819 40595 84262 30052 48559 51759 103609 50924 80560 63404 56596 95002 26313 77826 27735 88005 74447 103658 116350
78657 30998 108032 155999 128432 140424 31110 109168 93762 79678 104462 49765 57814 107936 66258 17438 98624 65274 49966 12410 112580 22298 107940 42135 71537 138571 92307 45254 136813 145574 107557 33433 100002 102190 163654 133275 56944 41517 26717 71964 77102 35940 33040 148914 43713 98225 82430 93097 121232 0 107758 103234 108318 112778 37205 82909 89517 33454 80664 98350 44864 105179 70979 87534 75893 86275 82876 98551 74004 98668 95807 89056 71921 89893 110680 99110 92718 72470 90718 24117 17219 112386 86599 72633 100274 11408 21563 106672 103987 75196 107547 94548 96363 71246 167574 150410 71237 92085 80003 81853 87903 145130 78657 138571 116543 107557 107769 106948 98225 57814 74494 152960 155878
78785 80104 139934 151588 98355 53460 86512 36476 33347 38942 51168 73911 70624 79500 51939 91643 23208 43671 146384 118228 116007 87427 155352 71573 50056 76087 52045 82920 141610 44840 98552 79945 68903 12970 118967 109006 57234 123099 134209 40036 92543 79946 87936 52602 77748 10372 34225 56405 17838 107758 0 103553 21234 99709 119029 78058 78009 82581 60161 86086 69046 103797 43779 57007 108450 41348 90504 17527 74057 80761 82759 50621 98225 72993 109302 94401 62575 52416 74887 131610 114585 79175 46615 82782 47108 98252 95140 55550 88041 44228 92566 39704 18107 45763 137366 44776 80916 23177 43557 34090 103057 66450 78785 76087 64837 98552 10319 82377 10372 70624 71496 114457 126237
30852 103358 40791 56071 32840 88441 112520 71804 121590 69134 55326 60214 123161 28824 112610 90160 80375 96757 101612 114638 12937 101924 60865 72404 116510 63802 51511 122763 40421 107798 8946 106913 35833 90604 66394 32654 69372 78168 116010 75578 26236 72643 115987 103301 116374 102363 111400 47180 101231 103234 103553 0 85268 13455 138275 28787 152295 110535 45838 17596 71351 2081 70714 46905 32342 63185 21315 86083 37477 23196 20797 53102 31844 30839 7828 9158 40988 58464 28883 120344 120128 32500 57599 33247 57672 103978 111836 52159 17429 65945 14991 127459 109817 111301 64976 141755 35361 81486 63445 110526 16621 81805 30852 63802 50081 8946 112235 25190 102363 123161 39086 54684 53897
63731 84471 123440 131103 77449 36982 92381 15329 51859 29980 30903 66736 81976 59574 63460 91155 9755 50591 141043 119845 97289 90426 140265 67982 63227 55339 34501 92034 122019 37259 79479 85299 49707 10848 97895 88171 52553 116304 133697 36360 77889 76031 94480 41365 86013 26350 48822 38495 16849 108318 21234 85268 0 80109 125822 62130 95393 88521 45401 67672 65208 85277 37923 40520 94565 27582 74759 11144 60165 62111 64612 34152 84654 55661 90421 76221 44659 41898 57419 132424 117992 58771 31531 68958 27644 100296 99544 35054 68932 35360 73216 58539 36102 57973 116134 57137 67429 16426 32282 48364 86948 47990 63731 55339 43726 79479 31504 62675 26350 81976 57609 93228 105032
35925 109794 52036 53441 19398 78395 119188 65639 120963 68605 49269 66894 127255 20662 115072 98628 76603 98771 114406 124545 19236 109303 72814 78739 118495 51657 48437 128351 41935 98817 5431 113138 30846 86782 53599 20662 73190 90439 127256 76402 36138 80240 122603 93451 121779 99855 111659 44007 95195 112778 99709 13455 80109 0 146697 32512 154712 116865 46392 16709 77286 11627 71816 45338 45205 61369 29963 82606 42152 20258 20329 50823 43175 30575 12517 13689 38248 59895 28708 131123 129337 22776 55796 40540 52682 112470 119521 45418 12367 66375 7471 127150 108044 113050 54858 135261 42281 78895 62956 110814 29283 70462 35925 51657 40759 5431 109008 17435 99855 127255 43055 42011 43102
111269 42063 145235 192272 160816 161378 33476 130706 95364 101253 129973 80456 51725 139046 68366 48144 116854 75968 78798 30219 148395 38733 144676 69727 72027 165577 118589 37164 173378 161807 141691 40637 129688 117345 195296 166765 81243 77514 46039 91666 112051 66610 31387 167140 41415 108685 87050 120417 135294 37205 119029 138275 125822 146697 0 115239 73394 37307 109080 131264 71892 140131 92581 115132 112582 109501 117296 114910 105752 130670 128330 115012 107780 120954 145923 133225 121468 98139 122108 37648 20547 143064 111424 106158 125058 34302 28229 133027 136834 98113 140832 93510 103589 74605 201481 156366 104442 109582 103402 86820 123676 168677 111269 165577 144003 141691 115785 138641 108685 51725 105666 185202 189515
4389 77384 61878 84240 45688 75593 86824 51240 93302 41300 36536 34852 95094 25459 83904 67583 55463 67979 94334 95087 41656 77281 78135 46405 87740 60730 27846 95841 69208 91125 28257 80678 20904 65399 80751 51714 41028 68642 100606 46973 16584 48642 90218 89076 89278 75503 82816 24449 78884 82909 78058 28787 62130 32512 115239 0 123611 84419 18091 16161 44843 29878 42059 21612 33527 36728 12630 60596 9677 15765 13091 28016 24736 9168 36224 20570 19081 29809 8890 103257 98816 30235 31475 11645 36435 81294 87636 35431 21635 37594 25896 99019 82274 82516 86533 119242 12175 55140 35732 81935 25023 73662 4389 60730 40121 28257 85921 24091 75503 95094 10619 70192 74441
121499 62044 176435 207712 161186 131155 58580 107708 44697 87763 116378 96090 33467 138634 39715 83964 90568 55945 139469 92561 164996 69688 184199 84837 36308 149235 109805 44267 192600 121686 151310 58377 126975 84550 189271 170470 83142 126418 112148 78722 130324 89389 56479 130283 46621 69510 47024 113692 95586 89517 78009 152295 95393 154712 73394 123611 0 56951 108364 138133 84600 153475 83048 110566 139980 96476 132374 85363 114890 134637 134451 106485 131027 124146 159830 144135 118140 94818 126003 105274 83356 140617 101368 120617 110938 78474 68022 120807 142463 88805 147345 38662 60113 41901 203509 98973 118317 84251 92988 47632 143565 143298 121499 149235 132366 151310 69526 140123 69510 33467 113209 182247 191444
80957 7201 126228 166334 128811 124152 3934 93657 62697 64509 93989 50330 24406 106255 34654 27625 79556 39040 82962 39611 122051 12811 130858 38207 39484 129801 83134 13960 148773 124662 112307 3808 95979 80171 162126 135936 46234 69733 58660 54687 85197 38713 6273 129851 10398 72344 52549 85444 98362 33454 82581 110535 88521 116865 37307 84419 56951 0 75100 100542 39581 112168 56022 80450 90453 73061 89239 77633 74746 98948 97244 79487 83192 88623 118361 104067 87321 62975 90046 53434 33222 109820 75499 77304 88876 22071 13678 97345 105869 61815 110295 62518 68269 40397 170718 122159 75247 72277 67138 52146 98064 131802 80957 129801 108675 112307 80335 106397 72344 24406 74076 152701 158537
18659 68528 79834 99675 54456 64911 78060 36687 75752 23363 25453 31075 81946 31565 68797 63782 37953 52421 101545 93073 58765 70351 95400 39601 72115 57912 13570 84930 85993 77410 43302 71293 20879 47660 87030 62763 28992 75810 101969 30093 32654 44729 81245 76918 78201 57412 65724 12771 62250 80664 60161 45838 45401 46392 109080 18091 108364 75100 0 29992 37258 46601 25432 7275 49179 18833 30359 42795 14823 26276 26293 11895 39260 15826 52760 36941 12387 13609 17732 103151 94937 34791 13940 23571 22974 76608 80870 26604 34103 20202 38992 81653 64280 66659 96957 102169 22138 37126 17720 64859 42946 66255 18659 57912 35880 43302 67855 32333 57412 81946 12310 77798 84727
19995 93525 57196 69697 30131 72837 102975 54321 105311 52767 37904 50972 110549 14241 98460 83441 62886 82215 105320 110388 29936 93421 76183 62565 101968 51756 34057 111816 56406 91233 13319 96792 18405 73123 65544 35568 56494 80232 114718 60085 24568 64655 106363 87396 105215 85234 95618 29681 83677 98350 86086 17596 67672 16709 131264 16161 138133 100542 29992 0 60979 17713 55404 29876 38465 46179 17898 68660 25830 5708 3699 35867 32982 14221 23368 8631 23527 43359 12276 117911 114529 19050 40565 25761 40086 97213 103754 34978 5637 50145 9755 111364 92976 96567 70381 124228 27121 64282 47071 94761 24205 67845 19995 51756 34606 13319 94913 11181 85234 110549 26514 54634 58309
41393 32545 91835 127369 89608 95708 42012 64518 66717 35550 59810 11632 52942 67378 46851 27465 55463 35073 77344 57109 83257 33217 100570 2801 51950 94600 47803 51414 110438 102261 72763 35853 57797 60816 123581 96435 12659 54468 68880 29572 46847 10980 45388 104801 45038 61108 54345 49051 79699 44864 69046 71351 65208 77286 71892 44843 84600 39581 37258 60979 0 72905 27287 43603 55384 41503 50191 56548 35167 59570 57718 44428 46542 49441 79172 64576 49637 27658 50754 68496 57968 71256 41756 38146 55471 39535 43739 62286 66342 30674 70729 70397 62700 48169 131244 113677 35993 49687 35263 53500 60052 100296 41393 94600 72707 72763 71976 67236 61108 52942 34570 113758 119091
32156 104999 41727 54633 30957 87584 114192 71624 122335 69823 55118 61838 124539 28091 113774 92004 80598 97847 103676 116614 12281 103665 62037 74006 117613 62460 51760 124318 39444 107165 7536 108532 35683 90835 64348 30583 70660 80248 118067 76474 28129 74386 117655 102496 117906 102812 112263 47392 101116 105179 103797 2081 85277 11627 140131 29878 153475 112168 46601 17713 72905 0 71639 47361 34412 63668 23023 86362 38773 23171 21095 53479 33879 31359 6366 9670 41229 59403 29391 122378 122050 31548 58066 34864 57645 105831 113614 51826 16878 66764 13941 128254 110384 112369 62933 141592 36942 81893 64125 111392 18702 80668 32156 62460 49294 7536 112584 24465 102812 124539 40295 52632 51828
40979 50531 101428 125099 78613 69830 59545 38619 51545 8826 38188 30216 58162 55817 43670 53629 28175 27188 103821 82836 83638 54926 114554 30059 46754 74001 28350 63433 111082 75033 68697 52364 44289 34074 109097 87557 14639 79765 95913 4982 52932 38148 62288 77946 56747 37630 40765 31590 52666 70979 43779 70714 37923 71816 92581 42059 83048 56022 25432 55404 27287 71639 0 27754 67202 17044 52838 29561 34844 51643 51705 24724 56966 41258 77894 62047 35333 12255 43161 94990 82039 58215 20074 42646 32944 63821 64877 41843 59503 6171 64400 57061 42205 41254 121161 88477 40466 22623 11340 39882 65221 76141 40979 74001 53476 68697 48773 57131 37630 58162 32606 100853 108986
23418 74082 83218 98755 50859 57779 83562 30356 75641 23322 18199 38141 85636 28094 71388 70512 34081 54890 108736 99935 59642 76416 99745 46065 74265 51091 6700 89627 86267 70934 43014 76653 16537 44173 82073 59906 34233 82973 109144 31851 37578 51602 86660 70041 82884 55461 66415 5583 57289 87534 57007 46905 40520 45338 115132 21612 110566 80450 7275 29876 43603 47361 27754 0 54449 16313 34241 39481 21014 25165 26313 6450 44859 16086 53222 37767 7588 17576 18028 110207 101507 30512 10706 29388 16075 83111 86903 19385 33003 21792 37871 81812 63099 68670 93413 97632 28265 34592 17751 65581 46514 58985 23418 51091 29123 43014 65395 29610 55461 85636 18691 73369 81233
31038 83369 36461 80261 64353 108698 91542 84608 117773 69737 70043 43997 107897 52646 101822 65868 86990 88132 69278 86270 38131 79705 47352 55220 106660 90187 60990 103944 60923 124653 39917 87256 52994 96393 98679 64995 59282 46116 85145 72047 16968 51998 94993 122462 98260 104185 106018 57882 111413 75893 108450 32342 94565 45205 112582 33527 139980 90453 49179 38465 55384 34412 67202 54449 0 67690 21998 91470 34562 42760 38663 60580 10274 42076 38219 33314 52603 56392 41033 90229 93111 57509 63107 25748 69871 79017 88475 68705 42686 64810 43505 122594 109404 102318 96382 151291 27538 85285 64894 105125 15923 105483 31038 90187 71735 39917 115146 49636 104185 107897 37140 86995 85807
37488 67490 98593 114662 64929 54207 76567 23088 59676 9138 21335 40489 74152 42927 58247 68838 19314 41976 114583 98403 75949 71536 114197 44282 60438 57046 13475 80282 102545 62478 59261 69394 31268 28837 93445 74637 29410 89432 110199 19297 51399 51593 79328 63848 73632 39186 51062 17679 44257 86275 41348 63185 27582 61369 109501 36728 96476 73061 18833 46179 41503 63668 17044 16313 67690 0 49157 23963 33129 41348 42626 10572 57600 32347 69533 54060 23123 14984 34303 109998 98300 44353 5615 41945 15975 79924 81648 25261 49110 11421 53930 65976 46808 54741 107060 83627 40255 18458 6285 50264 61711 59442 37488 57046 37015 59261 49301 44987 39186 74152 30551 85868 95042
11985 82057 49485 77191 47071 86746 91206 63648 104377 53119 48478 38940 102451 31488 92872 69153 68038 77502 87423 94591 33098 80644 65509 51153 97075 68825 40422 101566 60492 103154 24688 85629 30998 77919 82495 50582 49234 62369 97641 57817 6682 51366 94674 100631 95229 87600 93458 36876 91504 82876 90504 21315 74759 29963 117296 12630 132374 89239 30359 17898 50191 23023 52838 34241 21998 49157 0 73089 18037 21258 17199 40644 15140 20316 29134 16274 31206 40799 19125 101267 99544 36456 44005 12054 48811 82999 90614 46874 23060 48983 25494 109866 94019 92089 84698 131872 14268 67483 47695 92567 12618 83564 11985 68825 49794 24688 98164 28864 87600 102451 20236 71229 73048
61450 73789 122471 134970 82461 48062 81513 22614 42892 22945 34954 59511 70870 62660 52414 81600 6159 39475 133382 109849 98595 80017 138142 59260 52373 64156 34604 80907 124427 47370 81254 74475 51760 4931 105712 92937 44040 109200 124311 27050 75329 67507 83539 52235 74916 18138 38446 38995 23152 98551 17527 86083 11144 82606 114910 60596 85363 77633 42795 68660 56548 86362 29561 39481 91470 23963 73089 0 56949 63396 65297 33098 81305 55474 91934 76927 45134 36153 57373 122664 107596 62720 29126 65734 30389 90132 88912 39486 70781 28461 75378 49603 27579 47029 122692 60209 63949 6951 26826 37919 85611 58578 61450 64156 49778 81254 26402 65390 18138 70870 54375 100154 111213
6624 67708 66844 93371 55070 78336 77148 51284 86389 35750 38572 25302 85804 33932 75253 58306 52430 59643 88935 86279 50106 67669 81306 36737 79306 67049 27711 86233 77710 91933 37774 71007 26981 61864 89869 61359 31896 63095 92769 39826 18567 39224 80541 90966 79692 70370 75422 25572 77006 74004 74057 37477 60165 42152 105752 9677 114890 74746 14823 25830 35167 38773 34844 21014 34562 33129 18037 56949 0 24940 22664 26608 24510 15976 45137 29826 21950 22941 16714 94974 89635 38431 28638 8821 37069 71934 78052 38604 31261 31268 35571 91839 76370 74231 96181 116739 7322 50881 30600 74531 30383 78121 6624 67049 45518 37774 81151 33063 70370 85804 2578 79506 84072
20077 92034 62884 73695 30149 67425 101545 48641 100802 48370 32205 50216 107817 10339 95068 83219 57553 78696 108259 110852 35277 92453 81749 61359 98376 47579 28832 109783 61250 85596 17946 95166 12701 67791 65009 37100 54006 82877 116130 56181 27699 64164 104885 81893 103122 80205 91405 24412 78036 98668 80761 23196 62111 20258 130670 15765 134637 98948 26276 5708 59570 23171 51643 25165 42760 41348 21258 63396 24940 0 4098 30887 36335 10635 28543 14330 18367 39861 8973 118942 114507 15317 35743 26810 34489 96871 102884 29276 7892 46136 12795 106948 88139 92896 71793 118569 27750 59226 42710 90559 29263 62916 20077 47579 29389 17946 89719 8369 80205 107817 25068 54566 59596
17180 90257 59607 73396 32655 71265 99730 51561 101658 49108 35274 47928 106969 14304 94785 80644 59578 78528 104356 107920 33366 90332 78152 59373 98278 51663 30715 108395 60026 89135 17014 93483 15955 69807 67879 38721 52944 79047 112757 56386 23694 61732 103104 85643 101777 81733 91930 26386 80766 95807 82759 20797 64612 20329 128330 13091 134451 97244 26293 3699 57718 21095 51705 26313 38663 42626 17199 65297 22664 4098 0 32386 32307 10536 26911 11657 20191 39666 8584 115738 111834 19281 37015 23482 37128 94372 100705 32631 8625 46450 13192 107696 89401 92872 73539 121350 24625 60803 43409 91072 25335 66970 17180 51663 33378 17014 91492 11926 81733 106969 23169 57179 61413
29620 73421 89668 104091 54714 53671 82778 24798 70248 18725 15407 40563 82868 32451 67764 71787 27641 51315 112858 101398 65753 76467 106131 47054 70286 50566 3666 87853 92132 65526 48828 75728 20759 37758 84378 64243 33775 87228 111600 28187 43792 53345 85747 65230 81128 49369 61506 7226 50957 89056 50621 53102 34152 50823 115012 28016 106485 79487 11895 35867 44428 53479 24724 6450 60580 10572 40644 33098 26608 30887 32386 0 50844 22382 59233 43947 12577 16938 24292 112199 102326 34134 5152 35232 11661 83869 86852 18022 38597 18554 43397 76539 57264 64623 97053 91233 33928 28418 13668 60696 52954 56276 29620 50566 29189 48828 59135 34431 49369 82868 24145 76288 84964
21657 76023 45684 84530 61395 100328 84598 75174 107704 59475 61134 34959 99414 46610 92455 60098 76913 78393 72380 83048 40685 73141 57604 46679 97179 83834 51488 96371 66018 115511 37744 79832 45168 86231 96579 63731 49471 47583 84253 61828 8670 44480 88078 113754 90447 93911 96035 48633 101500 71921 98225 31844 84654 43175 107780 24736 131027 83192 39260 32982 46542 33879 56966 44859 10274 57600 15140 81305 24510 36335 32307 50844 0 33725 38963 29919 43687 46120 32973 88501 88998 51582 53140 15698 60564 73686 82451 60166 37959 54537 39857 112615 99161 92699 96812 141226 17359 75071 54669 95140 15982 98024 21657 83834 64284 37744 104876 44002 93911 99414 27081 85107 85611
13194 81772 67790 83859 40200 66689 91304 43644 91143 38590 28176 40672 97182 18144 84530 73948 49929 68201 103363 102198 43631 82521 85197 51360 87920 51777 21218 99271 70517 82844 27539 84831 11762 60101 74357 47657 43413 77620 108656 45896 25333 54744 94614 80389 92594 71527 81397 17185 72167 89893 72993 30839 55661 30575 120954 9168 124146 88623 15826 14221 49441 31359 41258 16086 42076 32347 20316 55474 15976 10635 10536 22382 33725 0 37338 21722 11141 29329 1972 110945 105329 22493 26765 20606 28835 87437 93001 26629 18335 35931 23202 97166 79025 82478 82250 112729 20761 50678 32889 80540 31632 64498 13194 51777 30963 27539 81476 17800 71527 97182 15439 64332 70032
38519 111184 39605 48290 30244 90747 120340 76442 128440 75897 59933 68041 130893 32008 120126 97837 86095 104177 107119 121969 7004 109710 60527 80231 123947 64113 57348 130585 33233 110896 11023 114740 40714 96333 61642 27680 77026 84327 122791 82709 33880 80431 123808 105771 124190 108602 118466 52941 106011 110680 109302 7828 90421 12517 145923 36224 159830 118361 52760 23368 79172 6366 77894 53222 38219 69533 29134 91934 45137 28543 26911 59233 38963 37338 0 15848 46839 65672 35366 127347 127638 34822 63920 41074 62783 111639 119592 56406 21511 72950 17604 134401 116312 118690 58242 146357 43185 87645 70195 117598 23203 82978 38519 64113 52816 11023 118235 28481 108602 130893 46659 49890 47599
23300 96942 48691 63671 31510 80910 106255 62950 112666 60153 46533 53841 115596 21457 104421 85112 71228 88401 101890 110858 21916 96098 67993 65862 108177 58195 42362 115902 49066 99668 8474 100379 27031 81454 66673 34320 61571 77453 113709 66861 22520 66918 109695 95598 109411 93228 102627 38042 92285 99110 94401 9158 76221 13689 133225 20570 144135 104067 36941 8631 64576 9670 62047 37767 33314 54060 16274 76927 29826 14330 11657 43947 29919 21722 15848 0 31845 49829 19760 117479 115710 25772 48467 27123 48673 98961 106231 43563 10123 57117 10199 118594 100739 102892 68482 132845 28990 72338 54454 101758 17797 75222 23300 58195 42530 8474 103079 17932 93228 115596 31138 55251 56783
22128 80818 78869 91556 43286 56842 90337 32523 82769 30733 17462 42973 93124 20507 78975 75986 39388 62478 110879 105126 53462 82738 96328 51956 81844 46078 10532 96828 79611 72059 36311 83516 8987 49619 74903 52329 41108 85038 113358 39433 35665 56838 93493 70069 90088 61839 73791 6208 61077 92718 62575 40988 44659 38248 121468 19081 118140 87321 12387 23527 49637 41229 35333 7588 52603 23123 31206 45134 21950 18367 20191 12577 43687 11141 46839 31845 0 24816 12799 114884 107218 23017 17571 29113 17700 88927 93256 16763 26026 29380 30819 89017 69833 76241 85849 101657 28554 40859 25244 72966 42766 56174 22128 46078 24117 36311 71398 22105 61839 93124 20186 65978 73662
28866 56726 89766 113040 67824 68647 66157 37856 63628 13475 32219 25518 68472 44909 55209 55110 32809 38876 99623 84753 71385 59546 103647 30346 58613 67471 20464 72061 98843 77444 56610 59188 33756 41047 99634 76325 16910 74561 95720 17166 41345 37127 69206 78762 65318 47800 53007 22470 58163 72470 52416 58464 41898 59895 98139 29809 94818 62975 13609 43359 27658 59403 12255 17576 56392 14984 40799 36153 22941 39861 39666 16938 46120 29329 65672 49829 24816 0 31187 95888 85436 47801 14147 31154 27815 66978 69953 34950 47656 8431 52531 69248 53460 53211 110381 96340 29085 29501 9623 52126 53285 72660 28866 67471 45889 56610 58758 45867 47800 68472 20588 90792 98160
13164 83160 66071 81943 38856 67666 92682 45206 93111 40558 29534 41725 98893 17218 86370 74928 51800 70063 103219 102991 41665 83755 83654 52613 89793 51841 23033 100817 68547 84152 25595 86260 12208 61984 73273 46070 45037 77532 109121 47818 24462 55765 96009 81506 94153 73480 83347 18925 73874 90718 74887 28883 57419 28708 122108 8890 126003 90046 17732 12276 50754 29391 43161 18028 41033 34303 19125 57373 16714 8973 8584 24292 32973 1972 35366 19760 12799 31187 0 111551 106289 21769 28716 20523 30435 88480 94217 27754 16530 37869 21371 99129 80993 84363 80735 114451 20896 52619 34856 82489 30102 65079 13164 51841 31404 25595 83406 16536 73480 98893 16455 63108 68528
98893 52980 117938 170040 147989 164201 50153 132987 115813 103642 127567 72080 76496 128665 87863 41360 122722 88679 41839 13866 128218 44721 113531 65721 92858 160948 115326 62222 150259 169682 125749 54532 121638 126280 183446 151783 80805 47157 8531 96066 94985 58859 50838 172936 62724 121940 104998 115790 145311 24117 131610 120344 132424 131123 37648 103257 105274 53434 103151 117911 68496 122378 94990 110207 90229 109998 101267 122664 94974 118942 115738 112199 88501 110945 127347 117479 114884 95888 111551 0 21918 133318 110033 92258 123591 33548 39821 129521 123506 99048 126614 115928 119602 93303 185306 173766 91192 116201 103751 104485 104153 168445 98893 160948 138933 125749 131223 127307 121940 76496 95807 172381 174001
94655 34490 125022 173190 144487 151857 29577 120655 95889 90865 117655 64719 55089 123462 67850 31389 108524 70966 59999 10361 129679 27580 124134 55447 72558 152558 105746 40546 154029 154965 124178 35079 114929 110729 179499 149721 69006 56978 29112 82148 93929 50631 29668 159202 41665 104548 85720 106992 129474 17219 114585 120128 117992 129337 20547 98816 83356 33222 94937 114529 57968 122050 82039 101507 93111 98300 99544 107596 89635 114507 111834 102326 88998 105329 127638 115710 107218 85436 106289 21918 0 127759 99345 88953 113121 18459 19704 120241 120157 86937 123881 95463 101156 73618 184188 155216 87430 101568 92031 85292 104976 157697 94655 152558 130630 124178 113099 122696 104548 55089 89892 169004 172398
34624 103158 73259 72416 20586 56063 112702 43803 103427 52860 28011 63050 116135 4981 101738 96370 56574 85247 123574 124690 41773 104466 93297 73342 104395 32717 30893 119694 63829 76095 24210 106013 14046 66473 52358 30459 63784 98165 130820 62114 42976 77139 115930 71025 112960 80598 95378 26924 73122 112386 79175 32500 58771 22776 143064 30235 140617 109820 34791 19050 71256 31548 58215 30512 57509 44353 36456 62720 38431 15317 19281 34134 51582 22493 34822 25772 23017 47801 21769 133318 127759 0 39265 41723 32337 109779 114981 23720 15655 52165 17612 109897 89425 98742 62983 112835 42410 60058 47673 94590 43032 49497 34624 32717 18009 24210 88909 7947 80598 116135 37910 43025 50853
32522 69615 93347 109127 59848 54685 78878 24410 65197 13606 18552 39165 78079 37599 62742 69220 24064 46325 112559 98864 70347 73068 109276 44466 65193 54307 8487 83451 96931 64844 53650 71769 25903 33925 89196 69394 30404 87135 109800 23249 46583 51247 81770 65365 76746 44763 56364 12376 48369 86599 46615 57599 31531 55796 111424 31475 101368 75499 13940 40565 41756 58066 20074 10706 63107 5615 44005 29126 28638 35743 37015 5152 53140 26765 63920 48467 17571 14147 28716 110033 99345 39265 0 37442 13776 80896 83358 21880 43519 13935 48350 71456 52422 59521 102152 88230 35898 23944 8790 55552 56496 58541 32522 54307 33427 53650 54781 39542 44763 78079 26078 81270 90077
7411 70137 58783 89224 55890 85943 79349 59744 94040 44270 46329 26975 90445 36866 81245 58096 61250 66169 82758 84634 45150 69006 72642 39157 85583 72340 36070 89539 72497 100272 35562 73672 32356 70653 91271 60777 37563 57029 89325 47607 10296 39798 82808 98945 83185 78862 82772 33518 85803 72633 82782 33247 68958 40540 106158 11645 120617 77304 23571 25761 38146 34864 42646 29388 25748 41945 12054 65734 8821 26810 23482 35232 15698 20606 41074 27123 29113 31154 20523 92258 88953 41723 37442 0 45301 71934 79110 45861 31394 39572 34936 99292 84580 80722 95364 125559 2307 59606 39259 81876 23117 84809 7411 72340 51502 35562 89720 35170 78862 90445 11397 80394 83483
38929 83150 96428 104610 52294 42055 92328 14839 71644 25017 5497 52171 89922 32394 73547 82924 24253 57518 124403 112567 69645 86794 114027 58160 75334 41075 9426 96257 94616 54978 51859 85180 22074 34262 78367 62644 44169 98720 123143 35218 52906 64742 95148 53982 89605 48283 64533 11993 43640 100274 47108 57672 27644 52682 125058 36435 110938 88876 22974 40086 55471 57645 32944 16075 69871 15975 48811 30389 37069 34489 37128 11661 60564 28835 62783 48673 17700 27815 30435 123591 113121 32337 13776 45301 0 94672 97048 9875 41309 27062 45662 78224 57241 69626 93404 84228 44281 28007 21739 63804 60465 44867 38929 41075 21501 51859 56659 35295 48283 89922 34766 71483 81641
77238 19811 112926 158216 126968 133647 19909 102405 82768 72638 99197 46766 46461 105580 55083 13851 90724 55140 61042 19977 114209 11251 114708 37048 60302 134135 87294 34301 139527 137435 107431 22057 96765 93498 161753 132635 50584 50066 37493 64177 77761 32719 22135 141335 32379 88482 71654 88580 112424 11408 98252 103978 100296 112470 34302 81294 78474 22071 76608 97213 39535 105831 63821 83111 79017 79924 82999 90132 71934 96871 94372 83869 73686 87437 111639 98961 88927 66978 88480 33548 18459 109779 80896 71934 94672 0 11225 101792 102811 68590 106714 83356 86060 60226 167293 140219 70264 83909 73648 71112 89513 139286 77238 134135 112229 107431 97679 104966 88482 46461 72032 151436 155373
83791 15158 123067 166803 133024 134287 10349 103319 76352 73641 101892 52785 37058 111039 48313 22626 90260 51471 71518 26054 122585 10525 125542 41659 53162 137416 90413 23766 148467 136228 114652 15380 101523 91814 167277 139318 53078 61288 45351 64364 85796 39313 11602 140889 23050 85030 66033 92195 110372 21563 95140 111836 99544 119521 28229 87636 68022 13678 80870 103754 43739 113614 64877 86903 88475 81648 90614 88912 78052 102884 100705 86852 82451 93001 119592 106231 93256 69953 94217 39821 19704 114981 83358 79110 97048 11225 0 104873 109271 70230 113410 76187 81466 53989 174115 135512 77267 83141 75483 65598 98037 141008 83791 137416 115795 114652 93435 110749 85030 37058 77823 157321 162063
38782 91373 92153 96103 42983 40174 100688 20234 81335 34398 4575 57493 99413 24759 83278 89514 33331 67148 127426 119052 63387 94489 110737 64861 85155 32551 14506 105275 87180 56590 45383 93603 16676 42978 68521 53523 51795 101594 128527 44541 51916 70795 103613 53764 98583 57567 74394 13833 49777 106672 55550 52159 35054 45418 133027 35431 120807 97345 26604 34978 62286 51826 41843 19385 68705 25261 46874 39486 38604 29276 32631 18022 60166 26629 56406 43563 16763 34950 27754 129521 120241 23720 21880 45861 9875 101792 104873 0 35005 35767 38870 87943 66720 79446 83650 89965 45314 37682 30503 73669 57471 39757 38782 32551 11763 45383 65405 28066 57567 99413 36684 61626 71961
25576 98881 58135 65807 24505 71140 108353 54951 108642 56246 38437 56486 115381 11497 102863 89049 64856 86518 110337 116023 28443 98915 77842 67986 106217 48119 36362 116985 53669 90369 10551 102107 19236 75079 59941 30103 61426 85414 120255 64060 29738 70224 111728 85940 110357 87805 99293 31924 84509 103987 88041 17429 68932 12367 136834 21635 142463 105869 34103 5637 66342 16878 59503 33003 42686 49110 23060 70781 31261 7892 8625 38597 37959 18335 21511 10123 26026 47656 16530 123506 120157 15655 43519 31394 41309 102811 109271 35005 0 54022 4905 114809 95859 100751 64924 124895 32757 66825 50593 98448 27641 65131 25576 48119 32740 10551 97159 7895 87805 115381 31793 49000 52812
37006 56132 98112 119764 72615 65239 65271 33973 55718 5529 32212 31404 64323 49886 49605 57765 25842 33107 105686 87239 78882 60117 112076 33474 52498 68043 22179 69522 106180 71913 63464 58119 38295 33273 102929 81686 18253 81068 99551 10090 49738 41152 68087 74141 62822 39375 45522 25453 51057 75196 44228 65945 35360 66375 98113 37594 88805 61815 20202 50145 30674 66764 6171 21792 64810 11421 48983 28461 31268 46136 46450 18554 54537 35931 72950 57117 29380 8431 37869 99048 86937 52165 13935 39572 27062 68590 70230 35767 54022 0 58927 61516 45104 46927 115137 88446 37513 21623 5324 44657 61528 70853 37006 68043 47359 63464 50354 51319 39375 64323 28858 94723 102978
29618 103274 55665 60911 21597 73666 112719 58991 113502 61134 42517 60646 120137 14418 107732 92910 69412 91400 112019 119485 24608 103103 75855 72298 111107 48961 41075 121555 49053 93444 6668 106546 23665 79617 57001 25933 66132 87439 123116 68964 32053 74243 116110 88604 114947 92517 104189 36639 88575 107547 92566 14991 73216 7471 140832 25896 147345 110295 38992 9755 70729 13941 64400 37871 43505 53930 25494 75378 35571 12795 13192 43397 39857 23202 17604 10199 30819 52531 21371 126614 123881 17612 48350 34936 45662 106714 113410 38870 4905 58927 0 119683 100642 105646 60705 128835 36474 71545 55486 103345 27876 66814 29618 48961 35445 6668 101773 10878 92517 120137 36265 45777 48685
98038 63566 157918 180554 130299 93140 65957 72196 6715 58606 83374 80045 41799 108837 28290 82418 55417 35329 141218 102078 140395 72251 169521 71874 23088 113614 79339 56599 167631 83026 124652 61502 97224 47802 155272 140345 63424 122271 120782 52098 109572 79068 65872 91662 53924 32189 16580 83638 57047 94548 39704 127459 58539 127150 93510 99019 38662 62518 81653 111364 70397 128254 57061 81812 122594 65976 109866 49603 91839 106948 107696 76539 112615 97166 134401 118594 89017 69248 99129 115928 95463 109897 71456 99292 78224 83356 76187 87943 114809 61516 119683 0 22444 23766 171593 64195 97041 50262 64296 17475 122158 105835 98038 113614 98911 124652 30877 110963 32189 41799 89650 149380 159865
82034 66892 143214 161109 109535 71058 72137 50014 15793 40976 62149 70056 53661 88848 35398 81470 33594 31120 138704 105896 122654 74894 156756 64844 32745 91274 59637 66796 149353 62798 106065 66086 77472 25410 133242 119841 52669 117042 123076 37411 94801 72982 73121 70708 62188 9755 16864 64054 35931 96363 18107 109817 36102 108044 103589 82274 60113 68269 64280 92976 62700 110384 42205 63099 109404 46808 94019 27579 76370 88139 89401 57264 99161 79025 116312 100739 69833 53460 80993 119602 101156 89425 52422 84580 57241 86060 81466 66720 95859 45104 100642 22444 0 29116 150194 54177 82464 29382 46563 16932 106598 83489 82034 91274 77303 106065 12197 91272 9755 53661 73958 127721 138636
80757 40436 138372 166251 119301 94929 44114 68164 22544 45917 75111 58675 24865 96733 6282 58667 51300 14589 117457 79442 124136 49011 148505 49312 5710 109104 67982 37688 151717 90292 109819 38811 85074 47647 147961 128570 43346 98707 97719 36838 90789 56016 44676 97213 33314 35486 12448 71818 63162 71246 45763 111301 57973 113050 74605 82516 41901 40397 66659 96567 48169 112369 41254 68670 102318 54741 92089 47029 74231 92896 92872 64623 92699 82478 118690 102892 76241 53211 84363 93303 73618 98742 59521 80722 69626 60226 53989 79446 100751 46927 105646 23766 29116 0 161673 82059 78418 44325 51092 12227 103838 105533 80757 109104 91126 109819 41296 98243 35486 24865 72352 140605 149585
90324 163767 85014 37116 42574 96118 173255 100951 164979 115758 88219 121346 178853 65476 164720 153459 116613 148228 164639 179244 58813 163800 104773 132910 167339 64312 93704 181519 49703 118445 60022 166943 76876 125621 24020 34822 125593 142490 180959 125097 90603 134927 176618 109479 174836 140824 157777 89874 126819 167574 137366 64976 116134 54858 201481 86533 203509 170718 96957 70381 131244 62933 121161 93413 96382 107060 84698 122692 96181 71793 73539 97053 96812 82250 58242 68482 85849 110381 80735 185306 184188 62983 102152 95364 93404 167293 174115 83650 64924 115137 60705 171593 150194 161673 0 161886 97041 121331 110644 157020 81369 82289 90324 64312 72915 60022 147607 64689 140824 178853 96675 23173 12233
120699 121052 180518 183271 128907 66009 125974 69968 61193 82998 86479 118659 104968 114627 88180 135067 64313 85146 190936 160072 153326 129067 197362 116148 84341 97608 91625 119209 176642 44455 135335 120139 105927 55298 139947 139674 101998 167859 177098 84812 134806 124511 126712 54552 115331 52823 69687 95544 40595 150410 44776 141755 57137 135261 156366 119242 98973 122159 102169 124228 113677 141592 88477 97632 151291 83627 131872 60209 116739 118569 121350 91233 141226 112729 146357 132845 101657 96340 114451 173766 155216 112835 88230 125559 84228 140219 135512 89965 124895 88446 128835 64195 54177 82059 161886 0 123881 66863 87026 70043 144084 80422 120699 97608 95565 135335 42665 118011 52823 104968 114162 138890 152416
7788 68090 60984 91382 57200 85273 77339 58579 91814 42289 45561 24925 88193 37622 78939 56446 59569 63867 82742 83310 47363 67110 74609 37066 83277 72529 34964 87402 74746 99199 37388 71599 32416 68874 92501 62377 35257 56948 88446 45418 12530 37966 80791 98090 81026 76847 80514 32637 84262 71237 80916 35361 67429 42281 104442 12175 118317 75247 22138 27121 35993 36942 40466 28265 27538 40255 14268 63949 7322 27750 24625 33928 17359 20761 43185 28990 28554 29085 20896 91192 87430 42410 35898 2307 44281 70264 77267 45314 32757 37513 36474 97041 82464 78418 97041 123881 0 57748 37364 79618 25420 84527 7788 72529 51435 37388 87738 36118 76847 88193 9836 81725 85110
55689 68089 116959 131791 80253 52227 76114 23839 43655 16141 33111 52568 67244 59486 49242 75027 7371 35054 126440 103517 94169 74001 132181 52414 49889 65056 30470 76408 120464 53544 77168 68998 48184 11657 105414 90493 37141 102252 117685 20294 69380 60632 78296 57748 70217 20982 37295 34907 30052 92085 23177 81486 16426 78895 109582 55140 84251 72277 37126 64282 49687 81893 22623 34592 85285 18458 67483 6951 50881 59226 60803 28418 75071 50678 87645 72338 40859 29501 52619 116201 101568 60058 23944 59606 28007 83909 83141 37682 66825 21623 71545 50262 29382 44325 121331 66863 57748 0 20409 36645 80071 61577 55689 65056 48735 77168 30845 61968 20982 67244 48323 99171 109624
35754 61440 97132 116397 68215 60450 70592 29265 58255 5702 26898 34771 69291 45677 54113 62566 23214 37652 109047 92122 76347 65329 111889 38048 56731 62728 17206 74772 103399 68108 60356 63441 33996 31751 97971 77527 23125 84100 104028 14520 49157 45456 73410 69842 68082 39910 48708 20777 48559 80003 43557 63445 32282 62956 103402 35732 92988 67138 17720 47071 35263 64125 11340 17751 64894 6285 47695 26826 30600 42710 43409 13668 54669 32889 70195 54454 25244 9623 34856 103751 92031 47673 8790 39259 21739 73648 75483 30503 50593 5324 55486 64296 46563 51092 110644 87026 37364 20409 0 47868 60313 65686 35754 62728 42141 60356 50580 47340 39910 69291 28067 89956 98526
80798 51508 140459 164254 115143 84961 55942 60098 13229 42259 69169 62780 36765 93147 18501 68132 42960 18613 126521 90664 123459 59862 152091 55155 15975 101603 63739 49910 150824 78877 108078 50271 81454 37649 141919 124900 46001 106420 108507 34965 92147 62683 56688 86215 45485 24048 896 67898 51759 81853 34090 110526 48364 110814 86820 81935 47632 52146 64859 94761 53500 111392 39882 65581 105125 50264 92567 37919 74531 90559 91072 60696 95140 80540 117598 101758 72966 52126 82489 104485 85292 94590 55552 81876 63804 71112 65598 73669 98448 44657 103345 17475 16932 12227 157020 70043 79618 36645 47868 0 104797 96336 80798 101603 85069 108078 29086 95051 24048 36765 72385 135287 145105
24579 90865 36888 68772 48453 96589 99691 75276 116761 65725 59584 48468 112888 38375 104305 75843 80478 89284 85154 98995 24726 88508 53565 60618 108687 75701 52475 110918 50711 114053 23999 94590 40960 90421 82797 49224 60639 61547 99605 70203 13267 59470 103176 110892 104788 100218 105691 48698 103609 87903 103057 16621 86948 29283 123676 25023 143565 98064 42946 24205 60052 18702 65221 46514 15923 61711 12618 85611 30383 29263 25335 52954 15982 31632 23203 17797 42766 53285 30102 104153 104976 43032 56496 23117 60465 89513 98037 57471 27641 61528 27876 122158 106598 103838 81369 144084 25420 80071 60313 104797 0 92043 24579 75701 58648 23999 110775 35085 100218 112888 32698 71133 70457
77486 126614 122312 108221 56639 14651 135448 38326 99262 67426 41012 96768 128820 53813 110718 127760 54350 96477 167053 157405 89592 130963 142669 103002 110933 20134 53287 137480 106405 36288 73159 128243 52871 58794 59654 66248 88702 141213 167853 77115 89436 109587 138019 27223 131081 73876 96806 53518 50924 145130 66450 81805 47990 70462 168677 73662 143298 131802 66255 67845 100296 80668 76141 58985 105483 59442 83564 58578 78121 62916 66970 56276 98024 64498 82978 75222 56174 72660 65079 168445 157697 49497 58541 84809 44867 139286 141008 39757 65131 70853 66814 105835 83489 105533 82289 80422 84527 61577 65686 96336 92043 0 77486 20134 33775 73159 76335 57291 73876 128820 76324 59846 73911
0 73874 61379 86768 49835 78940 83263 53601 92484 41146 39525 31036 92399 29846 81849 63486 56580 66175 90169 90806 43497 73491 76756 42813 85866 64941 29955 92632 71104 93857 31379 77242 24946 66318 84999 55535 38520 64434 96218 45949 14173 44660 86679 92172 86124 75665 81686 26979 80560 78657 78785 30852 63731 35925 111269 4389 121499 80957 18659 19995 41393 32156 40979 23418 31038 37488 11985 61450 6624 20077 17180 29620 21657 13194 38519 23300 22128 28866 13164 98893 94655 34624 32522 7411 38929 77238 83791 38782 25576 37006 29618 98038 82034 80757 90324 120699 7788 55689 35754 80798 24579 77486 0 64941 44107 31379 86282 28427 75665 92399 8436 74358 78285
64941 123899 103692 88284 36644 32282 133184 41583 106902 66028 35831 88942 130588 37541 113564 121602 58696 97995 155058 150979 70497 127018 124407 97113 114749 0 47008 137322 86317 54741 54931 126075 40151 65867 43398 46116 84341 129367 159403 76223 75168 102632 136073 46645 130678 81534 102213 45574 63404 138571 76087 63802 55339 51657 165577 60730 149235 129801 57912 51756 94600 62460 74001 51091 90187 57046 68825 64156 67049 47579 51663 50566 83834 51777 64113 58195 46078 67471 51841 160948 152558 32717 54307 72340 41075 134135 137416 32551 48119 68043 48961 113614 91274 109104 64312 97608 72529 65056 62728 101603 75701 20134 64941 0 22034 54931 86389 40651 81534 130588 65738 41283 54953
44107 102570 90856 88165 33948 38404 111952 28398 92253 46153 16016 66909 111167 21263 95019 99605 43711 78909 134177 128951 59777 105347 110515 75186 96834 22034 25542 116878 81222 58087 42099 104913 19222 52778 56906 44756 62799 108376 137474 56280 55677 80605 114933 53220 110172 67910 85774 23662 56596 116543 64837 50081 43726 40759 144003 40121 132366 108675 35880 34606 72707 49294 53476 29123 71735 37015 49794 49778 45518 29389 33378 29189 64284 30963 52816 42530 24117 45889 31404 138933 130630 18009 33427 51502 21501 112229 115795 11763 32740 47359 35445 98911 77303 91126 72915 95565 51435 48735 42141 85069 58648 33775 44107 22034 0 42099 74965 24895 67910 111167 44038 50471 61511
31379 105203 49184 56433 24478 80272 114551 65428 118573 66047 48924 62167 123313 21075 111612 93582 75356 95427 109058 119275 18010 104492 69569 74122 115194 54931 46748 123994 43305 100112 0 108603 29787 85586 58997 26054 69224 85024 121845 73395 30769 75344 117981 95231 117464 98149 108935 42318 95002 107557 98552 8946 79479 5431 141691 28257 151310 112307 43302 13319 72763 7536 68697 43014 39917 59261 24688 81254 37774 17946 17014 48828 37744 27539 11023 8474 36311 56610 25595 125749 124178 24210 53650 35562 51859 107431 114652 45383 10551 63464 6668 124652 106065 109819 60022 135335 37388 77168 60356 108078 23999 73159 31379 54931 42099 0 107611 17508 98149 123313 38873 47429 48370
86282 78731 147646 161266 108323 63001 84218 46669 25009 45451 60957 78190 65723 89014 47577 92429 32447 42546 148840 117587 124843 86580 162347 74311 44752 86389 60890 78983 150816 52208 107611 78066 78162 22439 129286 118922 60985 126435 134445 44430 99717 82609 85263 60792 74381 11151 28967 65307 26313 107769 10319 112235 31504 109008 115785 85921 69526 80335 67855 94913 71976 112584 48773 65395 115146 49301 98164 26402 81151 89719 91492 59135 104876 81476 118235 103079 71398 58758 83406 131223 113099 88909 54781 89720 56659 97679 93435 65405 97159 50354 101773 30877 12197 41296 147607 42665 87738 30845 50580 29086 110775 76335 86282 86389 74965 107611 0 91781 11151 65723 78633 124729 136424
28427 99563 65962 69837 22414 63279 109098 48250 104642 52836 31841 58234 114279 3634 100792 91367 59340 84319 116216 119156 35485 100282 85736 69131 103815 40651 31696 116888 59355 82705 17508 102601 13802 69478 56806 30466 60920 90958 124494 61406 35471 72247 112402 78113 110190 82851 95871 27339 77826 106948 82377 25190 62675 17435 138641 24091 140123 106397 32333 11181 67236 24465 57131 29610 49636 44987 28864 65390 33063 8369 11926 34431 44002 17800 28481 17932 22105 45867 16536 127307 122696 7947 39542 35170 35295 104966 110749 28066 7895 51319 10878 110963 91272 98243 64689 118011 36118 61968 47340 95051 35085 57291 28427 40651 24895 17508 91781 0 82851 114279 32977 46573 52456
75665 70058 137041 152627 100508 61686 76271 40360 25516 34620 53016 67077 60351 80280 41627 82440 24259 33582 138194 108455 115092 77549 151442 63501 39939 81534 51446 72549 141446 54871 98149 69777 69094 15666 123609 110922 49920 115520 124796 33280 88930 71836 77639 62193 67384 0 24268 55884 27735 98225 10372 102363 26350 99855 108685 75503 69510 72344 57412 85234 61108 102812 37630 55461 104185 39186 87600 18138 70370 80205 81733 49369 93911 71527 108602 93228 61839 47800 73480 121940 104548 80598 44763 78862 48283 88482 85030 57567 87805 39375 92517 32189 9755 35486 140824 52823 76847 20982 39910 24048 100218 73876 75665 81534 67910 98149 11151 82851 0 60351 67874 118248 129351
92399 28738 144314 179166 136292 118932 26841 90791 43795 65015 95386 64574 0 113379 18783 50628 74509 32628 107348 62943 135503 36764 151171 52752 20990 130588 86470 14928 162939 115125 123313 25233 102109 71993 167245 144686 54091 93098 82386 54911 99636 56479 25676 121882 14111 60351 36797 89739 88005 57814 70624 123161 81976 127255 51725 95094 33467 24406 81946 110549 52942 124539 58162 85636 107897 74152 102451 70870 85804 107817 106969 82868 99414 97182 130893 115596 93124 68472 98893 76496 55089 116135 78079 90445 89922 46461 37058 99413 115381 64323 120137 41799 53661 24865 178853 104968 88193 67244 69291 36765 112888 128820 92399 130588 111167 123313 65723 114279 60351 0 84481 158961 166631
8436 67096 69272 94793 55201 76223 76580 48873 84141 33259 36458 25271 84481 33572 73529 58514 49853 57775 90750 86821 51828 67386 83860 36300 77488 65738 25373 85315 79433 89553 38873 70315 25867 59289 89725 61871 30434 64914 93813 37584 21090 39324 79946 88715 78728 67874 73274 23428 74447 74494 71496 39086 57609 43055 105666 10619 113209 74076 12310 26514 34570 40295 32606 18691 37140 30551 20236 54375 2578 25068 23169 24145 27081 15439 46659 31138 20186 20588 16455 95807 89892 37910 26078 11397 34766 72032 77823 36684 31793 28858 36265 89650 73958 72352 96675 114162 9836 48323 28067 72385 32698 76324 8436 65738 44038 38873 78633 32977 67874 84481 0 79536 84522
74358 145955 84825 50977 24529 73331 155500 78141 142724 94794 66152 104764 158961 46450 144008 137764 94133 127591 156273 165021 53165 146849 105893 115691 146305 41283 72784 162717 55743 95749 47429 148896 57050 102905 11755 22216 106781 132450 168869 104475 77702 118731 158768 87063 155984 118248 136016 69270 103658 152960 114457 54684 93228 42011 185202 70192 182247 152701 77798 54634 113758 52632 100853 73369 86995 85868 71229 100154 79506 54566 57179 76288 85107 64332 49890 55251 65978 90792 63108 172381 169004 43025 81270 80394 71483 151436 157321 61626 49000 94723 45777 149380 127721 140605 23173 138890 81725 99171 89956 135287 71133 59846 74358 41283 50471 47429 124729 46573 118248 158961 79536 0 14226
78285 151601 77781 37448 30377 87173 161097 89764 153278 103682 76537 109281 166631 53262 152574 141554 105102 136078 154609 167639 49044 151723 98289 120783 155243 54953 81648 169296 45091 109627 48370 154759 64697 114289 20828 22752 113363 131892 169859 112957 79097 122927 164453 101102 162610 129351 145870 77768 116350 155878 126237 53897 105032 43102 189515 74441 191444 158537 84727 58309 119091 51828 108986 81233 85807 95042 73048 111213 84072 59596 61413 84964 85611 70032 47599 56783 73662 98160 68528 174001 172398 50853 90077 83483 81641 155373 162063 71961 52812 102978 48685 159865 138636 149585 12233 152416 85110 109624 98526 145105 70457 73911 78285 54953 61511 48370 136424 52456 129351 166631 84522 14226 0
