StringID  Type  x          y          demand  ReadyTime  DueDate  ServiceTime
D0        d     14093.04    -13815.35   0.0     0.0        32400.0  0.0
D1        d     -25875.94   5185.71     0.0     0.0        32400.0  0.0
C1        c     -78385.37   231.75      187.0   3451.0     23275.0  374.0
C2        c     -38923.76   -17668.30   806.0   1195.0     22042.0  1612.0
C3        c     -24989.65   8952.08     672.0   4165.0     23818.0  1344.0
C4        c     26572.57    13348.31    465.0   3633.0     23125.0  930.0
C5        c     18525.85    48066.22    628.0   4174.0     24994.0  1256.0
C6        c     44886.45    61313.21    735.0   3948.0     23583.0  1470.0
C7        c     -83947.72   -1064.34    204.0   4425.0     24129.0  408.0
C8        c     52164.86    -50055.92   824.0   1081.0     21240.0  1648.0
C9        c     27068.25    -24925.03   348.0   3489.0     22289.0  696.0
C10       c     43328.03    -24278.77   672.0   815.0      20855.0  1344.0
F1        f     14093.04    -13815.35   0.0     0.0        32400.0  0.0
F2        f     52164.86    -50055.92   0.0     0.0        32400.0  0.0

m numVeh /2/
m numPetrolVeh /1/
m numElectroVeh /1/

DistanceMatrix
0 44256 93539 53157 45231 29893 62040 81194 98866 52563 17082 31051 0 52563
44256 0 52743 26316 3869 53080 61727 90320 58407 95614 60908 75215 44256 95614
93539 52743 0 43332 54103 105774 108074 137575 5711 139901 108413 124157 93539 139901
53157 26316 43332 0 30047 72469 87301 115162 47988 96675 66390 82517 53157 96675
45231 3869 54103 30047 0 51749 58511 87318 59803 97133 62110 75971 45231 97133
29893 53080 105774 72469 51749 0 35638 51342 111456 68374 38277 41189 29893 68374
62040 61727 108074 87301 58511 35638 0 29502 113643 103728 73489 76478 62040 103728
81194 90320 137575 115162 87318 51342 29502 0 143140 111607 88060 85606 81194 111607
98866 58407 5711 47988 59803 111456 113643 143140 0 144661 113551 129376 98866 144661
52563 95614 139901 96675 97133 68374 103728 111607 144661 0 35516 27250 52563 0
17082 60908 108413 66390 62110 38277 73489 88060 113551 35516 0 16273 17082 35516
31051 75215 124157 82517 75971 41189 76478 85606 129376 27250 16273 0 31051 27250
0 44256 93539 53157 45231 29893 62040 81194 98866 52563 17082 31051 0 52563
52563 95614 139901 96675 97133 68374 103728 111607 144661 0 35516 27250 52563 0
