StringID  Type  x          y          demand  ReadyTime  DueDate  ServiceTime
D0        d     -14017.06   30099.72    0.0     0.0        32400.0  0.0
C1        c     22196.46    -44218.12   403.0   5235.0     25788.0  806.0
C2        c     -3501.04    -46604.83   411.0   2615.0     22024.0  822.0
C3        c     8958.11     37666.07    596.0   2716.0     22657.0  1192.0
C4        c     -98018.37   15481.40    582.0   873.0      21946.0  1164.0
C5        c     29493.19    -37056.83   212.0   929.0      20615.0  424.0
C6        c     39540.98    40675.82    330.0   3472.0     22604.0  660.0
C7        c     -20436.68   -28366.87   687.0   1637.0     21293.0  1374.0
C8        c     -54063.89   14843.81    210.0   3198.0     23592.0  420.0
C9        c     69459.13    35884.37    330.0   3177.0     22267.0  660.0
C10       c     20555.25    -17750.69   697.0   3033.0     23432.0  1394.0
F1        f     -14017.06   30099.72    0.0     0.0        32400.0  0.0
F2        f     39540.98    40675.82    0.0     0.0        32400.0  0.0

m numVeh /2/
m numPetrolVeh /1/
m numElectroVeh /1/

DistanceMatrix
0 82671 77422 24189 85264 80020 54592 58818 42854 83676 59033 0 54592
82671 0 25808 82947 134222 10224 86648 45485 96457 93006 26518 82671 86648
77422 25808 0 85187 113085 34348 97317 24889 79577 110126 37567 77422 97317
24189 82947 85187 0 109253 77493 30731 72280 67027 60527 56617 24189 30731
85264 134222 113085 109253 0 137911 139848 89116 43959 168716 123142 85264 139848
80020 10224 34348 77493 137911 0 78379 50680 98364 83173 21275 80020 78379
54592 86648 97317 30731 139848 78379 0 91456 97104 30299 61434 54592 0
58818 45485 24889 72280 89116 50680 91456 0 54754 110497 42344 58818 91456
42854 96457 79577 67027 43959 98364 97104 54754 0 125302 81427 42854 97104
83676 93006 110126 60527 168716 83173 30299 110497 125302 0 72583 83676 30299
59033 26518 37567 56617 123142 21275 61434 42344 81427 72583 0 59033 61434
0 82671 77422 24189 85264 80020 54592 58818 42854 83676 59033 0 54592
54592 86648 97317 30731 139848 78379 0 91456 97104 30299 61434 54592 0
