Instance Name : r112
Authors       : Victor Allis
Date          : 29.04.2026
Reference     : 982.1396794793056
Solution
Route 1 : 052 062 019 011 064 063 090 032 010 070
Route 2 : 095 059 085 099 018 083 045 017 084 005 060 089
Route 3 : 069 030 051 009 081 033 050 003 077 068 080 054
Route 4 : 012 029 024 055 025 067 023 056 039 004
Route 5 : 021 072 075 041 022 074 073 040 053 058 026
Route 6 : 092 098 061 016 086 038 014 044 091 100 037 093
Route 7 : 027 031 088 007 082 008 046 036 049 047 048
Route 8 : 002 057 015 043 042 087 094 006 096 097 013
Route 9 : 028 076 079 078 034 035 071 065 066 020 001
