Instance Name : rc107
Authors       : Victor Allis
Date          : 21.04.2026
Reference     : 1230.4774501448198
Solution
Route 1 : 092 095 084 085 063 051 076 089 056
Route 2 : 031 029 027 028 026 030 032 034 033
Route 3 : 069 098 088 053 078 073 079 060 055 070 068
Route 4 : 002 006 007 008 005 003 001 045 046 004 100
Route 5 : 011 012 014 047 017 016 015 013 009 010
Route 6 : 082 099 052 087 059 086 057 066
Route 7 : 065 083 025 077 075 097 058 074
Route 8 : 064 022 019 023 021 018 048 049 020 024
Route 9 : 038 041 072 071 067 050 062 091 080
Route 10 : 090 081 094 093 096 054
Route 11 : 061 042 044 043 040 037 035 036 039
