StringID  Type  x          y          demand  ReadyTime  DueDate  ServiceTime
D0        d     -25621.08   -1358.14    0.0     0.0        86400.0  0.0
D1        d     44384.09    -12946.24   0.0     0.0        86400.0  0.0
C1        c     29893.28    6278.23     512.3   8828.6     29173.6  1088.0
C2        c     -27935.03   -1139.16    408.9   5901.5     26833.5  1148.0
C3        c     -28135.92   20263.85    562.6   4692.5     24453.5  1442.0
C4        c     23010.88    -591.64     601.8   61.9       20080.9  1456.0
C5        c     -43891.17   30650.05    628.1   7635.9     26170.9  532.0
C6        c     41297.04    -40091.02   657.8   8246.1     27484.1  688.0
C7        c     -14715.16   31906.22    593.2   58.1       19331.1  434.0
C8        c     -18758.55   20702.03    273.9   4306.8     23520.8  484.0
C9        c     60000.00    -15717.61   419.4   280.2      20498.2  1174.0
C10       c     -20964.25   3296.16     277.4   7478.0     26590.0  292.0
C11       c     35727.09    -22495.15   625.5   2360.3     22212.3  1470.0
C12       c     23821.01    -21177.97   657.6   1336.6     22055.6  1100.0
C13       c     -24920.94   -43381.05   686.1   4628.7     24552.7  348.0
C14       c     -38956.97   -20648.51   696.0   4987.1     24445.1  1318.0
C15       c     -2763.72    7368.96     799.0   3309.4     22204.4  718.0
C16       c     48140.68    -19791.20   320.8   580.9      20580.9  1428.0
C17       c     -44966.10   -21143.58   560.9   331.5      18866.5  532.0
C18       c     -35381.93   -45000.00   295.2   205.2      19484.2  766.0
C19       c     -47024.02   -2584.14    623.6   3732.6     22569.6  498.0
C20       c     31497.61    -13666.27   242.9   9989.5     29132.5  920.0
C21       c     -20909.09   4467.35     556.5   0.0        19476.0  736.0
C22       c     -4086.90    12892.69    556.8   3849.4     23566.4  1512.0
C23       c     -30955.74   4374.88     148.7   4647.3     24838.3  1134.0
C24       c     -33065.31   9042.99     526.5   1823.9     20718.9  718.0
C25       c     -665.87     2359.69     480.8   4188.9     22723.9  532.0
C26       c     3644.29     4785.59     804.3   573.7      19500.7  372.0
C27       c     28604.10    -31706.20   298.6   7132.4     27649.4  1192.0
C28       c     23194.78    -18979.61   359.6   787.7      21659.7  1294.0
C29       c     20135.50    -29783.82   381.0   3861.7     24157.7  1650.0
C30       c     -44040.62   -39850.47   515.1   6109.6     27041.6  1148.0
C31       c     -56888.21   -31812.52   179.5   2229.9     23241.9  1330.0
C32       c     -28502.38   -14944.77   189.1   0.0        20122.0  844.0
C33       c     -24960.78   7359.88     203.8   0.0        20499.0  1560.0
C34       c     -12337.73   7828.11     118.3   4005.7     23446.7  230.0
C35       c     -7327.52    -43105.70   778.6   802.9      19816.9  602.0
C36       c     -20332.98   -41779.85   336.2   4169.6     24093.6  348.0
C37       c     -14925.37   -22038.58   761.5   1535.6     22467.6  1148.0
C38       c     -3977.20    12120.55    726.8   3663.2     23806.2  1132.0
C39       c     12460.35    4507.00     538.5   3666.4     22469.4  338.0
C40       c     37416.07    -19002.60   224.6   3585.5     23302.5  1512.0
C41       c     15660.58    -20286.65   495.1   9321.6     28216.6  718.0
C42       c     -22385.15   16743.11    117.3   2860.4     23787.4  1270.0
C43       c     -5434.46    4783.62     686.7   0.0        18503.0  352.0
C44       c     -27931.69   -1461.41    714.8   1019.0     20441.0  348.0
C45       c     -53709.23   -36544.44   597.1   8275.0     27789.0  936.0
C46       c     -21355.26   16256.04    702.4   2085.0     21838.0  210.0
C47       c     2086.72     2759.13     680.8   6223.1     26519.1  1650.0
C48       c     -26345.00   -34425.94   516.0   4858.3     24365.3  302.0
C49       c     56277.67    -20363.85   274.4   7629.2     26556.2  372.0
C50       c     33625.59    -33142.97   608.2   6891.8     26468.8  576.0
C51       c     -28600.67   17303.73    651.1   0.0        20122.0  844.0
C52       c     -39809.44   -22938.41   620.8   2092.9     21702.9  324.0
C53       c     3904.69     -10129.36   564.7   6201.3     26049.3  664.0
C54       c     13442.45    5140.66     603.8   0.0        19852.0  1470.0
C55       c     -21080.67   30199.93    167.1   5194.7     24467.7  434.0
C56       c     -37014.50   20576.14    654.3   4700.5     25105.5  672.0
C57       c     13607.34    -26673.43   754.7   5839.7     25982.7  1132.0
C58       c     26749.15    -24228.11   181.9   2771.2     22914.2  1132.0
C59       c     -30473.78   -17259.52   570.2   4258.1     23327.1  642.0
C60       c     35795.03    -20921.97   234.9   2222.1     21695.1  420.0
C61       c     -36560.14   2812.41     232.4   1771.2     20709.2  882.0
C62       c     -37097.95   -45000.00   535.3   1066.5     20745.5  1150.0
C63       c     -9194.62    2855.54     569.1   1861.4     22450.4  824.0
C64       c     -20545.74   28055.93    130.2   1306.9     20985.9  1150.0
F1        f     37694.22    -10149.61   0.0     0.0        86400.0  0.0
F2        f     34920.94    -3526.08    0.0     0.0        86400.0  0.0
F3        f     40368.67    -16313.42   0.0     0.0        86400.0  0.0

m numVeh /20/
m numPetrolVeh /10/
m numElectroVeh /10/

DistanceMatrix
0 70958 56037 2324 21768 48638 36855 77319 35007 23103 86817 6584 64887 53267 42029 23451 24467 76030 27671 44720 21438 58430 7493 25823 7831 12791 25231 29903 62140 51899 53867 42672 43647 13889 8743 16150 45580 40766 23283 25498 38530 65460 45414 18388 21100 2313 45022 18123 28012 33076 84075 67234 18898 25827 30801 39600 31883 24717 46688 57146 16625 64457 11707 45126 16958 29849 63923 60581 67663
70958 0 24074 73277 79763 24687 98454 27320 74192 71549 15860 67337 12889 22150 75693 83696 51338 7808 89725 85965 91994 12907 67575 54928 77305 80510 47579 44431 24514 22032 29521 92427 103015 72914 72257 60406 59864 70850 60002 54472 36383 9232 29647 73072 52879 73222 100892 71934 45119 73919 14017 22883 79005 84784 40577 35840 78404 88031 33699 20935 74982 11721 82464 87560 55860 76792 7251 13353 5240
56037 24074 0 58302 59691 9724 77705 47751 51446 50745 37286 50945 29359 28120 73964 73928 32675 31821 79724 83008 77426 20009 50835 34618 60879 63019 30809 26291 38006 26131 37359 87144 94773 62133 54865 42259 61840 69514 53015 34371 17523 26376 30137 53316 35359 58341 93932 52211 28028 69423 37496 39597 59524 75578 30735 16490 56308 68418 36757 30668 64794 27833 66544 84364 39237 54940 18186 11018 24902
2324 73277 58302 0 21404 50949 35569 79438 35592 23691 89135 8262 67149 55500 42349 22408 26570 78329 26272 44489 19144 60739 8989 27670 6287 11402 27493 32130 64273 54153 55958 41928 42180 13817 9004 17991 46753 41346 24618 27382 40788 67749 47615 18724 23267 322 43793 18598 30274 33325 86379 69383 18455 24824 33085 41851 32080 23537 48762 59359 16319 66730 9487 44808 19161 30116 66245 62901 69969
21768 79763 59691 21404 0 55235 18871 91998 17767 9388 95198 18421 76856 66460 63726 42319 28461 86154 44697 65665 29644 68611 17371 25153 16137 12256 32790 35349 76944 64613 69533 62183 59486 35211 13289 20105 66698 62532 44317 25494 43547 76413 59686 6743 27477 21726 62299 7877 34926 54719 93682 81650 2996 44752 44163 44243 12186 8884 62814 70653 37596 76049 19378 65876 25726 10878 72516 67395 77658
48638 24687 9724 50949 55235 0 73837 43527 49793 46884 39962 44147 25327 20602 64253 65133 26976 31625 71016 73361 70063 15588 44210 30267 54195 56898 23860 20099 31613 18389 29333 77699 85782 53476 48626 36338 52229 59793 43579 29832 11718 23377 21022 48593 28949 50950 84727 47457 21191 59839 38699 34238 54626 66677 21354 11154 53779 63648 27725 23930 56022 24016 59668 74734 32389 52133 17520 12266 23419
36855 98454 77705 35569 18871 73837 0 110731 29203 27030 113769 35691 95726 85271 76423 51535 47260 104948 51805 76127 33382 87449 34838 43586 29287 24167 51660 54116 95624 83448 88044 70501 63800 48122 30013 38942 82321 76165 60126 44005 62120 95269 78364 25611 46346 35859 67908 26741 53776 67400 112411 100391 20296 53744 62828 62752 22815 12197 81191 89452 49753 94919 28787 75954 44457 23489 91218 85903 96464
77319 27320 47751 79438 91998 43527 110731 0 91219 85454 30722 75888 18456 25751 66300 82576 64760 21422 88319 76836 95955 28183 76518 69764 84839 89129 59690 58580 15212 27810 23538 85338 98534 74191 81497 71923 48718 61653 59050 69107 53109 21443 32395 85355 64789 79277 95072 84263 58083 67879 24771 10350 90443 82900 47915 53120 93978 99062 30769 21524 75315 19943 88896 78549 66286 92025 30157 37117 23796
35007 74192 51446 35592 17767 49793 29203 91219 0 11911 88602 29285 74188 65597 75976 57876 27293 81385 61069 79635 47259 64904 28129 21782 31965 29316 32717 32751 76962 63455 70854 77518 76411 48838 26599 24195 75375 73900 53945 22512 38590 72865 60389 16993 28666 35890 78778 17001 33643 67344 88160 81045 20150 60313 45975 38849 6590 25013 65067 69788 51629 73090 36382 80097 29571 6987 67197 60985 73208
23103 71549 50745 23691 9388 46884 27030 85454 11911 0 86772 17545 69532 59724 64379 46020 20823 78200 49375 67772 36622 60884 16376 16621 20380 18456 25764 27481 70639 57747 63730 65619 64897 36955 14713 14386 64824 62502 42912 17092 35170 68790 53523 5369 20759 23987 67072 5149 27504 55648 85539 75122 10412 48452 38265 35764 9778 18256 57376 63951 39728 68620 25238 68214 20248 7568 64333 58894 69758
86817 15860 37286 89135 95198 39962 113769 30722 88602 86772 0 83167 25201 36589 89313 99080 66875 12539 105106 99776 107827 28576 83389 70183 93149 96303 63302 59970 35233 36949 42273 106803 117991 88506 88039 76073 72685 84455 75192 69771 51663 22822 44574 88549 68571 89080 115601 87413 60789 88349 5953 31611 94554 100070 56373 51016 93180 103581 47669 34323 90487 24758 98322 101417 71644 91672 22990 27885 19640
6584 67337 50945 8262 18421 44147 35691 75888 29285 17545 83167 0 62282 51036 46845 29951 18651 72860 34255 50402 26715 55136 1172 19415 10050 13396 20320 24654 60681 49459 52759 48930 50231 19737 5700 9745 48364 45080 26045 19142 33447 62494 43561 13522 15601 8437 51570 12966 23057 38104 80784 65634 15954 32302 28261 34456 26904 23584 45753 55083 22649 61710 15603 50920 11778 24763 60180 56300 64391
64887 12889 29359 67149 76856 25327 95726 18456 74188 69532 25201 62282 0 11979 64144 74707 48718 12705 80705 74585 85113 9790 62727 53268 71893 75677 44071 42113 11644 13016 17211 81634 93083 64672 67634 56831 47734 59284 50655 52675 35643 3879 20188 70119 49380 67044 90533 68993 42065 63208 20661 10853 75644 75538 34141 35501 77485 84537 22511 9144 66408 1575 76589 76223 51581 75644 12501 18986 7730
53267 22150 28120 55500 66460 20602 85271 25751 65597 59724 36589 51036 11979 0 53561 62780 39009 24359 68787 63816 73244 10740 51560 44042 60444 64416 33965 32882 11564 2286 9362 70384 81407 52693 56516 46355 38093 48724 38756 43377 28085 13768 8209 59775 39114 55381 79038 58670 32332 51886 32467 15469 65030 63655 22776 28291 68234 73786 11598 4228 54436 11977 64972 65411 40837 66275 17723 20852 17248
42029 75693 73964 42349 63726 64253 76423 66300 75976 64379 89313 46845 64144 53561 0 26717 55376 76776 29938 10586 46400 63765 48016 60007 48136 53053 51774 56000 54783 53950 47063 19443 33996 28661 50741 52732 17596 4859 23567 59322 60751 66934 46693 60178 51957 42028 29589 59744 53463 9068 84398 59435 60796 25290 44007 61856 73681 65091 41995 55106 26705 64737 47637 12284 48838 71571 70887 71899 70678
23451 83696 73928 22408 42319 65133 51535 82576 57876 46020 99080 29951 74707 62780 26717 0 45770 87102 6029 24613 19784 70800 30928 48383 26271 30270 44672 49616 68460 62174 59794 19863 21123 11909 31311 38981 38791 28167 24072 47931 57241 76391 54619 40899 42078 22129 21687 40887 47249 18678 95235 73650 39340 2443 44134 58402 53899 41270 52908 65804 9135 74752 23583 24422 37924 52068 77367 75836 79444
24467 51338 32675 26570 28461 26976 47260 64760 27293 20823 66875 18651 48718 39009 55376 45770 0 57697 50931 61696 45366 40203 18376 5680 28351 30348 5431 6909 50108 36988 43643 62717 66818 34064 22197 9585 50681 52195 31823 4904 15491 48061 33231 21746 3717 26672 67259 20606 6692 47988 65230 54455 27681 47864 18726 16359 29271 36709 37774 43236 37073 47824 34102 62621 7857 27279 44088 39228 49206
76030 7808 31821 78329 86154 31625 104948 21422 81385 78200 12539 72860 12705 24359 76776 87102 57697 0 93117 87244 96708 17734 73187 61611 82706 86173 53598 50833 22883 24959 29735 94339 105715 76796 77981 66487 60169 71918 63106 61112 43168 10754 32484 79427 58942 78250 103219 78289 51279 75910 8157 19722 85237 88006 45279 42727 85386 94239 35212 21847 78655 12397 87665 88888 61646 83709 14216 20960 8515
27671 89725 79724 26272 44697 71016 51805 88319 61069 49375 105106 34255 80705 68787 29938 6029 50931 93117 0 25710 18673 76828 35138 53194 29112 32448 50149 55093 74325 68195 65672 18730 15999 17592 34823 43634 43577 32135 30054 52788 62895 82410 60633 44106 47275 26030 17710 44229 52776 22873 101247 79502 41785 5460 50097 64050 56627 42471 58834 71782 15004 80761 25388 25120 43076 54927 83388 81807 85471
44720 85965 83008 44489 65665 73361 76127 76836 79635 67772 99776 50402 74585 63816 10586 24613 61696 87244 25710 0 43985 73856 51541 65810 49573 54093 58721 63259 65352 64096 57565 10074 25228 30833 53387 57635 28118 15390 30752 65184 68846 77301 56711 63096 58097 44171 20184 62841 60703 13910 94913 70019 62672 22501 52530 69985 76548 65596 52305 65511 28171 75139 47827 1716 54552 74547 80961 81625 81000
21438 91994 77426 19144 29644 70063 33382 95955 47259 36622 107827 26715 85113 73244 46400 19784 45366 96708 18673 43985 0 79300 27050 45641 17511 18167 46621 51201 81041 72107 72458 37386 30848 22267 24201 36215 56726 47421 37534 45489 59906 86021 65136 31315 42237 19125 34612 31841 49401 37967 104821 86245 27110 21595 51485 60958 41807 25231 65242 76883 22120 84825 11774 43562 38218 40496 85055 81950 88465
58430 12907 20009 60739 68611 15588 87449 28183 64904 60884 28576 55136 9790 10740 63765 70800 40203 17734 76828 73856 79300 0 55455 44403 65007 68440 35935 33411 18271 9857 19720 79948 90229 60014 60247 48822 48724 58964 47172 43857 26319 7969 17165 61872 41284 60670 88225 60735 33687 61455 25669 19593 67609 71907 27819 26071 68474 76593 22119 11580 62075 8433 70024 75413 43918 66703 7125 10702 9258
7493 67575 50835 8989 17371 44210 34838 76518 28129 16376 83389 1172 62727 51560 48016 30928 18376 73187 35138 51541 27050 55455 0 18814 10047 12989 20353 24555 61320 49949 53458 49991 51095 20844 4978 9207 49474 46251 27173 18581 33369 62870 44160 12364 15478 9191 52515 11797 23059 39271 81083 66246 14964 33291 28789 34358 25733 22779 46488 55630 23739 62129 15738 52049 11825 23591 60399 56399 64706
25823 54928 34618 27670 25153 30267 43586 69764 21782 16621 70183 19415 53268 44042 60007 48383 5680 61611 53194 65810 45641 44403 18814 0 28187 29233 11075 11203 55297 41954 49071 66168 69185 37028 21595 9681 56092 57035 36574 780 18551 52343 38611 18699 8220 27832 70046 17593 11866 52292 68919 59511 24907 50596 24370 19167 24255 33812 43342 48258 40068 52288 34002 66643 11262 22379 47714 42322 53191
7831 77305 60879 6287 16137 54195 29287 84839 31965 20380 93149 10050 71893 60444 48136 26271 28351 82706 29112 49573 17511 65007 10047 28187 0 5123 30357 34602 69636 58972 61458 46120 44520 19475 6697 18936 53035 47361 30897 28068 43416 72258 52738 15048 25525 6573 46820 15275 33082 39074 90673 74688 13142 28712 37757 44405 27649 17297 54313 64405 21640 71383 5818 49755 21814 25868 70170 66349 74264
12791 80510 63019 11402 12256 56898 24167 89129 29316 18456 96303 13396 75677 64416 53053 30270 30348 86173 32448 54093 18167 68440 12989 29233 5123 0 33082 36956 73916 62853 65862 50110 47294 24418 8277 20763 58154 52393 35988 29250 45751 75856 56872 13167 27957 11692 50044 13753 35709 43985 94058 78913 9390 32685 41646 46671 24316 12191 58771 68445 26430 75098 7144 54193 24660 22765 73316 69138 77688
25231 47579 30809 27493 32790 23860 51660 59690 32717 25764 63302 20320 44071 33965 51774 44672 5431 53598 50149 58721 46621 35935 20353 11075 30357 33082 0 4946 44913 32011 38287 60523 65793 32777 24804 12889 45951 48323 28260 10307 13301 43664 27918 26050 5349 27532 65781 24923 2781 44862 61310 49359 31681 46607 13299 14380 34523 40658 32352 38190 35685 43260 35897 59751 8543 32489 40348 36070 45083
29903 44431 26291 32130 35349 20099 54116 58580 32751 27481 59970 24654 42113 32882 56000 49616 6909 50833 55093 63259 51201 33411 24555 11203 34602 36956 4946 0 44211 30773 38301 65316 70736 37719 28721 16269 49132 52376 32625 10578 8820 41309 27803 28645 9079 32188 70694 27505 2556 49365 58333 48347 34590 51545 14917 9805 35457 43617 32999 37089 40621 41165 40253 64331 12983 33566 37181 32362 42354
62140 24514 38006 64273 76944 31613 95624 15212 76962 70639 35233 60681 11644 11564 54783 68460 50108 22883 74325 65352 81041 18271 61320 55297 69636 73916 44913 44211 0 13828 8684 73100 85492 59516 66297 56914 37697 49963 44590 54611 39649 15461 17261 70337 49901 64117 82455 69255 43486 55016 29908 5223 75328 68973 32797 39844 79378 83900 15819 7705 60819 12962 73742 67033 51218 77377 23395 28879 19374
51899 22032 26131 54153 64613 18389 83448 27810 63455 57747 36949 49459 13016 2286 53950 62174 36988 24959 68195 64096 72107 9857 49949 41954 58972 62853 32011 30773 13828 0 11229 70400 81105 51854 54888 44511 38906 49138 38243 41298 25823 14221 7647 57911 37207 54044 78884 56800 30301 51892 33112 17590 63240 63128 21223 26017 66174 72040 12293 6339 53696 12749 63605 65668 39062 64231 16977 19399 17380
53867 29521 37359 55958 69533 29333 88044 23538 70854 63730 42273 52759 17211 9362 47063 59794 43643 29735 65672 57565 72458 19720 53458 49071 61458 65862 38287 38301 8684 11229 0 64961 77050 50851 58424 49691 30524 42209 35906 48347 35139 20368 10499 63030 42997 55791 74154 61977 37213 46712 37350 13902 67768 60335 25490 35560 72779 76172 7231 8637 52136 17993 65398 59222 43881 70714 26340 30134 24307
42672 92427 87144 41928 62183 77699 70501 85338 77518 65619 106803 48930 81634 70384 19443 19863 62717 94339 18730 10074 37386 79948 49991 66168 46120 50110 60523 65316 73100 70400 64961 0 15155 29355 50920 57257 36857 23786 34132 65621 71833 84082 62825 60595 59014 41632 10218 60519 62796 18508 102193 77955 59203 17433 56410 72997 73717 60834 59135 72493 26352 82049 43314 8644 55118 71856 86964 86916 87629
43647 103015 94773 42180 59486 85782 63800 98534 76411 64897 117991 50231 93083 81407 33996 21123 66818 105715 15999 25228 30848 90229 51095 69185 44520 47294 65793 70736 85492 81105 77050 15155 0 33019 50536 59633 50831 37890 43086 68773 78284 95170 73459 59566 63141 41948 5701 59776 68361 30655 113744 90524 56680 19247 64544 79448 71608 56032 70683 83981 30158 93321 40151 23782 58962 70036 97032 96068 98484
13889 72914 62133 13817 35211 53476 48122 74191 48838 36955 88506 19737 64672 52693 28661 11909 34064 76796 17592 30833 22267 60014 20844 37028 19475 24418 32777 37719 59516 51854 50851 29355 33019 0 22584 27927 35234 28051 15319 36524 45347 66043 44485 32273 30354 13495 33195 32009 35343 19600 84953 64738 32249 13847 32763 46506 45751 36527 43713 56026 3040 64575 19500 31260 26261 43731 66370 64443 68885
8743 72257 54865 9004 13289 48626 30013 81497 26599 14713 88039 5700 67634 56516 50741 31311 22197 77981 34823 53387 24201 60247 4978 21595 6697 8277 24804 28721 66297 54888 58424 50920 50536 22584 0 12632 53458 49357 31064 21517 37530 67719 49137 9730 19696 9308 52479 9599 27436 41809 85839 71224 10589 33741 33750 38467 23167 17887 51437 60595 25229 67016 12459 53748 16397 21162 65056 60863 69486
16150 60406 42259 17991 20105 36338 38942 71923 24195 14386 76073 9745 56831 46355 52732 38981 9585 66487 43634 57635 36215 48822 9207 9681 18936 20763 12889 16269 56914 44511 49691 57257 59633 27927 12632 0 51180 50248 29979 9398 25019 56527 39678 13432 7545 18151 60667 12343 15289 44515 74181 61573 18822 41246 24213 25920 24020 27775 43168 50551 30957 56065 24736 58343 5883 21830 53164 48603 57972
45580 59864 61840 46753 66698 52229 82321 48718 75375 64824 72685 48364 47734 38093 17596 38791 50681 60169 43577 28118 56726 48724 49474 56092 53035 58154 45951 49132 37697 38906 30524 36857 50831 35234 53458 51180 0 13073 22395 55328 51561 50823 32391 61714 47927 46463 46843 60997 46821 20905 67549 42148 64046 38233 34837 52527 74585 70262 26614 38956 34695 48494 54434 29831 45999 72379 55795 57892 54706
40766 70850 69514 41346 62532 59793 76165 61653 73900 62502 84455 45080 59284 48724 4859 28167 52195 71918 32135 15390 47421 58964 46251 57035 47361 52393 48323 52376 49963 49138 42209 23786 37890 28051 49357 50248 13073 0 20469 56327 56726 62079 41922 58559 48889 41028 33784 58045 49863 9499 79548 54645 59659 27099 39865 57813 71984 64549 37150 50247 26535 59878 47453 17071 46004 69836 66088 67204 65827
23283 60002 53015 24618 44317 43579 60126 59050 53945 42912 75192 26045 50655 38756 23567 24072 31823 63106 30054 30752 37534 47172 27173 36574 30897 35988 28260 32625 44590 38243 35906 34132 43086 15319 31064 29979 22395 20469 0 35871 38140 52429 30636 39493 28452 24343 41408 38831 30072 16848 71223 49805 41651 24900 22280 39287 52600 47999 28907 41732 16266 50733 32949 31919 25545 50409 53946 53173 55590
25498 54472 34371 27382 25494 29832 44005 69107 22512 17092 69771 19142 52675 43377 59322 47931 4904 61112 52788 65184 45489 43857 18581 780 28068 29250 10307 10578 54611 41298 48347 65621 68773 36524 21517 9398 55328 56327 35871 0 18115 51789 37893 18979 7480 27537 69581 17863 11154 51642 68454 58845 25163 50131 23605 18766 24888 34102 42593 47596 39563 51707 33886 66028 10633 22988 47249 41927 52679
38530 36383 17523 40788 43547 11718 62120 53109 38590 35170 51663 33447 35643 28085 60751 57241 15491 43168 62895 68846 59906 26319 33369 18551 43416 45751 13301 8820 39649 25823 35139 71833 78284 45347 37530 25019 51561 56726 38140 18115 0 34285 24999 36931 17897 40831 77869 35799 10520 54969 50384 43191 43009 59037 16954 1169 42251 52019 31202 32092 48136 34513 49050 70050 21718 40546 29182 23854 34819
65460 9232 26376 67749 76413 23377 95269 21443 72865 68790 22822 62494 3879 13768 66934 76391 48061 10754 82410 77301 86021 7969 62870 52343 72258 75856 43664 41309 15461 14221 20368 84082 95170 66043 67719 56527 50823 62079 52429 51789 34285 0 21793 69670 49010 67661 92798 68536 41494 65600 18911 14640 75342 77326 34666 34024 76438 84299 25014 11878 67912 2512 77126 78919 51481 74660 8857 15676 3994
45414 29647 30137 47615 59686 21022 78364 32395 60389 53523 44574 43561 20188 8209 46693 54619 33231 32484 60633 56711 65136 17165 44160 38611 52738 56872 27918 27803 17261 7647 10499 62825 73459 44485 49137 39678 32391 41922 30636 37893 24999 21793 0 53091 32765 47483 71249 52015 26746 44321 40617 22091 58070 55533 15536 25524 62440 66667 6709 11768 46234 20144 57101 58260 33961 60398 24254 25532 25026
18388 73072 53316 18724 6743 48593 25611 85355 16993 5369 88549 13522 70119 59775 60178 40899 21746 79427 44106 63096 31315 61872 12364 18699 15048 13167 26050 28645 70337 57911 63030 60595 59566 32273 9730 13432 61714 58559 39493 18979 36931 69670 53091 0 20745 19031 61812 1139 28186 51322 86976 75005 6241 43339 37594 37659 13520 15123 56396 63975 34951 69308 19874 63472 19153 11461 65824 60785 70928
21100 52879 35359 23267 27477 28949 46346 64789 28666 20759 68571 15601 49380 39114 51957 42078 3717 58942 47275 58097 42237 41284 15478 8220 25525 27957 5349 9079 49901 37207 42997 59014 63141 30354 19696 7545 47927 48889 28452 7480 17897 49010 32765 20745 0 23348 63549 19624 7789 44437 66639 54444 26333 44161 17596 18880 29846 35309 36771 43330 33360 48586 31188 59000 4226 27748 45641 41202 50428
2313 73222 58341 322 21726 50950 35859 79277 35890 23987 89080 8437 67044 55381 42028 22129 26672 78250 26030 44171 19125 60670 9191 27832 6573 11692 27532 32188 64117 54044 55791 41632 41948 13495 9308 18151 46463 41028 24343 27537 40831 67661 47483 19031 23348 0 43535 18899 30314 33003 86305 69232 18777 24543 32995 41898 32394 23836 48592 59231 16001 66632 9629 44493 19228 30427 66199 62887 69897
45022 100892 93932 43793 62299 84727 67908 95072 78778 67072 115601 51570 90533 79038 29589 21687 67259 103219 17710 20184 34612 88225 52515 70046 46820 50044 65781 70694 82455 78884 74154 10218 5701 33195 52479 60667 46843 33784 41408 69581 77869 92798 71249 61812 63549 43535 0 61925 68249 27446 111171 87401 59414 19451 63381 79038 74293 59510 68036 81396 30196 90857 42931 18640 59447 72616 95138 94581 96229
18123 71934 52211 18598 7877 47457 26741 84263 17001 5149 87413 12966 68993 58670 59744 40887 20606 78289 44229 62841 31841 60735 11797 17593 15275 13753 24923 27505 69255 56800 61977 60519 59776 32009 9599 12343 60997 58045 38831 17863 35799 68536 52015 1139 19624 18899 61925 0 27050 50927 85836 73913 7321 43322 36527 36530 13947 16244 55365 62873 34734 68179 20296 63247 18096 11828 64685 59652 69790
28012 45119 28028 30274 34926 21191 53776 58083 33643 27504 60789 23057 42065 32332 53463 47249 6692 51279 52776 60703 49401 33687 23059 11866 33082 35709 2781 2556 43486 30301 37213 62796 68361 35343 27436 15289 46821 49863 30072 11154 10520 41494 26746 28186 7789 30314 68249 27050 0 46809 58918 47788 33960 49149 13016 11603 35913 42969 31607 36559 38222 41195 38647 61777 11282 33943 37875 33430 42770
33076 73919 69423 33325 54719 59839 67400 67879 67344 55648 88349 38104 63208 51886 9068 18678 47988 75910 22873 13910 37967 61455 39271 52292 39074 43985 44862 49365 55016 51892 46712 18508 30655 19600 41809 44515 20905 9499 16848 51642 54969 65600 44321 51322 44437 33003 27446 50927 46809 0 83811 59984 51779 17699 38799 56112 64840 56027 40698 54065 17656 63590 38614 15081 41037 62750 68486 68617 69129
84075 14017 37496 86379 93682 38699 112411 24771 88160 85539 5953 80784 20661 32467 84398 95235 65230 8157 101247 94913 104821 25669 81083 68919 90673 94058 61310 58333 29908 33112 37350 102193 113744 84953 85839 74181 67549 79548 71223 68454 50384 18911 40617 86976 66639 86305 111171 85836 58918 83811 0 26008 92861 96122 53364 49853 92418 101880 43134 29780 86807 20490 95687 96571 69468 90809 21206 27196 16417
67234 22883 39597 69383 81650 34238 100391 10350 81045 75122 31611 65634 10853 15469 59435 73650 54455 19722 79502 70019 86245 19593 66246 59511 74688 78913 49359 48347 5223 17590 13902 77955 90524 64738 71224 61573 42148 54645 49805 58845 43191 14640 22091 75005 54444 69232 87401 73913 47788 59984 26008 0 80106 74141 37589 43278 83696 88746 21038 11259 66038 12412 78860 71711 55942 81730 23351 29645 18130
18898 79005 59524 18455 2996 54626 20296 90443 20150 10412 94554 15954 75644 65030 60796 39340 27681 85237 41785 62672 27110 67609 14964 24907 13142 9390 31681 34590 75328 63240 67768 59203 56680 32249 10589 18822 64046 59659 41651 25163 43009 75342 58070 6241 26333 18777 59414 7321 33960 51779 92861 80106 0 41774 42534 43767 14929 9028 60955 69199 34614 74887 16533 62881 24194 13435 71754 66850 76726
25827 84784 75578 24824 44752 66677 53744 82900 60313 48452 100070 32302 75538 63655 25290 2443 47864 88006 5460 22501 21595 71907 33291 50596 28712 32685 46607 51545 68973 63128 60335 17433 19247 13847 33741 41246 38233 27099 24900 50131 59037 77326 55533 43339 44161 24543 19451 43322 49149 17699 96122 74141 41774 0 45552 60201 56342 43604 53547 66571 10927 75631 25955 22228 40032 54512 78552 77211 80451
30801 40577 30735 33085 44163 21354 62828 47915 45975 38265 56373 28261 34141 22776 44007 44134 18726 45279 50097 52530 51485 27819 28789 24370 37757 41646 13299 14917 32797 21223 25490 56410 64544 32763 33750 24213 34837 39865 22280 23605 16954 34666 15536 37594 17596 32995 63381 36527 13016 38799 53364 37589 42534 45552 0 18004 47442 51159 19179 26845 35110 33667 42484 53825 18445 45342 33790 31711 36985
39600 35840 16490 41851 44243 11154 62752 53120 38849 35764 51016 34456 35501 28291 61856 58402 16359 42727 64050 69985 60958 26071 34358 19167 44405 46671 14380 9805 39844 26017 35560 72997 79448 46506 38467 25920 52527 57813 39287 18766 1169 34024 25524 37659 18880 41898 79038 36530 11603 56112 49853 43278 43767 60201 18004 0 42659 52765 31815 32243 49299 34335 50057 71193 22752 40992 28670 23161 34428
31883 78404 56308 32080 12186 53779 22815 93978 6590 9778 93180 26904 77485 68234 73681 53899 29271 85386 56627 76548 41807 68474 25733 24255 27649 24316 34523 35457 79378 66174 72779 73717 71608 45751 23167 24020 74585 71984 52600 24888 42251 76438 62440 13520 29846 32394 74293 13947 35913 64840 92418 83696 14929 56342 47442 42659 0 18615 66617 72458 48380 76474 31459 76887 29816 2210 71292 65373 77068
24717 88031 68418 23537 8884 63648 12197 99062 25013 18256 103581 23584 84537 73786 65091 41270 36709 94239 42471 65596 25231 76593 22779 33812 17297 12191 40658 43617 83900 72040 76172 60834 56032 36527 17887 27775 70262 64549 47999 34102 52019 84299 66667 15123 35309 23836 59510 16244 42969 56027 101880 88746 9028 43604 51159 52765 18615 0 69247 77931 38397 83805 17770 65576 32984 18088 80780 75866 85726
46688 33699 36757 48762 62814 27725 81191 30769 65067 57376 47669 45753 22511 11598 41995 52908 37774 35212 58834 52305 65242 22119 46488 43342 54313 58771 32352 32999 15819 12293 7231 59135 70683 43713 51437 43168 26614 37150 28907 42593 31202 25014 6709 56396 36771 48592 68036 55365 31607 40698 43134 21038 60955 53547 19179 31815 66617 69247 0 13367 45075 22921 58191 53916 37308 64512 29210 31465 28697
57146 20935 30668 59359 70653 23930 89452 21524 69788 63951 34323 55083 9144 4228 55106 65804 43236 21847 71782 65511 76883 11580 55630 48258 64405 68445 38190 37089 7705 6339 8637 72493 83981 56026 60595 50551 38956 50247 41732 47596 32092 11878 11768 63975 43330 59231 81396 62873 36559 54065 29780 11259 69199 66571 26845 32243 72458 77931 13367 0 57646 9631 68842 67141 45005 70501 17833 22257 15752
16625 74982 64794 16319 37596 56022 49753 75315 51629 39728 90487 22649 66408 54436 26705 9135 37073 78655 15004 28171 22120 62075 23739 40068 21640 26430 35685 40621 60819 53696 52136 26352 30158 3040 25229 30957 34695 26535 16266 39563 48136 67912 46234 34951 33360 16001 30196 34734 38222 17656 86807 66038 34614 10927 35110 49299 48380 38397 45075 57646 0 66370 20974 28520 29282 46390 68538 66821 70849
64457 11721 27833 66730 76049 24016 94919 19943 73090 68620 24758 61710 1575 11977 64737 74752 47824 12397 80761 75139 84825 8433 62129 52288 71383 75098 43260 41165 12962 12749 17993 82049 93321 64575 67016 56065 48494 59878 50733 51707 34513 2512 20144 69308 48586 66632 90857 68179 41195 63590 20490 12412 74887 75631 33667 34335 76474 83805 22921 9631 66370 0 76148 76767 50887 74653 10938 17418 6493
11707 82464 66544 9487 19378 59668 28787 88896 36382 25238 98322 15603 76589 64972 47637 23583 34102 87665 25388 47827 11774 70024 15738 34002 5818 7144 35897 40253 73742 63605 65398 43314 40151 19500 12459 24736 54434 47453 32949 33886 49050 77126 57101 19874 31188 9629 42931 20296 38647 38614 95687 78860 16533 25955 42484 50057 31459 17770 58191 68842 20974 76148 0 47815 27366 29895 75377 71762 79271
45126 87560 84364 44808 65876 74734 75954 78549 80097 68214 101417 50920 76223 65411 12284 24422 62621 88888 25120 1716 43562 75413 52049 66643 49755 54193 59751 64331 67033 65668 59222 8644 23782 31260 53748 58343 29831 17071 31919 66028 70050 78919 58260 63472 59000 44493 18640 63247 61777 15081 96571 71711 62881 22228 53825 71193 76887 65576 53916 67141 28520 76767 47815 0 55396 74908 82513 83107 82607
16958 55860 39237 19161 25726 32389 44457 66286 29571 20248 71644 11778 51581 40837 48838 37924 7857 61646 43076 54552 38218 43918 11825 11262 21814 24660 8543 12983 51218 39062 43881 55118 58962 26261 16397 5883 45999 46004 25545 10633 21718 51481 33961 19153 4226 19228 59447 18096 11282 41037 69468 55942 24194 40032 18445 22752 29816 32984 37308 45005 29282 50887 27366 55396 0 27639 48659 44575 53141
29849 76792 54940 30116 10878 52133 23489 92025 6987 7568 91672 24763 75644 66275 71571 52068 27279 83709 54927 74547 40496 66703 23591 22379 25868 22765 32489 33566 77377 64231 70714 71856 70036 43731 21162 21830 72379 69836 50409 22988 40546 74660 60398 11461 27748 30427 72616 11828 33943 62750 90809 81730 13435 54512 45342 40992 2210 18088 64512 70501 46390 74653 29895 74908 27639 0 69653 63828 75360
63923 7251 18186 66245 72516 17520 91218 30157 67197 64333 22990 60180 12501 17723 70887 77367 44088 14216 83388 80961 85055 7125 60399 47714 70170 73316 40348 37181 23395 16977 26340 86964 97032 66370 65056 53164 55795 66088 53946 47249 29182 8857 24254 65824 45641 66199 95138 64685 37875 68486 21206 23351 71754 78552 33790 28670 71292 80780 29210 17833 68538 10938 75377 82513 48659 69653 0 7181 6719
60581 13353 11018 62901 67395 12266 85903 37117 60985 58894 27885 56300 18986 20852 71899 75836 39228 20960 81807 81625 81950 10702 56399 42322 66349 69138 36070 32362 28879 19399 30134 86916 96068 64443 60863 48603 57892 67204 53173 41927 23854 15676 25532 60785 41202 62887 94581 59652 33430 68617 27196 29645 66850 77211 31711 23161 65373 75866 31465 22257 66821 17418 71762 83107 44575 63828 7181 0 13899
67663 5240 24902 69969 77658 23419 96464 23796 73208 69758 19640 64391 7730 17248 70678 79444 49206 8515 85471 81000 88465 9258 64706 53191 74264 77688 45083 42354 19374 17380 24307 87629 98484 68885 69486 57972 54706 65827 55590 52679 34819 3994 25026 70928 50428 69897 96229 69790 42770 69129 16417 18130 76726 80451 36985 34428 77068 85726 28697 15752 70849 6493 79271 82607 53141 75360 6719 13899 0
