StringID  Type  x          y          demand  ReadyTime  DueDate  ServiceTime
D0        d     -19234.07   -17723.27   0.0     0.0        32400.0  0.0
C1        c     -32002.40   -59812.92   560.0   5062.0     25685.0  1120.0
C2        c     79441.17    -1261.46    156.0   1375.0     21464.0  312.0
C3        c     -8072.15    27394.94    284.0   1267.0     20253.0  568.0
C4        c     -20846.77   -45827.95   514.0   3193.0     23035.0  1028.0
C5        c     36195.21    9333.04     599.0   4006.0     23837.0  1198.0
C6        c     77203.04    -16042.36   331.0   3299.0     22373.0  662.0
C7        c     65844.16    -5736.55    349.0   729.0      20644.0  698.0
C8        c     34980.48    61880.52    725.0   2434.0     21926.0  1450.0
C9        c     68253.10    16198.83    147.0   2805.0     21603.0  294.0
C10       c     -52861.54   23124.10    287.0   4145.0     24565.0  574.0
C11       c     -40478.87   36399.91    771.0   1258.0     21860.0  1542.0
C12       c     -61012.54   28792.31    536.0   4154.0     23861.0  1072.0
C13       c     -50202.00   19124.58    633.0   1289.0     21010.0  1266.0
C14       c     -69331.63   40155.09    363.0   4663.0     24837.0  726.0
C15       c     71441.28    11218.38    489.0   5345.0     24329.0  978.0
C16       c     60256.11    9781.59     342.0   2236.0     21578.0  684.0
C17       c     72800.07    29957.58    266.0   3617.0     23336.0  532.0
C18       c     68471.79    -27655.13   355.0   1122.0     20805.0  710.0
C19       c     17415.49    -22183.61   338.0   1171.0     20178.0  676.0
C20       c     7640.39     68487.10    502.0   3618.0     23698.0  1004.0
C21       c     76858.85    -11635.56   648.0   4391.0     25373.0  1296.0
C22       c     15119.11    -35868.20   780.0   4668.0     25821.0  1560.0
C23       c     39520.69    -48521.99   458.0   721.0      20319.0  916.0
C24       c     -52226.05   -22735.55   603.0   2745.0     23448.0  1206.0
C25       c     57863.89    -876.30     423.0   1534.0     21374.0  846.0
C26       c     -51757.91   -38468.83   199.0   2909.0     22289.0  398.0
C27       c     59196.68    31299.15    477.0   3895.0     24048.0  954.0
C28       c     -87304.80   -72304.91   247.0   851.0      19866.0  494.0
C29       c     9924.11     40328.48    620.0   3849.0     24934.0  1240.0
C30       c     -127364.56  2135.59     403.0   4503.0     24924.0  806.0
C31       c     62368.75    23222.36    730.0   3004.0     23871.0  1460.0
C32       c     32650.24    46541.44    828.0   1764.0     22495.0  1656.0
C33       c     66661.64    -64779.87   641.0   4312.0     23990.0  1282.0
C34       c     -46738.58   33092.53    775.0   4467.0     24510.0  1550.0
C35       c     -16507.85   -5323.34    493.0   2070.0     21236.0  986.0
C36       c     19304.82    47510.83    829.0   1232.0     20979.0  1658.0
C37       c     -70893.08   50292.69    442.0   1899.0     22119.0  884.0
C38       c     -92352.89   1339.62     423.0   2858.0     22843.0  846.0
C39       c     62785.21    -7212.68    247.0   5239.0     25273.0  494.0
C40       c     -6956.89    -59004.15   382.0   5102.0     24910.0  764.0
C41       c     -30089.52   34026.43    707.0   1194.0     22456.0  1414.0
C42       c     -72323.79   -55761.01   434.0   3773.0     24005.0  868.0
C43       c     61019.97    -13430.70   729.0   4744.0     24431.0  1458.0
C44       c     -71134.23   32711.40    358.0   2750.0     22714.0  716.0
C45       c     -18844.83   44028.64    313.0   4605.0     24750.0  626.0
C46       c     -10299.13   41320.16    563.0   3406.0     24283.0  1126.0
C47       c     70787.65    -62872.84   734.0   790.0      20860.0  1468.0
C48       c     25648.68    -52912.79   263.0   4574.0     24361.0  526.0
C49       c     -22879.96   67401.71    442.0   3631.0     23567.0  884.0
C50       c     47420.26    -36398.80   473.0   1285.0     20537.0  946.0
C51       c     36350.50    -1348.97    449.0   2602.0     21601.0  898.0
C52       c     -97005.84   846.29      189.0   2479.0     21683.0  378.0
C53       c     -29339.44   -45224.77   373.0   2230.0     22698.0  746.0
C54       c     -43072.81   24414.09    744.0   1978.0     23290.0  1488.0
C55       c     -77279.95   -25338.85   653.0   4572.0     24859.0  1306.0
C56       c     2385.52     -39770.25   114.0   4097.0     22513.0  228.0
C57       c     28423.69    -53952.47   265.0   4912.0     24220.0  530.0
C58       c     -57810.22   -17487.11   559.0   4167.0     25237.0  1118.0
C59       c     -96088.38   -57635.13   300.0   1409.0     20944.0  600.0
C60       c     16469.03    73374.87    544.0   3344.0     23652.0  1088.0
C61       c     45019.22    -17745.88   751.0   1523.0     21800.0  1502.0
C62       c     24757.62    21409.07    204.0   1102.0     20164.0  408.0
C63       c     61857.26    -12644.68   670.0   3246.0     22870.0  1340.0
C64       c     -10266.51   41280.82    614.0   722.0      20365.0  1228.0
C65       c     -41144.55   -59371.00   599.0   1495.0     22232.0  1198.0
C66       c     62707.45    18474.49    400.0   2939.0     23575.0  800.0
C67       c     -87208.08   -23658.55   440.0   886.0      19866.0  880.0
C68       c     5607.91     -5058.74    639.0   4188.0     25133.0  1278.0
C69       c     -47659.74   325.29      703.0   2750.0     22185.0  1406.0
C70       c     -77062.94   4474.25     359.0   3965.0     23056.0  718.0
C71       c     -7097.09    28782.35    731.0   686.0      20245.0  1462.0
C72       c     75796.89    304.09      546.0   1060.0     21903.0  1092.0
C73       c     -36317.00   70948.10    252.0   1412.0     20265.0  504.0
C74       c     40733.74    -53102.42   479.0   1086.0     20516.0  958.0
C75       c     71042.24    33983.13    754.0   2937.0     24164.0  1508.0
F1        f     -19234.07   -17723.27   0.0     0.0        32400.0  0.0
F2        f     -52226.05   -22735.55   0.0     0.0        32400.0  0.0
F3        f     36350.50    -1348.97    0.0     0.0        32400.0  0.0
F4        f     65844.16    -5736.55    0.0     0.0        32400.0  0.0
F5        f     -46738.58   33092.53    0.0     0.0        32400.0  0.0
F6        f     62707.45    18474.49    0.0     0.0        32400.0  0.0
F7        f     75796.89    304.09      0.0     0.0        32400.0  0.0
F8        f     -6956.89    -59004.15   0.0     0.0        32400.0  0.0

m numVeh /11/
m numPetrolVeh /6/
m numElectroVeh /5/

DistanceMatrix
0 43984 100039 46478 28151 61680 96452 85918 96312 93833 52909 58143 62523 48133 76548 95182 84114 103652 88266 36920 90302 96286 38851 66338 33371 78917 38577 92491 87251 64963 109939 91299 82595 97941 57782 12696 75768 85410 75563 82690 43068 52876 65310 80369 72369 61753 59716 100709 57033 85203 69221 57946 79958 29299 48413 58543 30878 59865 38577 86600 97845 64253 58878 81250 59682 47060 89581 68233 27884 33671 61943 48063 96726 90302 69626 104035 0 33371 57946 85918 57782 89581 96726 43068
43984 0 125889 90432 17889 97119 117651 111795 138910 125813 85520 96586 93233 81008 106710 125483 115564 137994 105495 62114 134285 119045 52856 72409 42234 107468 29084 128913 56696 108564 113717 125701 124464 98789 94067 56650 118957 116772 85917 108404 25059 93859 40524 103945 100459 104672 103436 102836 58063 127541 82802 89945 88910 14829 84951 56908 39802 60710 49573 64123 141734 87761 99089 105045 103404 9153 122877 65991 66427 62143 78507 92029 123429 130832 73045 139341 43984 42234 89945 111795 94067 122877 123429 25059
100039 125889 0 92086 109744 44525 14949 14315 77225 20737 134531 125695 143633 131236 154430 14824 22136 31918 28582 65459 100101 10691 73041 61864 133407 21581 136373 38341 181250 81008 206834 29848 66892 64791 130773 96035 77428 158928 171814 17687 103917 115075 161254 22078 154360 108219 99330 62216 74575 123224 47539 43091 176460 117329 125176 158560 86142 73343 138207 184360 97653 38166 59197 20947 99284 133857 25875 168148 73931 127111 156609 91605 3966 136434 64697 36232 100039 133407 43091 14315 130773 25875 3966 103917
46478 90432 92086 0 74329 47810 95701 81002 55161 77142 44993 33635 52959 42934 62574 81142 70562 80913 94284 55746 43994 93470 67380 89602 66803 71741 79035 67382 127349 22162 121937 70564 44999 118665 39084 33788 33973 66864 88216 78857 86406 22994 105087 80252 63286 19817 14102 119863 87100 42659 84552 52911 92812 75670 35127 87009 67974 89159 66995 122380 52119 69688 33371 80581 14058 92855 71340 94175 35219 47958 72699 1696 88136 51910 94137 79388 46478 66803 52911 81002 39084 71340 88136 86406
28151 17889 109744 74329 0 79351 102474 95513 121317 108564 76022 84539 84744 71278 98711 108496 98337 120471 91149 44978 117811 103516 37319 60428 38960 90642 31775 111155 71538 91486 116818 108133 106743 89537 83059 40736 101608 108369 85662 92116 19145 80388 52427 88044 93259 89879 87784 93206 47032 113248 68915 72456 89324 8514 73675 60038 24009 49936 46578 76162 124907 71603 81244 89113 87749 24401 105433 69966 48600 53377 75436 75867 107090 117796 62009 121710 28151 38960 72456 95513 83059 105433 107090 19145
61680 97119 44525 47810 79351 0 48224 33259 52562 32785 90118 81311 99136 86950 109936 35296 24065 42015 49091 36688 65685 45752 49873 57951 94057 23953 100104 31805 148044 40631 163718 29631 37377 80131 86270 54703 41747 114654 128796 31318 80821 70735 126545 33682 109846 65063 56435 80065 63133 82836 47089 10683 133471 85272 80690 118654 59617 63761 97757 148269 67011 28480 16633 33787 56386 103449 28044 127737 33804 84337 113362 47460 40618 95155 62600 42684 61680 94057 10683 33259 86270 28044 40618 80821
96452 117651 14949 95701 102474 48224 0 15337 88627 33460 135834 128838 145306 132169 156941 27863 30888 46210 14529 60102 109472 4420 65173 49748 129602 24577 130896 50650 173863 87773 205374 41973 76822 49864 133326 94322 85972 162274 170445 16907 94491 118400 154712 16392 156144 113286 104628 47268 63382 130305 36075 43415 175026 110467 126898 154762 78490 61779 135021 178213 108093 32229 64445 15717 104579 126030 37437 164587 72433 125931 155624 95477 16407 143018 51995 50403 96452 129602 43415 15337 133326 37437 16407 94491
85918 111795 14315 81002 95513 33259 15337 0 74328 22067 122164 114368 131472 118679 142753 17855 16494 36366 22076 51145 94323 12495 59000 50235 119288 9344 122072 37628 166991 72450 193369 29167 61926 59049 119091 82353 70719 147771 158355 3396 90208 103848 146945 9081 142272 98228 89511 57350 61978 114983 35772 29818 162983 103050 113013 144460 72009 61033 124211 170046 93255 24040 49244 7976 89462 119680 24413 154098 60240 113666 143271 80697 11642 127740 53610 40058 85918 119288 29818 0 119091 24413 11642 90208
96312 138910 77225 55161 121317 52562 88627 74328 0 56514 96012 79645 101536 95311 106551 62418 57906 49491 95594 85880 28127 84607 99746 110496 121511 66799 132641 39008 181547 33050 172990 47377 15515 130562 86642 84661 21265 106506 140993 74478 127953 70781 159229 79686 110051 56708 49729 129790 115172 58123 99063 63244 145415 124934 86580 142161 106749 116018 122104 177378 21790 80257 41743 79224 49716 143168 51506 149154 73100 103046 125894 53535 73876 71872 115127 45593 96312 121511 63244 74328 86642 51506 73876 127953
93833 125813 20737 77142 108564 32785 33460 22067 56514 0 121312 110593 129878 118491 139655 5913 10253 14491 43855 63700 80050 29134 74392 70812 126614 19987 131876 17608 178973 63123 196123 9163 46779 80994 116226 87451 58107 143262 161292 24042 106358 99945 157924 30500 140362 91436 82471 79112 81188 104532 56573 36410 165971 115313 111629 151345 86435 80670 130486 180165 77141 41135 43806 29544 82428 132961 5994 160489 66154 116995 145788 76394 17594 118036 74565 18002 93833 126614 36410 22067 116226 5994 17594 106358
52909 85520 134531 44993 76022 90118 135834 122164 96012 121312 0 18154 9928 4803 23692 124872 113902 125847 131531 83616 75619 134297 90008 116909 45864 113297 61603 112356 101455 65100 77403 115230 88660 148367 11699 46161 76175 32608 45101 119560 94087 25247 81250 119605 20635 39927 46289 150614 109295 53473 116617 92508 49447 72283 9873 54267 83713 112018 40912 91600 85626 106071 77638 120166 46303 83323 115662 58037 64907 23385 30554 46113 130667 50605 120709 124379 52909 45864 92508 122164 11699 115662 130667 94087
58143 96586 125695 33635 84539 81311 128838 114368 79645 110593 18154 0 21898 19824 29096 114718 104192 113462 126385 82364 57836 126789 91180 116669 60291 105170 75714 99806 118361 50556 93398 103688 73829 147365 7080 48119 60807 33437 62611 112096 101122 10657 97508 113071 30876 22940 30578 149115 111129 35649 114131 85602 66778 82381 12263 71875 87403 113627 56606 109247 67899 101201 66937 113482 30604 95773 104732 76096 61990 36782 48556 34240 121750 34798 120856 111547 58143 60291 85602 114368 7080 104732 121750 101122
62523 93233 143633 52959 84744 99136 145306 131472 101536 129878 9928 21898 0 14503 14083 133615 122750 133818 141253 93539 79303 143676 99885 126824 52272 122523 67895 120235 104460 71869 71506 123507 95330 158292 14908 56076 82470 23662 41664 128927 103103 31363 85307 129131 10854 44836 52238 160542 119105 54266 126521 101922 45569 80509 18466 56523 93382 121842 46390 93274 89392 115795 86087 129669 52260 90374 124149 58628 74727 31443 29137 53915 139744 48857 130610 132157 62523 52272 101922 131472 14908 124149 139744 103103
48133 81008 131236 42934 71278 86950 132169 118679 95311 118491 4803 19824 14503 0 28429 121900 110853 123478 127561 79237 76042 130731 85388 112366 41909 109901 57614 110074 98671 63755 79011 112645 87271 143865 14391 41629 75080 37411 45749 116016 89299 25032 78085 115889 24955 40044 45661 146158 104607 55472 112307 88941 50246 67647 8877 52060 78956 107342 37394 89429 85954 102110 74994 116476 45670 79016 112911 56567 60824 18970 30596 44174 127397 53651 116129 122151 48133 41909 88941 118679 14391 112911 127397 89299
76548 106710 154430 62574 98711 109936 156941 142753 106551 139655 23692 29096 14083 28429 0 143716 133100 142497 153584 106823 82021 155093 113629 140401 65175 133650 80564 128833 113887 79256 69378 132784 102182 171772 23671 69704 88941 10257 45129 140352 117146 39718 95963 140936 7659 50635 59044 173920 132977 53853 139612 113540 48073 94282 30615 65974 107384 135692 58782 101385 92007 128174 95939 141415 59076 103441 133807 66270 87523 45344 36509 63265 150500 45146 144261 140509 76548 65175 113540 142753 23671 133807 150500 117146
95182 125483 14824 81142 108496 35296 27863 17855 62418 5913 124872 114718 133615 121900 143716 0 11277 18788 38987 63518 85734 23487 73412 67734 128244 18183 132841 23520 179378 68057 199013 15047 52464 76148 120187 89491 63524 147600 164092 20363 105250 104061 158602 26762 144186 96063 87107 74094 78802 109786 53333 37273 168766 115510 115272 153148 85840 78088 132401 181127 82978 39205 47783 25716 87063 132885 11355 162438 67816 119598 148657 80478 11751 123205 71275 22768 95182 128244 37273 17855 120187 11355 11751 105250
84114 115564 22136 70562 98337 24065 30888 16494 57906 10253 113902 104192 122750 110853 133100 11277 0 23758 38328 53452 78834 27099 64197 61881 117088 10923 121964 21544 168856 58876 187776 13606 45971 74836 109505 78236 55682 137263 152842 17181 96172 93542 147896 23225 133376 86196 77283 73414 71612 101152 47931 26370 157516 105134 104360 141949 76187 71241 121174 170260 77210 31463 37354 22483 77238 122736 9032 151208 56627 108329 137422 69982 18203 114314 65845 26496 84114 117088 26370 16494 109505 9032 18203 96172
103652 137994 31918 80913 120471 42015 46210 36366 49491 14491 125847 113462 133818 123478 142497 18788 23758 0 57775 76067 75699 41791 87522 85244 135676 34261 142116 13669 189977 63726 202089 12417 43440 94936 119580 96024 56301 145125 167614 38496 119480 102970 168549 44959 143961 92719 83872 92852 95345 102746 71044 48049 172283 126826 116005 159943 99097 94922 138961 190252 71121 55203 48797 43985 83835 144786 15288 168752 75769 124051 152014 79906 29805 116562 89035 4393 103652 135676 48049 36366 119580 15288 29805 119480
88266 105495 28582 94284 91149 49091 14529 22076 95594 43855 131531 126385 141253 127561 153584 38987 38328 57775 0 51349 113771 18082 53981 35687 120798 28803 120715 59679 162049 89720 198089 51242 82391 37169 130245 87865 89818 159682 163417 21219 81684 116271 143573 16058 152099 112972 104702 35294 49717 131837 22795 41519 167914 99377 123099 145770 67188 47910 126691 167269 113628 25460 65713 16403 104651 114112 46488 155731 66802 119455 149039 94318 28903 143886 37643 61692 88266 120798 41519 22076 130245 46488 28903 81684
36920 62114 65459 55746 44978 36688 60102 51145 85880 63700 83616 82364 93539 79237 106823 63518 53452 76067 51349 0 91196 60372 13876 34385 69644 45717 71065 67868 116097 62959 146808 63894 70393 65112 84683 37882 69720 114242 112261 47776 44156 73595 95815 44474 104185 75491 69288 67113 31813 98231 33202 28153 116716 52124 76356 94748 23134 33622 75372 118911 95563 27958 44207 45454 69239 69370 60864 104634 20801 68858 98167 56554 62563 107521 38726 77656 36920 69644 28153 51145 84683 60864 62563 44156
90302 134285 100101 43994 117811 65685 109472 94323 28127 80050 75619 57836 79303 76042 82021 85734 78834 75699 113771 91196 0 105881 104623 121274 109113 85637 122343 63569 169815 28251 150429 71022 33273 145752 64883 77660 24001 80614 120447 93656 128324 51099 147756 97775 86518 36051 32556 145750 122728 30540 112176 75507 124604 119574 67188 126549 108385 124191 108053 163299 10091 93986 50093 97580 32571 136849 74388 132239 73574 87773 106171 42352 96407 44026 126013 72183 90302 109113 75507 94323 64883 74388 96407 128324
96286 119045 10691 93470 103516 45752 4420 12495 84607 29134 134297 126789 143676 130731 155093 23487 27099 41791 18082 60372 105881 0 66325 52486 129561 21830 131386 46426 175016 84738 204687 37750 73068 54114 131442 93580 82527 160205 169708 14752 96275 116288 155572 15940 154495 110714 101984 51596 65775 127258 38469 41794 174312 111384 125233 154747 79611 64317 134796 178960 104277 32421 61697 15035 101936 127293 33270 164507 71554 125092 154763 93178 11987 140103 54996 45988 96286 129561 41794 12495 131442 33270 11987 96275
38851 52856 73041 67380 37319 49873 65173 59000 99746 74392 90008 91180 99885 85388 113629 73412 64197 87522 53981 13876 104623 66325 0 27487 68614 55241 66928 80339 108712 76374 147465 75659 84254 59098 92639 43969 83484 121745 113731 55617 31978 83241 89677 51091 110194 86816 81266 61873 20035 110039 32306 40526 117983 45432 83787 92997 13318 22451 75210 113318 109251 34963 58083 52190 81218 60975 72234 103053 32244 72465 100623 68361 70642 118555 30873 89480 38851 68614 40526 59000 92639 72234 70642 31978
66338 72409 61864 89602 60428 57951 49748 50235 110496 70812 116909 116669 126824 112366 140401 67734 61881 85244 35687 34385 121274 52486 27487 0 95302 51055 91831 82210 129036 93650 174404 75295 95311 31638 118750 70748 98138 148174 140985 47410 47645 107981 112079 41154 137271 109417 102731 34403 14550 131652 14470 47279 145178 68939 110188 119079 38153 12354 102159 135915 124057 31263 71472 42262 102681 81392 70895 129145 55128 99932 128064 90273 60827 141508 4738 88322 66338 95302 47279 50235 118750 70895 60827 47645
33371 42234 133407 66803 38960 94057 129602 119288 121511 126614 45864 60291 52272 41909 65175 128244 117088 135676 120798 69644 109113 129561 68614 95302 0 112239 15740 123834 60726 88542 79148 123467 109560 126103 56097 39736 100256 75376 46795 116054 58006 60926 38660 113628 58582 74644 76557 129396 83517 94794 100579 91122 50610 32087 48030 25189 57207 86480 7663 56053 118136 97373 88743 114529 76542 38275 122098 34994 60475 23509 36841 68489 130080 95025 97794 135691 33371 0 91122 119288 56097 122098 130080 58006
78917 107468 21581 71741 90642 23953 24577 9344 66799 19987 113297 105170 122523 109901 133650 18183 10923 34261 28803 45717 85637 21830 55241 51055 112239 0 115888 32203 161790 63214 185253 24516 53704 64506 109980 74505 61872 138552 150233 8023 87067 94626 141284 12945 133299 88886 80167 63329 61201 105742 37026 21519 154879 97833 104057 137340 67754 60694 116861 164082 85010 21203 39908 12427 80119 114997 19948 146850 52423 105530 135033 71411 17972 118443 54964 37267 78917 112239 21519 9344 109980 19948 17972 87067
38577 29084 136373 79035 31775 100104 130896 122072 132641 131876 61603 75714 67895 57614 80564 132841 121964 142116 120715 71065 122343 131386 66928 91831 15740 115888 0 131067 49076 100068 85820 129733 119798 121307 71737 48386 111546 90801 56857 118731 49283 75664 26870 115524 73770 88821 89917 124952 78743 109738 99200 95608 59942 23414 63480 28701 54159 81663 21837 48296 131011 98971 97160 116513 89897 23442 127847 38420 66386 39010 49844 80730 133318 110501 93642 142580 38577 15740 95608 122072 71737 127847 133318 49283
92491 128913 38341 67382 111155 31805 50650 37628 39008 17608 112356 99806 120235 110074 128833 23520 21544 13669 59679 67868 63569 46426 80339 82210 123834 32203 131067 0 179434 50093 188827 8677 30611 96369 105950 84097 43060 131469 154483 38679 111942 89328 157725 44767 130339 79073 70215 94883 90648 89666 68715 39848 159143 117024 102501 147762 90986 90636 126770 178949 59967 51053 35831 44024 70177 135238 13297 156380 64758 111255 138875 66342 35160 103416 86397 12146 92491 123834 39848 37628 105950 13297 35160 111942
87251 56696 181250 127349 71538 148044 173863 166991 181547 178973 101455 118361 104460 98671 113887 179378 168856 189977 162049 116097 169815 175016 108712 129036 60726 161790 49076 179434 0 148794 84535 177560 168860 154150 112935 97461 160379 123691 73817 163597 81441 120747 22319 159582 106254 134982 137261 158374 114606 153846 139428 142567 73792 63979 106353 48024 95409 117175 62249 17098 178862 143130 146083 160651 137247 47938 175341 48646 114694 82746 77459 129042 178534 152057 129470 190712 87251 60726 142567 166991 112935 175341 178534 81441
64963 108564 81008 22162 91486 40631 87773 72450 33050 63123 65100 50556 71869 63755 79256 68057 58876 63726 89720 62959 28251 84738 76374 93650 88542 63214 100068 50093 148794 0 142502 55164 23560 119444 57123 52752 11815 81429 109456 71095 100757 40507 126483 74168 81415 29006 20248 119812 94558 42533 85399 49349 113986 94133 55335 109164 80453 96079 89054 144345 33688 67855 24041 74184 20213 112018 57129 116314 45592 70115 94087 20568 77079 55460 98380 61447 64963 88542 49349 72450 57123 57129 77079 100757
109939 113717 206834 121937 116818 163718 205374 193369 172990 196123 77403 93398 71506 79011 69378 199013 187776 202089 198089 146808 150429 204687 147465 174404 79148 185253 85820 188827 84535 142502 0 190901 166062 205241 86365 111107 153528 74217 35021 190379 135041 102369 79884 189027 64006 116325 123449 208544 162614 123194 178982 163752 30386 108867 87186 57125 136349 165577 72269 67459 160509 173526 153338 189798 123468 105910 190773 47727 133167 79725 50356 123184 203170 114126 176941 200947 109939 79148 163752 193369 86365 190773 203170 135041
91299 125701 29848 70564 108133 29631 41973 29167 47377 9163 115230 103688 123507 112645 132784 15047 13606 12417 51242 63894 71022 37750 75659 75295 123467 24516 129733 8677 177560 55164 190901 0 37775 88107 109553 83883 49441 135984 156261 30438 107551 93087 156142 36678 133840 83836 74888 86506 84528 96016 61467 35787 160938 114435 105448 147851 86983 84310 126887 177895 67986 44490 37655 35871 74846 132426 4760 156752 63416 112386 140686 69688 26562 109620 79332 13821 91299 123467 35787 29167 109553 4760 26562 107551
82595 124464 66892 44999 106743 37377 76822 61926 15515 46779 88660 73829 95330 87271 102182 52464 45971 43440 82391 70393 33273 73068 84254 95311 109560 53704 119798 30611 168860 23560 166062 37775 0 116401 80520 71460 13381 103611 132925 61625 112732 63976 146579 66344 104702 51556 43266 115870 99700 59319 84245 48033 137473 110742 78890 131345 91464 100583 110828 165609 31335 65466 26343 66000 43238 129086 41124 138903 58257 92659 117502 43534 63242 73158 99971 40394 82595 109560 48033 61926 80520 41124 63242 112732
97941 98789 64791 118665 89537 80131 49864 59049 130562 80994 148367 147365 158292 143865 171772 76148 74836 94936 37169 65112 145752 54114 59098 31638 126103 64506 121307 96369 154150 119444 205241 88107 116401 0 149795 102236 121868 179340 172213 57698 73845 138288 139278 51658 168796 138386 131073 4545 42695 159655 34289 70301 176334 97972 141411 149247 68970 39741 133153 162907 146990 51774 95836 52356 131022 107942 83348 159270 85406 131560 159540 119140 65722 170372 28436 98860 97941 126103 70301 59049 149795 83348 65722 73845
57782 94067 130773 39084 83059 86270 133326 119091 86642 116226 11699 7080 14908 14391 23671 120187 109505 119580 130245 84683 64883 131442 92639 118750 56097 109980 71737 105950 112935 57123 86365 109553 80520 149795 0 48884 67599 29653 55578 116705 100321 16675 92464 117373 24399 29961 37357 151729 112414 41789 117025 89944 59721 80227 9421 65932 87876 115005 51777 103281 74952 104900 72445 117834 37380 92633 110418 69703 64774 32780 41696 39875 126846 39264 122805 117784 57782 56097 89944 119091 0 110418 126846 100321
12696 56650 96035 33788 40736 54703 94322 82353 84661 87451 46161 48119 56076 41629 69704 89491 78236 96024 87865 37882 77660 93580 43969 70748 39736 74505 48386 84097 97461 52752 111107 83883 71460 102236 48884 0 63828 77788 76137 79316 54524 41628 75229 77951 66563 49407 47055 104558 63576 73004 71081 53008 80734 41914 39875 63983 39288 66209 43056 95234 85328 62769 49168 78706 47020 59398 82713 73039 22117 31660 61343 35380 92476 78802 74562 95969 12696 39736 53008 82353 48884 82713 92476 54524
75768 118957 77428 33973 101608 41747 85972 70719 21265 58107 76175 60807 82470 75080 88941 63524 55682 56301 89818 69720 24001 82527 83484 98138 100256 61872 111546 43060 160379 11815 153528 49441 13381 121868 67599 63828 0 90241 120827 69894 109705 51202 138061 73851 91642 38308 30244 121799 100624 46639 88495 51748 125323 104719 66516 120978 88906 101872 100854 156113 26019 70140 26665 73684 30220 122792 52220 128102 54325 81919 105541 32370 73619 60358 102870 53477 75768 100256 51748 70719 67599 52220 73619 109705
85410 116772 158928 66864 108369 114654 162274 147771 106506 143262 32608 33437 23662 37411 10257 147600 137263 145125 159682 114242 80614 160205 121745 148174 75376 138552 90801 131469 123691 81429 74217 135984 103611 179340 29653 77788 90241 0 53450 145522 126624 43926 106063 146498 17583 52424 61255 181328 141321 50970 146675 119030 55918 104165 37996 75901 116108 143982 69031 110830 90360 134406 99917 146914 61293 113627 137337 75730 94426 55105 46232 67325 154974 40276 152155 142869 85410 75376 119030 147771 29653 137337 154974 126624
75563 85917 171814 88216 85662 128796 170445 158355 140993 161292 45101 62611 41664 45749 45129 164092 152842 167614 163417 112261 120447 169708 113731 140985 46795 150233 56857 154483 73817 109456 35021 156261 132925 172213 55578 76137 120827 53450 0 155374 104565 70322 60512 154082 37874 85005 91276 175323 129876 95868 144778 128731 4679 78351 54415 30642 103273 132831 39340 59093 130504 138692 118818 154843 91288 79423 156004 25522 98170 44705 15608 89564 168153 89361 143791 166624 75563 46795 128731 158355 55578 156004 168153 104565
82690 108404 17687 78857 92116 31318 16907 3396 74478 24042 119560 112096 128927 116016 140352 20363 17181 38496 21219 47776 93656 14752 55617 47410 116054 8023 118731 38679 163597 71095 190379 30438 61625 57698 116705 79316 69894 145522 155374 0 86870 101619 143567 6464 139744 96380 87731 56232 58887 113604 32984 27077 159994 99659 110482 141233 68616 58011 121032 166683 92949 20654 47595 5511 87682 116284 25687 150892 57218 110702 140336 78608 15027 126216 50913 42015 82690 116054 27077 3396 116705 25687 15027 86870
43068 25059 103917 86406 19145 80821 94491 90208 127953 106358 94087 101122 103103 89299 117146 105250 96172 119480 81684 44156 128324 96275 31978 47645 58006 87067 49283 111942 81441 100757 135041 107551 112732 73845 100321 54524 109705 126624 104565 86870 0 95863 65447 81840 111940 103716 100380 77841 33170 127405 58889 72109 108124 26284 90901 77966 21383 35739 65649 89142 134436 66361 86441 82973 100340 34190 104192 87690 55389 71949 94575 87787 101812 133228 48054 121369 43068 58006 72109 90208 100321 104192 101812 0
52876 93859 115075 22994 80388 70735 118400 103848 70781 99945 25247 10657 31363 25032 39718 104061 93542 102970 116271 73595 51099 116288 83241 107981 60926 94626 75664 89328 120747 40507 102369 93087 63976 138288 16675 41628 51202 43926 70322 101619 95863 0 99225 102728 41066 15049 21092 139877 103272 34145 104726 75271 74691 79255 16154 75836 80626 105660 58499 112950 60959 91223 56280 103114 21109 94049 94091 81179 52934 38006 55496 23583 111127 37443 112283 101132 52876 60926 75271 103848 16675 94091 111127 95863
65310 40524 161254 105087 52427 126545 154712 146945 159229 157924 81250 97508 85307 78085 95963 158602 147896 168549 143573 95815 147756 155572 89677 112079 38660 141284 26870 157725 22319 126483 79884 156142 146579 139278 92464 75229 138061 106063 60512 143567 65447 99225 0 139901 88480 113216 115203 143288 98014 132717 121299 121535 61754 44257 85344 30823 76401 100764 40933 23838 156717 123347 124016 140938 115188 31388 154092 35385 92973 61270 60421 106781 158376 131726 113089 169138 65310 38660 121535 146945 92464 154092 158376 65447
80369 103945 22078 80252 88044 33682 16392 9081 79686 30500 119605 113071 129131 115889 140936 26762 23225 44959 16058 44474 97775 15940 51091 41154 113628 12945 115524 44767 159582 74168 189027 36678 66344 51658 117373 77951 73851 146498 154082 6464 81840 102728 139901 0 139978 98387 89911 50398 53009 116504 26692 27469 158669 95790 110759 138812 64279 52005 118899 163209 97570 16572 50287 1148 89862 112018 31950 148580 56041 109547 139239 80137 20174 128819 44558 48462 80369 113628 27469 9081 117373 31950 20174 81840
72369 100459 154360 63286 93259 109846 156144 142272 110051 140362 20635 30876 10854 24955 7659 144186 133376 143961 152099 104185 86518 154495 110194 137271 58582 133299 73770 130339 106254 81415 64006 133840 104702 168796 24399 66563 91642 17583 37874 139744 111940 41066 88480 139978 0 53500 61441 171109 129222 59430 137228 112752 41045 88436 29262 58375 103241 131994 51937 93729 96581 126639 96556 140513 61468 96843 134597 58617 85533 39999 28853 64158 150463 51713 140991 142182 72369 58582 112752 142272 24399 134597 150463 111940
61753 104672 108219 19817 89879 65063 113286 98228 56708 91436 39927 22940 44836 40044 50635 96063 86196 92719 112972 75491 36051 110714 86816 109417 74644 88886 88821 79073 134982 29006 116325 83836 51556 138386 29961 49407 38308 52424 85005 96380 103716 15049 113216 98387 53500 0 8965 139506 106664 23719 104210 71454 89296 89868 31173 90700 86446 108787 72818 127680 45916 88852 49120 98614 9008 105777 85462 96203 54841 52348 70384 19247 104254 32093 113948 90447 61753 74644 71454 98228 29961 85462 104254 103716
59716 103436 99330 14102 87784 56435 104628 89511 49729 82471 46289 30578 52238 45661 59044 87107 77283 83872 104702 69288 32556 101984 81266 102731 76557 80167 89917 70215 137261 20248 123449 74888 43266 131073 37357 47055 30244 61255 91276 87731 100380 21092 115203 89911 61441 8965 0 132027 100857 28957 96808 63221 95688 88615 36877 94498 82077 102841 75602 130965 41762 80925 40317 90104 51 105310 76498 100684 49031 55465 76256 12940 95367 39430 107331 81672 59716 76557 63221 89511 37357 76498 95367 100380
100709 102836 62216 119863 93206 80065 47268 57350 129790 79112 150614 149115 160542 146158 173920 74094 73414 92852 35294 67113 145750 51596 61873 34403 129396 63329 124952 94883 158374 119812 208544 86506 115870 4545 151729 104558 121799 181328 175323 56232 77841 139877 143288 50398 171109 139506 132027 0 46225 160453 35312 70506 179485 101670 143469 152751 72198 43293 136372 166958 146676 51966 96032 51016 131976 111987 81748 162789 87126 134253 162467 120278 63375 171404 31602 96856 100709 129396 70506 57350 151729 81748 63375 77841
57033 58063 74575 87100 47032 63133 63382 61978 115172 81188 109295 111129 119105 104607 132977 78802 71612 95345 49717 31813 122728 65775 20035 14550 83517 61201 78743 90648 114606 94558 162614 84528 99700 42695 112414 63576 100624 141321 129876 58887 33170 103272 98014 53009 129222 106664 100857 46225 0 129733 27326 52663 133919 55523 103451 106558 26719 2963 90666 121829 126621 40149 74327 54153 100808 67105 80433 116587 51881 90600 117656 88014 73122 138496 15086 98038 57033 83517 52663 61978 112414 80433 73122 33170
85203 127541 123224 42659 113248 82836 130305 114983 58123 104532 53473 35649 54266 55472 53853 109786 101152 102746 131837 98231 30540 127258 110039 131652 94794 105742 109738 89666 153846 42533 123194 96016 59319 159655 41789 73004 46639 50970 95868 113604 127405 34145 132717 116504 59430 23719 28957 160453 129733 0 125366 90746 99621 112812 47494 107518 110110 131753 91795 144892 39800 108906 66217 116567 29007 128082 98585 111490 77859 71507 83040 41720 119328 13897 136264 99690 85203 94794 90746 114983 41789 98585 119328 127405
69221 82802 47539 84552 68915 47089 36075 35772 99063 56573 116617 114131 126521 112307 139612 53333 47931 71044 22795 33202 112176 38469 32306 14470 100579 37026 99200 68715 139428 85399 178982 61467 84245 34289 117025 71081 88495 146675 144778 32984 58889 104726 121299 26692 137228 104210 96808 35312 27326 125366 0 36756 149151 77265 109028 125190 45161 25865 106916 145071 114054 18807 62091 27797 96757 91496 56963 135230 52254 101926 131022 84975 46393 136144 17992 74240 69221 100579 36756 35772 117025 56963 46393 58889
57946 89945 43091 52911 72456 10683 43415 29818 63244 36410 92508 85602 101922 88941 113540 37273 26370 48049 41519 28153 75507 41794 40526 47279 91122 21519 95608 39848 142567 49349 163752 35787 48033 70301 89944 53008 51748 119030 128731 27077 72109 75271 121535 27469 112752 71454 63221 70506 52663 90746 36756 0 133374 78995 83497 116135 51282 53197 95534 143903 77324 18547 25541 27896 63170 96809 32980 125557 30966 84027 113563 52873 39481 102506 51939 49516 57946 91122 0 29818 89944 32980 39481 72109
79958 88910 176460 92812 89324 133471 175026 162983 145415 165971 49447 66778 45569 50246 48073 168766 157516 172283 167914 116716 124604 174312 117983 145178 50610 154879 59942 159143 73792 113986 30386 160938 137473 176334 59721 80734 125323 55918 4679 159994 108124 74691 61754 158669 41045 89296 95688 179485 133919 99621 149151 133374 0 81861 58858 32784 107370 136878 43271 58489 134673 143237 123488 159435 95701 82138 160683 26391 102784 49349 20270 94149 172804 92722 147928 171284 79958 50610 133374 162983 59721 160683 172804 108124
29299 14829 117329 75670 8514 85272 110467 103050 124934 115313 72283 82381 80509 67647 94282 115510 105134 126826 99377 52124 119574 111384 45432 68939 32087 97833 23414 117024 63979 94133 108867 114435 110742 97972 80227 41914 104719 104165 78351 99659 26284 79255 44257 95790 88436 89868 88615 101670 55523 112812 77265 78995 81861 0 70980 51901 32190 58419 39749 67893 127139 79274 85829 96842 88583 18425 111938 61757 53241 49096 68902 77277 114571 116382 70515 127869 29299 32087 78995 103050 80227 111938 114571 26284
48413 84951 125176 35127 73675 80690 126898 113013 86580 111629 9873 12263 18466 8877 30615 115272 104360 116005 123099 76356 67188 125233 83787 110188 48030 104057 63480 102501 106353 55335 87186 105448 78890 141411 9421 39875 66516 37996 54415 110482 90901 16154 85344 110759 29262 31173 36877 143469 103451 47494 109028 83497 58858 70980 0 60378 78652 106080 44417 97687 77087 97661 67897 111282 36888 83807 105947 65260 56907 24522 39407 36240 121290 47022 114159 114516 48413 48030 83497 113013 9421 105947 121290 90901
58543 56908 158560 87009 60038 118654 154762 144460 142161 151345 54267 71875 56523 52060 65974 153148 141949 159943 145770 94748 126549 154747 92997 119079 25189 137340 28701 147762 48024 109164 57125 147851 131345 149247 65932 63983 120978 75901 30642 141233 77966 75836 30823 138812 58375 90700 94498 152751 106558 107518 125190 116135 32784 51901 60378 0 80962 109508 20993 37374 136137 122535 112237 139715 94493 49638 146684 10069 85333 39192 29814 88627 155210 104638 121236 159745 58543 25189 116135 144460 65932 146684 155210 77966
30878 39802 86142 67974 24009 59617 78490 72009 106749 86435 83713 87403 93382 78956 107384 85840 76187 99097 67188 23134 108385 79611 13318 38153 57207 67754 54159 90986 95409 80453 136349 86983 91464 68970 87876 39288 88906 116108 103273 68616 21383 80626 76401 64279 103241 86446 82077 72198 26719 110110 45161 51282 107370 32190 78652 80962 0 29650 64188 100081 114018 47987 65142 65366 82033 47739 83852 91031 34861 64126 90938 69205 83637 117288 40600 100764 30878 57207 51282 72009 87876 83852 83637 21383
59865 60710 73343 89159 49936 63761 61779 61033 116018 80670 112018 113627 121842 107342 135692 78088 71241 94922 47910 33622 124191 64317 22451 12354 86480 60694 81663 90636 117175 96079 165577 84310 100583 39741 115005 66209 101872 143982 132831 58011 35739 105660 100764 52005 131994 108787 102841 43293 2963 131753 25865 53197 136878 58419 106080 109508 29650 0 93627 124567 127887 39829 75451 53143 102793 69779 80131 119534 53955 93460 120587 90038 72028 140682 12339 97719 59865 86480 53197 61033 115005 80131 72028 35739
38577 49573 138207 66995 46578 97757 135021 124211 122104 130486 40912 56606 46390 37394 58782 132401 121174 138961 126691 75372 108053 134796 75210 102159 7663 116861 21837 126770 62249 89054 72269 126887 110828 133153 51777 43056 100854 69031 39340 121032 65649 58499 40933 118899 51937 72818 75602 136372 90666 91795 106916 95534 43271 39749 44417 20993 64188 93627 0 55471 117360 102830 91271 119765 75591 45078 125769 30039 64624 20502 29206 68649 134786 91010 104782 138752 38577 7663 95534 124211 51777 125769 134786 65649
86600 64123 184360 122380 76162 148269 178213 170046 177378 180165 91600 109247 93274 89429 101385 181127 170260 190252 167269 118911 163299 178960 113318 135915 56053 164082 48296 178949 17098 144345 67459 177895 165609 162907 103281 95234 156113 110830 59093 166683 89142 112950 23838 163209 93729 127680 130965 166958 121829 144892 145071 143903 58489 67893 97687 37374 100081 124567 55471 0 172722 146637 144401 164228 130957 54971 176093 35118 114483 75530 64958 124046 181388 141797 136897 190595 86600 56053 143903 170046 103281 176093 181388 89142
97845 141734 97653 52119 124907 67011 108093 93255 21790 77141 85626 67899 89392 85954 92007 82978 77210 71121 113628 95563 10091 104277 109251 124057 118136 85010 131011 59967 178862 33688 160509 67986 31335 146990 74952 85328 26019 90360 130504 92949 134436 60959 156717 97570 96581 45916 41762 146676 126621 39800 114054 77324 134673 127139 77087 136137 114018 127887 117360 172722 0 95489 52623 97260 41771 144709 71778 142002 79182 97205 116170 50437 94123 52842 128784 67305 97845 118136 77324 93255 74952 71778 94123 134436
64253 87761 38166 69688 71603 28480 32229 24040 80257 41135 106071 101201 115795 102110 128174 39205 31463 55203 25460 27958 93986 32421 34963 31263 97373 21203 98971 51053 143130 67855 173526 44490 65466 51774 104900 62769 70140 134406 138692 20654 66361 91223 123347 16572 126639 88852 80925 51966 40149 108906 18807 18547 143237 79274 97661 122535 47987 39829 102830 146637 95489 0 44087 17594 80874 95691 40309 132359 41403 94424 124088 69864 35680 120342 35615 57906 64253 97373 18547 24040 104900 40309 35680 66361
58878 99089 59197 33371 81244 16633 64445 49244 41743 43806 77638 66937 86087 74994 95939 47783 37354 48797 65713 44207 50093 61697 58083 71472 88743 39908 97160 35831 146083 24041 153338 37655 26343 95836 72445 49168 26665 99917 118818 47595 86441 56280 124016 50287 96556 49120 40317 96032 74327 66217 62091 25541 123488 85829 67897 112237 65142 75451 91271 144401 52623 44087 0 50359 40269 104252 38063 120696 32669 75424 103219 32697 55231 78640 76205 47962 58878 88743 25541 49244 72445 38063 55231 86441
81250 105045 20947 80581 89113 33787 15717 7976 79224 29544 120166 113482 129669 116476 141415 25716 22483 43985 16403 45454 97580 15035 52190 42262 114529 12427 116513 44024 160651 74184 189798 35871 66000 52356 117834 78706 73684 146914 154843 5511 82973 103114 140938 1148 140513 98614 90104 51016 54153 116567 27797 27896 159435 96842 111282 139715 65366 53143 119765 164228 97260 17594 50359 0 90054 113105 31131 149472 56759 110282 139971 80442 19026 128942 45640 47524 81250 114529 27896 7976 117834 31131 19026 82973
59682 103404 99284 14058 87749 56386 104579 89462 49716 82428 46303 30604 52260 45670 59076 87063 77238 83835 104651 69239 32571 101936 81218 102681 76542 80119 89897 70177 137247 20213 123468 74846 43238 131022 37380 47020 30220 61293 91288 87682 100340 21109 115188 89862 61468 9008 51 131976 100808 29007 96757 63170 95701 88583 36888 94493 82033 102793 75591 130957 41771 80874 40269 90054 0 105282 76455 100683 48983 55458 76266 12894 95321 39481 107281 81636 59682 76542 63170 89462 37380 76455 95321 100340
47060 9153 133857 92855 24401 103449 126030 119680 143168 132961 83323 95773 90374 79016 103441 132885 122736 144786 114112 69370 136849 127293 60975 81392 38275 114997 23442 135238 47938 112018 105910 132426 129086 107942 92633 59398 122792 113627 79423 116284 34190 94049 31388 112018 96843 105777 105310 111987 67105 128082 91496 96809 82138 18425 83807 49638 47739 69779 45078 54971 144709 95691 104252 113105 105282 0 129789 58286 71663 60051 73255 94500 131288 130408 82118 145948 47060 38275 96809 119680 92633 129789 131288 34190
89581 122877 25875 71340 105433 28044 37437 24413 51506 5994 115662 104732 124149 112911 133807 11355 9032 15288 46488 60864 74388 33270 72234 70895 122098 19948 127847 13297 175341 57129 190773 4760 41124 83348 110418 82713 52220 137337 156004 25687 104192 94091 154092 31950 134597 85462 76498 81748 80433 98585 56963 32980 160683 111938 105947 146684 83852 80131 125769 176093 71778 40309 38063 31131 76455 129789 0 155724 61759 111849 140470 70562 22394 112068 74874 17606 89581 122098 32980 24413 110418 0 22394 104192
68233 65991 168148 94175 69966 127737 164587 154098 149154 160489 58037 76096 58628 56567 66270 162438 151208 168752 155731 104634 132239 164507 103053 129145 34994 146850 38420 156380 48646 116314 47727 156752 138903 159270 69703 73039 128102 75730 25522 150892 87690 81179 35385 148580 58617 96203 100684 162789 116587 111490 135230 125557 26391 61757 65260 10069 91031 119534 30039 35118 142002 132359 120696 149472 100683 58286 155724 0 94661 46253 29906 95749 164757 107426 131286 168421 68233 34994 125557 154098 69703 155724 164757 87690
27884 66427 73931 35219 48600 33804 72433 60240 73100 66154 64907 61990 74727 60824 87523 67816 56627 75769 66802 20801 73574 71554 32244 55128 60475 52423 66386 64758 114694 45592 133167 63416 58257 85406 64774 22117 54325 94426 98170 57218 55389 52934 92973 56041 85533 54841 49031 87126 51881 77859 52254 30966 102784 53241 56907 85333 34861 53955 64624 114483 79182 41403 32669 56759 48983 71663 61759 94661 0 53539 83219 36147 70394 86803 59515 76197 27884 60475 30966 60240 64774 61759 70394 55389
33671 62143 127111 47958 53377 84337 125931 113666 103046 116995 23385 36782 31443 18970 45344 119598 108329 124051 119455 68858 87773 125092 72465 99932 23509 105530 39010 111255 82746 70115 79725 112386 92659 131560 32780 31660 81919 55105 44705 110702 71949 38006 61270 109547 39999 52348 55465 134253 90600 71507 101926 84027 49349 49096 24522 39192 64126 93460 20502 75530 97205 94424 75424 110282 55458 60051 111849 46253 53539 0 29694 49549 123457 71528 103286 123382 33671 23509 84027 113666 32780 111849 123457 71949
61943 78507 156609 72699 75436 113362 155624 143271 125894 145788 30554 48556 29137 30596 36509 148657 137422 152014 149039 98167 106171 154763 100623 128064 36841 135033 49844 138875 77459 94087 50356 140686 117502 159540 41696 61343 105541 46232 15608 140336 94575 55496 60421 139239 28853 70384 76256 162467 117656 83040 131022 113563 20270 68902 39407 29814 90938 120587 29206 64958 116170 124088 103219 139971 76266 73255 140470 29906 83219 29694 0 74068 152917 77968 131115 151016 61943 36841 113563 143271 41696 140470 152917 94575
48063 92029 91605 1696 75867 47460 95477 80697 53535 76394 46113 34240 53915 44174 63265 80478 69982 79906 94318 56554 42352 93178 68361 90273 68489 71411 80730 66342 129042 20568 123184 69688 43534 119140 39875 35380 32370 67325 89564 78608 87787 23583 106781 80137 64158 19247 12940 120278 88014 41720 84975 52873 94149 77277 36240 88627 69205 90038 68649 124046 50437 69864 32697 80442 12894 94500 70562 95749 36147 49549 74068 0 87649 51301 94831 78312 48063 68489 52873 80697 39875 70562 87649 87787
96726 123429 3966 88136 107090 40618 16407 11642 73876 17594 130667 121750 139744 127397 150500 11751 18203 29805 28903 62563 96407 11987 70642 60827 130080 17972 133318 35160 178534 77079 203170 26562 63242 65722 126846 92476 73619 154974 168153 15027 101812 111127 158376 20174 150463 104254 95367 63375 73122 119328 46393 39481 172804 114571 121290 155210 83637 72028 134786 181388 94123 35680 55231 19026 95321 131288 22394 164757 70394 123457 152917 87649 0 132515 63888 34013 96726 130080 39481 11642 126846 22394 0 101812
90302 130832 136434 51910 117796 95155 143018 127740 71872 118036 50605 34798 48857 53651 45146 123205 114314 116562 143886 107521 44026 140103 118555 141508 95025 118443 110501 103416 152057 55460 114126 109620 73158 170372 39264 78802 60358 40276 89361 126216 133228 37443 131726 128819 51713 32093 39430 171404 138496 13897 136144 102506 92722 116382 47022 104638 117288 140682 91010 141797 52842 120342 78640 128942 39481 130408 112068 107426 86803 71528 77968 51301 132515 0 146032 113545 90302 95025 102506 127740 39264 112068 132515 133228
69626 73045 64697 94137 62009 62600 51995 53610 115127 74565 120709 120856 130610 116129 144261 71275 65845 89035 37643 38726 126013 54996 30873 4738 97794 54964 93642 86397 129470 98380 176941 79332 99971 28436 122805 74562 102870 152155 143791 50913 48054 112283 113089 44558 140991 113948 107331 31602 15086 136264 17992 51939 147928 70515 114159 121236 40600 12339 104782 136897 128784 35615 76205 45640 107281 82118 74874 131286 59515 103286 131115 94831 63888 146032 0 92209 69626 97794 51939 53610 122805 74874 63888 48054
104035 139341 36232 79388 121710 42684 50403 40058 45593 18002 124379 111547 132157 122151 140509 22768 26496 4393 61692 77656 72183 45988 89480 88322 135691 37267 142580 12146 190712 61447 200947 13821 40394 98860 117784 95969 53477 142869 166624 42015 121369 101132 169138 48462 142182 90447 81672 96856 98038 99690 74240 49516 171284 127869 114516 159745 100764 97719 138752 190595 67305 57906 47962 47524 81636 145948 17606 168421 76197 123382 151016 78312 34013 113545 92209 0 104035 135691 49516 40058 117784 17606 34013 121369
0 43984 100039 46478 28151 61680 96452 85918 96312 93833 52909 58143 62523 48133 76548 95182 84114 103652 88266 36920 90302 96286 38851 66338 33371 78917 38577 92491 87251 64963 109939 91299 82595 97941 57782 12696 75768 85410 75563 82690 43068 52876 65310 80369 72369 61753 59716 100709 57033 85203 69221 57946 79958 29299 48413 58543 30878 59865 38577 86600 97845 64253 58878 81250 59682 47060 89581 68233 27884 33671 61943 48063 96726 90302 69626 104035 0 33371 57946 85918 57782 89581 96726 43068
33371 42234 133407 66803 38960 94057 129602 119288 121511 126614 45864 60291 52272 41909 65175 128244 117088 135676 120798 69644 109113 129561 68614 95302 0 112239 15740 123834 60726 88542 79148 123467 109560 126103 56097 39736 100256 75376 46795 116054 58006 60926 38660 113628 58582 74644 76557 129396 83517 94794 100579 91122 50610 32087 48030 25189 57207 86480 7663 56053 118136 97373 88743 114529 76542 38275 122098 34994 60475 23509 36841 68489 130080 95025 97794 135691 33371 0 91122 119288 56097 122098 130080 58006
57946 89945 43091 52911 72456 10683 43415 29818 63244 36410 92508 85602 101922 88941 113540 37273 26370 48049 41519 28153 75507 41794 40526 47279 91122 21519 95608 39848 142567 49349 163752 35787 48033 70301 89944 53008 51748 119030 128731 27077 72109 75271 121535 27469 112752 71454 63221 70506 52663 90746 36756 0 133374 78995 83497 116135 51282 53197 95534 143903 77324 18547 25541 27896 63170 96809 32980 125557 30966 84027 113563 52873 39481 102506 51939 49516 57946 91122 0 29818 89944 32980 39481 72109
85918 111795 14315 81002 95513 33259 15337 0 74328 22067 122164 114368 131472 118679 142753 17855 16494 36366 22076 51145 94323 12495 59000 50235 119288 9344 122072 37628 166991 72450 193369 29167 61926 59049 119091 82353 70719 147771 158355 3396 90208 103848 146945 9081 142272 98228 89511 57350 61978 114983 35772 29818 162983 103050 113013 144460 72009 61033 124211 170046 93255 24040 49244 7976 89462 119680 24413 154098 60240 113666 143271 80697 11642 127740 53610 40058 85918 119288 29818 0 119091 24413 11642 90208
57782 94067 130773 39084 83059 86270 133326 119091 86642 116226 11699 7080 14908 14391 23671 120187 109505 119580 130245 84683 64883 131442 92639 118750 56097 109980 71737 105950 112935 57123 86365 109553 80520 149795 0 48884 67599 29653 55578 116705 100321 16675 92464 117373 24399 29961 37357 151729 112414 41789 117025 89944 59721 80227 9421 65932 87876 115005 51777 103281 74952 104900 72445 117834 37380 92633 110418 69703 64774 32780 41696 39875 126846 39264 122805 117784 57782 56097 89944 119091 0 110418 126846 100321
89581 122877 25875 71340 105433 28044 37437 24413 51506 5994 115662 104732 124149 112911 133807 11355 9032 15288 46488 60864 74388 33270 72234 70895 122098 19948 127847 13297 175341 57129 190773 4760 41124 83348 110418 82713 52220 137337 156004 25687 104192 94091 154092 31950 134597 85462 76498 81748 80433 98585 56963 32980 160683 111938 105947 146684 83852 80131 125769 176093 71778 40309 38063 31131 76455 129789 0 155724 61759 111849 140470 70562 22394 112068 74874 17606 89581 122098 32980 24413 110418 0 22394 104192
96726 123429 3966 88136 107090 40618 16407 11642 73876 17594 130667 121750 139744 127397 150500 11751 18203 29805 28903 62563 96407 11987 70642 60827 130080 17972 133318 35160 178534 77079 203170 26562 63242 65722 126846 92476 73619 154974 168153 15027 101812 111127 158376 20174 150463 104254 95367 63375 73122 119328 46393 39481 172804 114571 121290 155210 83637 72028 134786 181388 94123 35680 55231 19026 95321 131288 22394 164757 70394 123457 152917 87649 0 132515 63888 34013 96726 130080 39481 11642 126846 22394 0 101812
43068 25059 103917 86406 19145 80821 94491 90208 127953 106358 94087 101122 103103 89299 117146 105250 96172 119480 81684 44156 128324 96275 31978 47645 58006 87067 49283 111942 81441 100757 135041 107551 112732 73845 100321 54524 109705 126624 104565 86870 0 95863 65447 81840 111940 103716 100380 77841 33170 127405 58889 72109 108124 26284 90901 77966 21383 35739 65649 89142 134436 66361 86441 82973 100340 34190 104192 87690 55389 71949 94575 87787 101812 133228 48054 121369 43068 58006 72109 90208 100321 104192 101812 0
