StringID  Type  x          y          demand  ReadyTime  DueDate  ServiceTime
D0        d     -16372.36   11221.03    0.0     0.0        32400.0  0.0
D1        d     35626.62    5298.17     0.0     0.0        32400.0  0.0
C1        c     -50465.27   62261.15    718.0   4153.0     24569.0  1436.0
C2        c     -100017.63  34288.61    266.0   3659.0     22194.0  532.0
C3        c     -63223.17   -5763.70    332.0   3388.0     23236.0  664.0
C4        c     -33465.37   -65846.16   480.0   4852.0     24678.0  960.0
C5        c     66858.61    13523.72    780.0   825.0      21324.0  1560.0
C6        c     -12920.69   -42268.81   344.0   4763.0     24001.0  688.0
C7        c     51963.04    -51097.60   637.0   4745.0     25407.0  1274.0
C8        c     8496.79     -21558.88   115.0   2028.0     21469.0  230.0
C9        c     -21242.87   -28002.82   468.0   5289.0     24803.0  936.0
C10       c     14452.71    14833.99    260.0   3383.0     23403.0  520.0
C11       c     72895.64    -12629.18   756.0   3491.0     23208.0  1512.0
C12       c     -40321.97   -6589.55    298.0   2077.0     20737.0  596.0
C13       c     57680.45    -23643.08   151.0   3672.0     23179.0  302.0
C14       c     44491.03    29279.63    567.0   3582.0     23773.0  1134.0
C15       c     4201.41     -41486.28   665.0   3344.0     24356.0  1330.0
C16       c     41381.67    -21083.60   825.0   3601.0     23897.0  1650.0
C17       c     32660.11    86892.99    105.0   2238.0     21991.0  210.0
C18       c     65778.77    49910.14    625.0   2216.0     21589.0  1250.0
C19       c     -56012.82   29127.80    187.0   3466.0     23004.0  374.0
C20       c     56555.37    20303.65    645.0   986.0      21023.0  1290.0
C21       c     -44469.36   82649.62    217.0   1434.0     20707.0  434.0
C22       c     26426.50    12339.32    153.0   2062.0     20636.0  306.0
C23       c     59571.46    -28848.29   659.0   3845.0     23303.0  1318.0
C24       c     -54494.10   -41353.00   174.0   5212.0     24634.0  348.0
C25       c     -13369.02   -18583.28   493.0   4198.0     24203.0  986.0
C26       c     75801.22    2012.82     146.0   3675.0     22787.0  292.0
C27       c     -81040.99   40779.89    634.0   3702.0     23380.0  1268.0
C28       c     -18516.63   -82611.16   379.0   1917.0     21901.0  758.0
C29       c     -47691.44   13155.22    122.0   1296.0     20832.0  244.0
C30       c     60851.21    9543.83     226.0   3302.0     21833.0  452.0
C31       c     -29183.95   -10184.32   383.0   4711.0     23990.0  766.0
C32       c     10900.43    -49230.08   174.0   3574.0     23498.0  348.0
C33       c     -94002.82   -23395.35   495.0   1606.0     22217.0  990.0
C34       c     -71080.89   1677.17     117.0   890.0      19310.0  234.0
C35       c     19927.02    -1669.03    574.0   4336.0     25268.0  1148.0
C36       c     20309.42    64194.76    663.0   3912.0     23649.0  1326.0
C37       c     60681.03    68846.79    435.0   2438.0     23221.0  870.0
C38       c     18341.55    -18883.56   735.0   1307.0     21159.0  1470.0
C39       c     -19328.26   25081.90    234.0   2651.0     21798.0  468.0
C40       c     27276.58    20669.79    336.0   1559.0     21964.0  672.0
C41       c     70289.73    12913.85    587.0   2862.0     23080.0  1174.0
C42       c     -28582.32   -80138.63   491.0   3309.0     23462.0  982.0
C43       c     69139.26    972.18      359.0   4376.0     23271.0  718.0
C44       c     26447.25    -51161.75   550.0   1583.0     22302.0  1100.0
C45       c     47700.81    -39447.55   186.0   3417.0     22344.0  372.0
C46       c     -2504.21    1645.14     562.0   3022.0     23165.0  1124.0
C47       c     36098.07    48121.16    635.0   3399.0     24326.0  1270.0
C48       c     4675.56     1065.32     718.0   1387.0     21539.0  1436.0
C49       c     36581.20    12803.66    721.0   3401.0     23162.0  1442.0
C50       c     -76863.04   53997.98    422.0   659.0      20781.0  844.0
C51       c     -93432.18   -2575.57    675.0   5197.0     25240.0  1350.0
C52       c     -86051.59   -14737.71   559.0   3448.0     23968.0  1118.0
C53       c     37605.65    -42986.57   242.0   4427.0     23641.0  484.0
C54       c     48834.87    36186.20    169.0   1779.0     20582.0  338.0
C55       c     -81541.89   -9823.24    529.0   2166.0     22907.0  1058.0
C56       c     -38608.82   45301.34    254.0   3040.0     22005.0  508.0
C57       c     -90098.06   67931.49    544.0   4726.0     25071.0  1088.0
C58       c     -9643.01    -59554.15   163.0   3476.0     22998.0  326.0
C59       c     6813.00     -10729.68   122.0   609.0      19650.0  244.0
C60       c     34936.33    72347.96    441.0   1621.0     20559.0  882.0
C61       c     63048.98    51937.46    210.0   5118.0     24591.0  420.0
C62       c     35219.64    62497.30    555.0   2860.0     22623.0  1110.0
C63       c     552.47      -9976.75    707.0   5372.0     24866.0  1414.0
C64       c     -88212.81   -15006.53   559.0   2014.0     22792.0  1118.0
C65       c     42671.95    -64018.83   744.0   4723.0     25789.0  1488.0
C66       c     -11860.98   -91898.95   699.0   3539.0     24907.0  1398.0
C67       c     8084.30     33401.45    257.0   1775.0     21185.0  514.0
C68       c     -100375.01  -44657.55   596.0   4021.0     24538.0  1192.0
C69       c     6752.62     -34859.45   162.0   1383.0     20993.0  324.0
C70       c     -100374.61  23112.82    241.0   1416.0     21006.0  482.0
C71       c     67875.05    -22140.39   647.0   2328.0     23200.0  1294.0
C72       c     -26588.40   -11856.88   523.0   4333.0     24417.0  1046.0
C73       c     43957.45    60773.76    566.0   3292.0     23435.0  1132.0
C74       c     8379.15     15362.45    729.0   2981.0     22816.0  1458.0
C75       c     33305.79    -36362.78   309.0   2336.0     22654.0  618.0
C76       c     -67620.72   -28450.56   659.0   2125.0     22034.0  1318.0
C77       c     29412.61    -61911.65   359.0   2724.0     22809.0  718.0
C78       c     -73886.53   -8934.77    368.0   2132.0     21608.0  736.0
C79       c     -40971.09   68468.03    573.0   3184.0     23053.0  1146.0
C80       c     50202.80    -39410.15   249.0   2537.0     21374.0  498.0
C81       c     -8466.98    112416.06   449.0   1595.0     21361.0  898.0
C82       c     -11002.63   -11187.63   288.0   3610.0     23187.0  576.0
C83       c     -30497.12   9883.08     338.0   1126.0     20296.0  676.0
C84       c     16651.45    -53889.81   321.0   3475.0     22544.0  642.0
C85       c     -86685.24   33703.65    728.0   2236.0     22255.0  1456.0
C86       c     -9396.51    6476.53     528.0   3775.0     24472.0  1056.0
C87       c     -15470.93   3240.29     412.0   1637.0     22226.0  824.0
C88       c     66330.57    -33588.36   401.0   1995.0     21695.0  802.0
C89       c     5227.17     -79907.25   251.0   878.0      19614.0  502.0
C90       c     -40978.26   -3014.98    714.0   3799.0     23799.0  1428.0
C91       c     72437.18    3227.80     785.0   4229.0     24118.0  1570.0
C92       c     60990.05    22532.00    575.0   2589.0     22268.0  1150.0
C93       c     37896.38    93108.58    539.0   3187.0     22472.0  1078.0
C94       c     54558.64    -27585.82   553.0   1901.0     22442.0  1106.0
C95       c     -5988.47    -41226.79   460.0   4239.0     23382.0  920.0
C96       c     21800.22    -64473.88   176.0   630.0      19133.0  352.0
C97       c     57121.91    36458.94    299.0   3612.0     23398.0  598.0
C98       c     19793.73    28453.29    256.0   2713.0     21808.0  512.0
C99       c     -37255.02   -27629.78   236.0   4106.0     24239.0  472.0
C100      c     8796.24     11639.72    301.0   1022.0     20036.0  602.0
F1        f     -16372.36   11221.03    0.0     0.0        32400.0  0.0
F2        f     -54494.10   -41353.00   0.0     0.0        32400.0  0.0
F3        f     -37255.02   -27629.78   0.0     0.0        32400.0  0.0
F4        f     -47691.44   13155.22    0.0     0.0        32400.0  0.0
F5        f     29412.61    -61911.65   0.0     0.0        32400.0  0.0
F6        f     -40978.26   -3014.98    0.0     0.0        32400.0  0.0
F7        f     26447.25    -51161.75   0.0     0.0        32400.0  0.0
F8        f     72895.64    -12629.18   0.0     0.0        32400.0  0.0
F9        f     -9396.51    6476.53     0.0     0.0        32400.0  0.0
F10       f     -86051.59   -14737.71   0.0     0.0        32400.0  0.0
F11       f     -93432.18   -2575.57    0.0     0.0        32400.0  0.0

m numVeh /13/
m numPetrolVeh /7/
m numElectroVeh /6/

DistanceMatrix
0 52335 61379 86768 49835 78940 83263 53601 92484 41146 39525 31036 92399 29846 81849 63486 56580 66175 90169 90806 43497 73491 76756 42813 85866 64941 29955 92632 71104 93857 31379 77242 24946 66318 84999 55535 38520 64434 96218 45949 14173 44660 86679 92172 86124 75665 81686 16853 64146 23370 52977 74088 78285 74358 76499 69823 68483 40693 93014 71094 31928 79807 89250 72739 27126 76478 95641 103219 33017 100890 51557 84840 90612 25238 78071 25096 68791 64809 86282 60944 62308 83641 101503 23043 14188 73007 73820 8436 8031 94062 93653 28427 89169 78185 98238 80853 53466 84775 77707 40062 44107 25172 0 64941 44107 31379 86282 28427 75665 92399 8436 74358 78285
52335 0 103231 138708 99467 99173 32297 67967 58714 38175 65902 23222 41357 76873 36386 25567 56359 27002 81649 53846 94687 25752 111349 11585 41705 101479 54506 40309 121944 103245 83688 25579 66634 59872 132767 106769 17176 60856 68309 29724 58407 17493 35490 106875 33791 57201 46346 38305 42826 31239 7566 122579 129299 123317 48325 33594 118140 84328 140462 79090 32971 67053 54104 57201 38256 125493 69674 108177 39349 144886 49461 137163 42342 64537 56098 29047 41726 108623 67496 110434 99286 47024 115838 49458 66283 62155 125567 45039 51139 49547 90466 77055 36869 30664 87840 37944 62421 71129 37856 28051 79975 27570 52335 101479 79975 83688 67496 77055 57201 41357 45039 123317 129299
61379 103231 0 56903 69211 129230 127044 111068 152780 102481 94876 80397 144314 69594 138112 100521 117269 124025 86698 116898 33595 114952 21252 91676 142860 103692 88949 139904 37367 148353 49184 123168 75507 127264 96086 63995 95090 70801 111341 106390 48495 88168 130449 144071 134393 137041 141355 77295 87711 82374 100116 27661 77781 84825 137235 102667 78498 20693 40036 128473 92782 85995 113983 85685 88437 85995 156911 158920 65276 117994 112722 63431 145355 77869 94434 75247 129400 92320 147646 74949 11343 143077 65417 83379 56055 134148 46124 69272 68615 151091 152688 65962 136345 118325 93591 138212 112641 145891 110638 77970 90856 77939 61379 103692 90856 49184 147646 65962 137041 144314 69272 84825 77781
86768 138708 56903 0 54388 120234 168163 115961 174324 122042 100428 116112 179166 72351 168002 144595 128854 151855 142726 166531 44306 157196 73651 128335 171624 88284 101506 178757 20056 142506 56433 162761 83638 138846 57997 43599 125218 123988 164373 129754 81213 128021 171643 134895 172407 152627 165099 102832 136817 109838 138278 30407 37448 50977 157834 148865 47825 62388 35075 130284 115929 140218 164019 138148 109881 50689 173276 153931 108106 78947 127206 11181 177122 86725 146391 110037 150887 70610 161266 50508 68226 167325 120355 99959 73680 146243 13345 94793 90067 179664 155297 69837 175230 161436 149934 166500 120599 156824 157155 119953 88165 111146 86768 88284 88165 56433 161266 69837 152627 179166 94793 50977 37448
49835 99467 69211 54388 0 67048 131504 62153 123786 73439 47507 80360 136292 22916 122218 113271 76303 105721 133337 140503 35629 122582 90380 91459 124946 36644 51476 139242 49838 88906 24478 125015 34325 85928 35472 10822 83251 108958 144634 82613 53649 94281 134813 82046 132534 100508 115926 61169 112997 68241 101517 61298 30377 24529 107480 119653 18763 56688 78443 75923 70212 125446 138831 119794 63915 26644 120861 100286 81355 53787 75784 47054 132117 37138 126154 74654 101263 23109 108323 11125 77495 118311 130249 52501 36274 93253 45914 55201 48594 132508 100909 22414 135958 127395 141425 119786 67331 103324 127537 89792 33948 74092 49835 36644 33948 24478 108323 22414 100508 136292 55201 24529 30377
78940 99173 129230 120234 67048 0 127924 31273 86692 61010 39768 93837 118932 59652 100442 122988 44857 87211 166439 152476 97614 124601 148903 98489 100123 32282 51358 128624 116759 22462 80272 120745 55826 47375 73938 77294 83483 140721 164334 69925 92020 105710 130262 15104 122443 61686 85351 74254 133520 77019 105320 127460 87173 73331 74657 131087 73824 111266 145271 24639 68265 154196 152276 145567 65411 74712 76159 33845 107594 70184 50771 111313 110363 54426 148415 91355 72991 50646 63001 69805 134524 87745 180006 59094 75787 51523 112883 76223 71391 104880 41168 63279 126438 129354 174239 95980 36893 55283 136647 108300 38404 88262 78940 32282 38404 80272 63001 63279 61686 118932 76223 73331 87173
83263 32297 127044 168163 131504 127924 0 97353 66316 68095 97398 52422 26841 109051 38283 27360 83379 42974 80948 36402 123858 12334 131043 40449 42994 133184 86414 14576 150390 128572 114551 7206 98925 84079 165044 138447 49329 68807 55667 58345 86958 40222 3485 133722 12757 76271 56329 70373 46295 63419 30286 149312 161097 155500 63633 28956 150226 110151 166119 105796 64759 66928 38602 58305 70348 157674 81227 131570 62045 177065 77160 167508 35679 96832 52507 58508 60120 140878 84218 142526 121021 55492 124313 81689 97424 84056 154864 76580 82969 47115 111928 109098 11710 10751 84691 42910 91128 90077 24916 49376 111952 58093 83263 133184 111952 114551 84218 109098 76271 26841 76580 155500 161097
53601 67967 111068 115961 62153 31273 97353 0 65482 29793 16516 63325 90791 44987 73017 91735 17140 58289 136969 121205 83393 93500 128841 67307 73724 41583 23690 99159 107413 40729 65428 90149 35971 24817 83250 72896 52224 111529 133281 39041 67655 74680 99845 40981 92756 40360 60687 45132 102826 46770 74050 115568 89764 78141 50531 99845 75905 91260 134538 17593 37204 124207 121022 115297 34990 80076 59696 49641 78532 87487 21022 109192 83265 33342 117698 61441 46602 56418 46669 69484 114234 63188 154749 31140 55034 31774 105892 48873 45580 79725 41785 48250 96726 98295 144601 69058 7010 41214 105376 77922 28398 58118 53601 41583 28398 65428 46669 48250 40360 90791 48873 78141 89764
92484 58714 152780 174324 123786 86692 66316 65482 0 52553 76762 75855 43795 102457 28044 80724 48719 31825 139334 101948 134517 71549 164886 68384 23514 106902 72976 58215 161653 77204 118573 61289 90878 41105 148571 133884 58902 119559 120261 46563 104335 75895 66583 85621 54830 25516 12405 75819 100479 70407 65726 166257 153278 142724 16490 87340 139740 132273 185336 62184 60565 124614 103630 114822 65833 144747 15915 75751 95213 152474 48038 169452 33041 87808 112157 79476 23774 121709 25009 132725 151435 11819 174323 74549 102559 35422 162526 84141 86602 22649 54902 104642 58055 74181 144891 23655 58786 32996 87708 85809 92253 76153 92484 106902 92253 118573 25009 104642 25516 43795 84141 142724 153278
41146 38175 102481 122042 73439 61010 68095 29793 52553 0 30430 36877 65015 51062 49228 62291 20385 32888 111111 91592 82040 63735 116897 38348 51592 66028 22067 71313 109101 66762 66047 60896 39360 27775 102516 82901 22940 86563 104386 10202 54310 46216 70758 69329 64693 34620 43092 25680 74948 22945 44379 113996 103682 94794 36145 70439 90800 81788 133152 42103 10959 97558 91530 88202 14045 96931 54505 73227 54962 111295 13414 117680 59381 36402 89644 36922 28890 76429 45451 83345 102723 45366 135045 22086 50091 33343 110062 33259 34488 59072 58440 52836 68577 68553 118376 46454 24426 44930 75700 51272 46153 33200 41146 66028 46153 66047 45451 52836 34620 65015 33259 94794 103682
39525 65902 94876 100428 47507 39768 97398 16516 76762 30430 0 55760 95386 28680 79044 87191 28796 63006 126912 116804 66879 91576 113064 62449 80819 35831 12277 101580 91142 54676 48924 90273 19508 38520 72906 58006 48872 101129 126852 40621 53119 68725 100262 52650 94913 53016 69887 35073 95304 38945 70773 99084 76537 66152 60726 95032 62980 75333 118087 33616 32947 115006 116170 106669 28284 68219 73364 64581 68048 80866 28823 94205 89311 17008 110147 52517 55186 46380 60957 55991 98467 72351 140999 19688 39000 45892 89947 36458 31772 87751 58264 31841 98749 96520 134779 75803 20188 56417 101471 69795 16016 49738 39525 35831 16016 48924 60957 31841 53016 95386 36458 66152 76537
31036 23222 80397 116112 80360 93837 52422 63325 75855 36877 55760 0 64574 58815 57872 33331 57246 44891 74324 62167 71901 42456 89837 12231 62800 88942 43483 62674 98956 102871 62167 46699 50300 64162 114996 86540 17387 49707 71095 33941 35301 14089 55870 104268 56416 67077 63655 21482 39706 16887 22221 99360 109281 104764 62284 40473 99111 61186 117261 78193 26681 61053 61141 51991 28439 106914 83750 109929 19629 129324 50286 115125 64970 48957 54598 6097 54558 92788 78190 91481 77126 64965 100238 36402 45222 68759 102883 25271 32091 70965 95189 58234 59135 47170 81710 58377 59671 79647 47836 14629 66909 6496 31036 88942 66909 62167 78190 58234 67077 64574 25271 104764 109281
92399 41357 144314 179166 136292 118932 26841 90791 43795 65015 95386 64574 0 113379 18783 50628 74509 32628 107348 62943 135503 36764 151171 52752 20990 130588 86470 14928 162939 115125 123313 25233 102109 71993 167245 144686 54091 93098 82386 54911 99636 56479 25676 121882 14111 60351 36797 76739 71026 69581 44335 163911 166631 158961 46551 54423 154463 125655 181816 94945 66110 93070 65313 84044 72392 161126 59619 116049 79494 176206 69779 176918 10755 99487 78901 70327 46159 141404 65723 146829 139794 35102 149185 83911 105815 69756 166171 84481 89780 21963 95422 114279 15864 37122 111380 23663 83908 72792 51560 67139 111167 68540 92399 130588 111167 123313 65723 114279 60351 0 84481 158961 166631
29846 76873 69594 72351 22916 59652 109051 44987 102457 51062 28680 58815 113379 0 99475 92086 56570 82979 118598 120206 39012 100541 89335 69381 102343 37541 29501 116441 62465 79087 21075 102451 11704 66648 56250 31850 60450 93202 126064 59938 37998 72888 112318 74480 109722 80280 93956 38704 93986 45644 79311 70754 53262 46450 86008 98887 41347 51919 89616 61208 47316 109064 118790 102370 41015 48625 100926 89932 62789 71102 54911 66997 109309 14709 107893 53420 79420 34973 89014 33646 75060 96291 123195 29678 19180 74049 61426 33572 26725 110017 86315 3634 113186 105414 126719 97176 48770 84910 106529 69584 21263 52392 29846 37541 21263 21075 89014 3634 80280 113379 33572 46450 53262
81849 36386 138112 168002 122218 100442 38283 73017 28044 49228 79044 57872 18783 99475 0 54541 56377 16499 113332 73998 125343 43961 147420 47661 5538 113564 71229 31410 152951 96350 111612 33338 87901 53320 151683 131227 43683 95457 92539 39626 91129 53740 38670 103117 27152 41627 18692 65282 74939 58481 42113 155339 152574 144008 27878 60480 139907 118427 173852 76302 52481 98649 75771 89021 58740 146149 43075 97442 75590 159446 52148 164826 10305 85089 85525 62865 27494 125393 47577 132387 134969 17450 151286 69803 94336 50973 155339 73529 77935 13181 76922 100792 30656 46294 118416 5029 66052 54356 60105 64416 95019 60287 81849 113564 95019 111612 47577 100792 41627 18783 73529 144008 152574
63486 25567 100521 144595 113271 122988 27360 91735 80724 62291 87191 33331 50628 92086 54541 0 81431 50459 58816 29644 100504 15037 103742 24765 60052 121602 75091 41519 126058 128412 93582 25635 83579 85394 148173 118822 39512 42471 42751 54804 63957 19248 30552 131575 37535 82440 68802 54518 20626 48799 18276 123846 141554 137764 72593 8159 131960 84630 140029 104029 54958 44115 29288 34487 58921 139898 93316 133641 36639 162643 74418 144997 56487 82125 31499 38701 66589 126102 92429 124393 94019 68927 98571 68681 77456 87705 131251 58514 65372 66553 116032 91367 38206 17825 64169 57750 86714 96460 14529 24711 99605 39816 63486 121602 99605 93582 92429 91367 82440 50628 58514 137764 141554
56580 56359 117269 128854 76303 44857 83379 17140 48719 20385 28796 57246 74509 56570 56377 81431 0 42410 131496 110205 92801 80987 133336 58234 56794 58696 28866 83778 118465 46983 75356 76245 45765 10239 99857 86779 42810 106902 123949 26661 70604 66301 85598 50683 77586 24259 43547 43650 95115 42554 63213 125254 105102 94133 33438 89583 91403 96772 144446 22762 30867 117910 110413 108511 31720 96133 44584 52910 74988 104624 7101 122919 66548 42731 109716 57002 29552 72996 32447 84601 118872 46048 154423 33899 61990 17574 117957 49853 48862 62629 38435 59340 81581 85576 138748 52241 10193 28951 94213 71657 43711 53324 56580 58696 43711 75356 32447 59340 24259 74509 49853 94133 105102
66175 27002 124025 151855 105721 87211 42974 58289 31825 32888 63006 44891 32628 82979 16499 50459 42410 0 108328 75069 109576 44081 134651 36616 19778 97995 54808 41451 137166 85869 95427 36292 71402 41489 135404 114743 28935 87843 91978 23145 76269 44072 44626 91556 35453 33582 19421 49422 69406 42871 34226 140068 136078 127591 22226 57753 123438 103949 158778 63902 36086 93654 76168 83808 42313 129737 42955 88598 63854 143703 37269 148486 26514 68593 81898 49168 17282 109251 42546 115907 121661 20339 142503 53311 78266 41083 139294 57775 61837 27907 69046 84319 39440 47821 114245 14694 51475 47604 59657 54036 78909 46180 66175 97995 78909 95427 42546 84319 33582 32628 57775 127591 136078
90169 81649 86698 142726 133337 166439 80948 136969 139334 111111 126912 74324 107348 118598 113332 58816 131496 108328 0 49645 105829 70747 77246 74814 118829 155058 115082 95214 122696 177061 109058 82326 115103 137851 167949 134253 89473 25841 33329 106741 80768 66442 82999 177905 93344 138194 127233 92216 38924 90275 74193 114356 154609 156273 129974 53224 149653 82517 124214 152435 100986 14722 46318 24530 102052 158094 151244 184252 58867 187093 124478 147534 114579 115160 28458 75539 123257 152841 148840 143301 75901 127516 48403 107360 99596 141690 130661 90750 96511 125098 169041 116216 92640 70320 8127 116554 133822 151756 56053 59839 134177 78946 90169 155058 134177 109058 148840 116216 138194 107348 90750 156273 154609
90806 53846 116898 166531 140503 152476 36402 121205 101948 91592 116804 62167 62943 120206 73998 29644 110205 75069 49645 0 123552 31010 115007 54407 79003 150979 104670 48935 147103 157059 119275 40666 112380 113316 175795 145110 69013 47660 19611 83564 88655 48347 37270 160676 49053 108455 91168 83619 29735 78227 47216 142700 167639 165021 97075 21805 158970 104489 156915 132932 84582 38141 3400 33050 88549 167115 116249 161672 60010 191181 103296 168300 72081 111116 24376 66994 92182 154712 117587 151556 108351 90668 97054 98124 104265 114839 153323 86821 93699 83500 143245 119156 47155 27794 51415 78304 116002 122547 15996 50745 128951 68641 90806 150979 128951 119275 117587 119156 108455 62943 86821 165021 167639
43497 94687 33595 44306 35629 97614 123858 83393 134517 82040 66879 71901 135503 39012 125343 100504 92801 109576 105829 123552 0 112914 54753 84131 129310 70497 63991 134574 27608 117862 18010 118494 47594 103040 64822 31314 81947 83993 123268 88508 36907 83718 127339 112657 128280 115092 124335 60154 94049 66862 94022 32454 49044 53165 118173 105085 46572 23759 51648 100073 74402 100696 121227 97144 68766 54632 135702 128829 64239 86095 89632 44768 134077 50453 104860 65847 110756 58737 124843 42050 42118 126409 95904 60426 31960 110327 31012 51828 48102 137482 125056 35485 131035 117189 113633 124268 86326 121722 113372 75810 59777 67127 43497 70497 59777 18010 124843 35485 115092 135503 51828 53165 49044
73491 25752 114952 157196 122582 124601 12334 93500 71549 63735 91576 42456 36764 100541 43961 15037 80987 44081 70747 31010 112914 0 118714 31164 49244 127018 80010 26551 139112 127386 104492 11586 90999 83182 156772 128988 42713 56923 48718 54735 76034 29281 15596 131670 23066 77549 60404 61937 34530 55332 21336 137607 151723 146849 66066 17660 141345 98393 154194 103728 58629 56356 32293 47281 63665 149012 85458 131416 50210 169844 74319 156955 43928 89147 42386 48429 61251 133404 86580 133679 108771 60051 112750 74537 87674 84244 143866 67386 74020 54771 112591 100282 23320 4963 75158 47931 87737 91625 16165 37654 105347 48539 73491 127018 105347 104492 86580 100282 77549 36764 67386 146849 151723
76756 111349 21252 73651 90380 148903 131043 128841 164886 116897 113064 89837 151171 89335 147420 103742 133336 134651 77246 115007 54753 118714 0 99849 152500 124407 105902 144801 55593 167286 69569 128206 94084 143032 117043 85233 106097 67356 106052 119391 62818 94810 134286 163562 139922 151442 152981 91229 87655 95243 106994 43247 98289 105893 150069 104233 99627 37805 47944 146406 106534 80071 111819 82198 102988 107006 170603 177568 72023 139042 128188 81670 153630 96183 91093 85560 142172 113487 162347 96193 14607 154471 46714 99627 74096 149595 64637 83860 84538 160586 169984 85736 141333 121391 83027 148184 129716 161360 111599 84065 110515 88767 76756 124407 110515 69569 162347 85736 151442 151171 83860 105893 98289
42813 11585 91676 128335 91459 98489 40449 67307 68384 38348 62449 12231 52752 69381 47661 24765 58234 36616 74814 54407 84131 31164 99849 0 52868 97113 50397 50443 111167 105050 74122 34538 59999 63497 125619 98089 15443 52215 66079 32253 47496 8374 43867 107602 44199 63501 55986 30844 37066 24499 10165 111374 120783 115691 56444 32723 110220 72912 129106 80434 30280 60609 53937 50923 34168 117856 78067 111048 27929 139023 51135 127258 53915 58276 51510 18299 49186 102512 74311 102544 87709 56950 105985 44209 56977 66947 115112 36300 42874 60841 94651 69131 46904 36035 81580 48841 62610 76952 39038 17426 75186 17644 42813 97113 75186 74122 74311 69131 63501 52752 36300 115691 120783
85866 41705 142860 171624 124946 100123 42994 73724 23514 51592 80819 62800 20990 102343 5538 60052 56794 19778 118829 79003 129310 49244 152500 52868 0 114749 73659 34869 156907 94806 115194 38413 90697 52766 153671 134171 48067 100988 97701 42417 95570 59119 43116 101989 31318 39939 15914 69161 80469 62517 47576 159618 155243 146305 26123 65915 142390 123035 178234 75720 55783 104152 80861 94536 61963 148431 39020 95278 80783 160726 53160 168175 10675 87819 90972 67641 27319 127193 44752 134935 139926 14118 156796 72750 98043 49691 159072 77488 81615 8256 74568 103815 34560 51400 123868 5169 66718 51922 65353 69755 96834 64942 85866 114749 96834 115194 44752 103815 39939 20990 77488 146305 155243
64941 101479 103692 88284 36644 32282 133184 41583 106902 66028 35831 88942 130588 37541 113564 121602 58696 97995 155058 150979 70497 127018 124407 97113 114749 0 47008 137322 86317 54741 54931 126075 40151 65867 43398 46116 84341 129367 159403 76223 75168 102632 136073 46645 130678 81534 102213 67467 127329 72804 105961 97940 54953 41283 92114 129187 41542 88098 114938 48404 68530 144657 150065 137235 63361 42791 99775 66125 97490 46000 61590 79126 123868 40605 141854 84674 87942 18406 86389 37776 110650 104715 160510 52929 56577 72242 81669 65738 59257 121074 71085 40651 134533 131977 163144 109918 48506 79721 136062 101939 22034 82546 64941 0 22034 54931 86389 40651 81534 130588 65738 41283 54953
29955 54506 88949 101506 51476 51358 86414 23690 72976 22067 12277 43483 86470 29501 71229 75091 28866 54808 115082 104670 63991 80010 105902 50397 73659 47008 0 91518 90019 64234 46748 79371 17907 39093 80777 61165 37346 89367 114575 31712 44070 56505 89392 63407 84794 51446 64536 22962 83045 26677 58993 96434 81648 72784 56515 82880 68733 68690 115638 41140 21656 102966 103985 94525 16367 74929 72146 73331 56238 90829 25880 96481 81322 14832 97897 40315 49946 55142 60890 61282 91323 66896 131091 7765 33222 46344 90051 25373 21925 81100 64082 31696 88535 84969 122895 68522 23816 57817 89435 57552 25542 37480 29955 47008 25542 46748 60890 31696 51446 86470 25373 72784 81648
92632 40309 139904 178757 139242 128624 14576 99159 58215 71313 101580 62674 14928 116441 31410 41519 83778 41451 95214 48935 134574 26551 144801 50443 34869 137322 91518 0 161562 126717 123994 16740 105691 82692 171694 146882 55995 83342 68523 61141 97887 51988 12215 132834 6743 72549 50086 78306 60847 71132 40677 161273 169296 162717 59024 43532 157788 122326 178516 105315 70155 81345 51528 72837 76198 164895 73876 128468 74638 182253 78277 177435 25420 103325 66835 68731 57259 146622 78983 150088 134358 48694 138888 87802 106589 81387 165548 85315 91280 36839 108128 116888 3577 25306 98667 36432 92516 85654 39185 61935 116878 67693 92632 137322 116878 123994 78983 116888 72549 14928 85315 162717 169296
71104 121944 37367 20056 49838 116759 150390 107413 161653 109101 91142 98956 162939 62465 152951 126058 118465 137166 122696 147103 27608 139112 55593 111167 156907 86317 90019 161562 0 138328 43305 145290 72708 128666 65471 40351 109528 104020 144475 115916 63678 110169 153875 131807 155367 141446 151693 87747 117369 94470 120903 13863 45091 55743 145237 129957 50606 42672 28622 123145 101841 120197 144521 118272 96092 56246 162135 149631 89430 87598 115884 26190 161663 75734 126587 92962 137935 70519 150816 50227 48706 153803 101974 87212 59239 136037 9052 79433 75556 165073 148350 59355 158005 143198 129940 151859 111166 147155 138230 101585 81222 94445 71104 86317 81222 43305 150816 59355 141446 162939 79433 55743 45091
93857 103245 148353 142506 88906 22462 128572 40729 77204 66762 54676 102871 115125 79087 96350 128412 46983 85869 177061 157059 117862 127386 167286 105050 94806 54741 64234 126717 138328 0 100112 121622 73208 44493 95941 99335 89608 151853 170915 73619 107696 112978 130429 10365 121119 54871 79043 85764 141682 86831 110181 148548 109627 95749 68701 136561 96282 129481 166694 24706 76214 163919 157341 154739 75096 97098 63951 11426 119023 90229 54026 133710 105453 71213 156404 101598 69458 73107 52208 92163 152739 81171 195286 71818 93267 45406 134819 89553 85905 97991 23897 82705 125064 131820 184553 91476 43239 44209 141063 117486 58087 98129 93857 54741 58087 100112 52208 82705 54871 115125 89553 95749 109627
31379 83688 49184 56433 24478 80272 114551 65428 118573 66047 48924 62167 123313 21075 111612 93582 75356 95427 109058 119275 18010 104492 69569 74122 115194 54931 46748 123994 43305 100112 0 108603 29787 85586 58997 26054 69224 85024 121845 73395 30769 75344 117981 95231 117464 98149 108935 46630 90793 53744 84273 50191 48370 47429 102115 99236 40913 33405 69273 82063 59508 101642 117335 96483 53503 49346 118833 110996 59337 78217 72592 53616 120836 32725 103281 56114 94935 46133 107611 34266 55720 111114 106730 44030 17503 92925 44077 38873 33712 123231 107056 17508 120538 109085 117123 110068 68531 104189 107373 69197 42099 56508 31379 54931 42099 0 107611 17508 98149 123313 38873 47429 48370
77242 25579 123168 162761 125015 120745 7206 90149 61289 60896 90273 46699 25233 102451 33338 25635 76245 36292 82326 40666 118494 11586 128206 34538 38413 126075 79371 16740 145290 121622 108603 0 92171 77133 158319 132166 42433 68047 59303 51139 81671 35370 10022 126654 11923 69777 50726 63846 45836 56812 24488 144711 154759 148896 57444 29227 143704 105692 161848 98712 57716 67941 42451 58831 63380 151072 75776 124811 57910 170093 69988 161796 32453 90020 53944 52794 53537 133972 78066 135999 117643 50099 124047 74785 91349 77314 149502 70315 76582 43479 105335 102601 13196 12989 86660 37659 83936 83688 27172 45203 104913 52097 77242 126075 104913 108603 78066 102601 69777 25233 70315 148896 154759
24946 66634 75507 83638 34325 55826 98925 35971 90878 39360 19508 50300 102109 11704 87901 83579 45765 71402 115103 112380 47594 90999 94084 59999 90697 40151 17907 105691 72708 73208 29787 92171 0 55958 66151 43544 49844 89341 119673 48315 36617 64341 102120 69957 98954 69094 82265 29185 87529 35679 69667 79954 64697 57050 74410 90759 52359 56280 99059 53096 36001 104513 111203 97110 29737 59226 89785 83531 57347 79098 43592 78593 97793 3088 101905 45427 67752 42556 78162 44720 79531 84596 124338 18209 20110 63333 72336 25867 19190 98340 77752 13802 102502 95926 123163 85531 38751 74476 98103 62383 19222 43804 24946 40151 19222 29787 78162 13802 69094 102109 25867 57050 64697
66318 59872 127264 138846 85928 47375 84079 24817 41105 27775 38520 64162 71993 66648 53320 85394 10239 41489 137851 113316 103040 83182 143032 63497 52766 65867 39093 82692 128666 44493 85586 77133 55958 0 108038 96501 48410 113814 128142 31246 80225 71793 85959 50142 76890 15666 38078 52612 100559 50679 67139 135493 114289 102905 27425 93461 100491 106712 154685 22992 38717 123931 113817 114343 40594 104856 35045 48360 82680 111369 14957 132724 63087 52936 114863 64642 25837 81224 22439 93875 128622 40511 162802 43897 72167 7402 128066 59289 58725 57595 31197 69478 80862 87514 144876 48729 18689 18740 97360 78191 52778 60906 66318 65867 52778 85586 22439 69478 15666 71993 59289 102905 114289
84999 132767 96086 57997 35472 73938 165044 83250 148571 102516 72906 114996 167245 56250 151683 148173 99857 135404 167949 175795 64822 156772 117043 125619 153671 43398 80777 171694 65471 95941 58997 158319 66151 108038 0 33971 115983 144012 180099 112435 89030 129037 168257 86600 164952 123609 142610 94863 148462 101665 135509 79269 20828 11755 133059 154766 18425 88248 91410 91783 101608 160599 174185 155164 95503 10193 142584 106958 116823 22197 101406 46943 161883 68395 161609 109473 127967 26862 129286 24774 106072 145092 160503 83893 71697 114779 57566 89725 82926 160657 114194 56806 168556 161654 175985 148621 89802 122873 162546 125052 56906 108605 84999 43398 56906 58997 129286 56806 123609 167245 89725 11755 20828
55535 106769 63995 43599 10822 77294 138447 72896 133884 82901 58006 86540 144686 31850 131227 118822 86779 114743 134253 145110 31314 128988 85233 98089 134171 46116 61165 146882 40351 99335 26054 132166 43544 96501 33971 0 91069 110728 147895 91756 56799 100174 141816 92195 140222 110922 125699 68577 116809 75759 108236 52639 22752 22216 117506 124782 15546 54383 68930 86740 78876 127413 143237 122470 72575 23913 131361 110741 85285 54818 85982 36299 140982 46505 129330 80630 111102 30326 118922 10977 73264 128054 127215 61440 41405 103849 35626 61871 55632 141865 111709 30466 143526 133707 142252 129002 77960 114030 132837 94737 44756 80496 55535 46116 44756 26054 118922 30466 110922 144686 61871 22216 22752
38520 17176 95090 125218 83251 83483 49329 52224 58902 22940 48872 17387 54091 60450 43683 39512 42810 28935 89473 69013 81947 42713 106097 15443 48067 84341 37346 55995 109528 89608 69224 42433 49844 48410 115983 91069 0 65865 81446 17287 47504 23517 52432 92253 49283 49920 46889 22675 52350 15495 22064 111656 113363 106781 44941 47631 101796 75051 130191 65001 15940 75523 68798 65963 21081 108959 66369 95666 37016 127752 35710 122828 52135 47618 66907 20577 37184 91552 60985 94094 92886 48384 117565 32361 51731 52323 112327 30434 35737 56322 79607 60920 52738 47664 96466 43255 47291 62833 53265 30123 62799 17350 38520 84341 62799 69224 60985 60920 49920 54091 30434 106781 113363
64434 60856 70801 123988 108958 140721 68807 111529 119559 86563 101129 49707 93098 93202 95457 42471 106902 87843 25841 47660 83993 56923 67356 52215 100988 129367 89367 83342 104020 151853 85024 68047 89341 113814 144012 110728 65865 0 40639 83102 55686 44079 71608 152389 79884 115520 107201 66580 22531 65036 53906 97706 131892 132450 108568 39977 125906 61873 110471 127322 76130 16746 44462 15007 76758 134350 130149 159374 33131 162522 99978 127485 98571 89349 23894 50269 101394 127730 126435 119251 61429 107831 56155 81627 74371 118141 111255 64914 70680 108072 144889 90958 80214 58230 33842 97963 108652 128677 46092 35745 108376 53801 64434 129367 108376 85024 126435 90958 115520 93098 64914 132450 131892
96218 68309 111341 164373 144634 164334 55667 133281 120261 104386 126852 71095 82386 126064 92539 42751 123949 91978 33329 19611 123268 48718 106052 66079 97701 159403 114575 68523 144475 170915 121845 59303 119673 128142 180099 147895 81446 40639 0 97413 91197 58625 56752 173680 68400 124796 109069 92241 32154 87926 61005 138343 169859 168869 114189 34743 162531 102043 150782 146398 96095 25982 17074 26241 99139 170882 134081 176356 63425 197034 116890 167423 91271 118866 18570 74807 108713 161022 134445 155430 101653 108763 81730 107443 108583 130395 151499 93813 100515 102591 158754 124494 66664 46316 33283 96627 128690 138874 32583 57475 137474 77231 96218 159403 137474 121845 134445 124494 124796 82386 93813 168869 169859
45949 29724 106390 129754 82613 69925 58345 39041 46563 10202 40621 33941 54911 59938 39626 54804 26661 23145 106741 83564 88508 54735 119391 32253 42417 76223 31712 61141 115916 73619 73395 51139 48315 31246 112435 91756 17287 83102 97413 0 57896 40550 60907 77162 54540 33280 35845 29257 69318 24181 36562 119898 112957 104475 30855 62949 100294 85808 138910 49368 14121 92729 83752 83113 19894 106625 51275 79015 53282 121482 19737 125925 49640 45476 83675 35666 23010 86493 44430 92763 105585 37901 134009 30337 56681 35047 117457 37584 40407 50191 62417 61406 58440 59449 113687 37248 33033 45721 67577 47359 56280 31981 45949 76223 56280 73395 44430 61406 33280 54911 37584 104475 112957
14173 58407 48495 81213 53649 92020 86958 67655 104335 54310 53119 35301 99636 37998 91129 63957 70604 76269 80768 88655 36907 76034 62818 47496 95570 75168 44070 97887 63678 107696 30769 81671 36617 80225 89030 56799 47504 55686 91197 57896 0 46813 90440 105627 91694 88930 93043 28850 60024 33956 57242 64392 79097 77702 88740 69062 71337 27939 82731 85188 44338 71963 86644 66147 40303 79700 108549 117219 28647 106921 65370 81070 99168 37645 72657 29363 80906 72096 99717 64294 48485 94836 88007 37213 18861 86782 67907 21090 22180 103825 107822 35471 94332 80359 88895 90737 67637 98548 77292 39267 55677 31172 14173 75168 55677 30769 99717 35471 88930 99636 21090 77702 79097
44660 17493 88168 128021 94281 105710 40222 74680 75895 46216 68725 14089 56479 72888 53740 19248 66301 44072 66442 48347 83718 29281 94810 8374 59119 102632 56505 51988 110169 112978 75344 35370 64341 71793 129037 100174 23517 44079 58625 40550 46813 0 43707 115250 46265 71836 63492 35339 28834 29919 12184 109343 122927 118731 64489 26562 113010 70339 126533 88312 37479 52243 47511 42575 40662 120874 86077 119178 23031 143397 59201 127675 59000 62924 43435 19629 57350 106856 82609 105406 83321 64306 98463 49802 58772 75313 114705 39324 46164 66852 102966 72247 48412 33765 73213 55434 70269 85320 33764 10797 80605 20569 44660 102632 80605 75344 82609 72247 71836 56479 39324 118731 122927
86679 35490 130449 171643 134813 130262 3485 99845 66583 70758 100262 55870 25676 112318 38670 30552 85598 44626 82999 37270 127339 15596 134286 43867 43116 136073 89392 12215 153875 130429 117981 10022 102120 85959 168257 141816 52432 71608 56752 60907 90440 43707 0 135774 11997 77639 57026 73661 49078 66675 33709 152780 164453 158768 64754 31653 153525 113613 169562 107893 67737 69154 39690 60732 73398 160943 81740 133171 65492 180114 79494 170969 35137 99995 54626 61959 61612 143980 85263 145822 124359 56047 126899 84790 100832 85673 158346 79946 86305 46670 113353 112402 9921 13379 86490 43448 93539 91324 26977 52833 114933 61507 86679 136073 114933 117981 85263 112402 77639 25676 79946 158768 164453
92172 106875 144071 134895 82046 15104 133722 40981 85621 69329 52650 104268 121882 74480 103117 131575 50683 91556 177905 160676 112657 131670 163562 107602 101989 46645 63407 132834 131807 10365 95231 126654 69957 50142 86600 92195 92253 152389 173680 77162 105627 115250 135774 0 126998 62193 86457 85841 143646 87751 113510 142561 101102 87063 75902 139731 88028 125840 160340 27972 77913 165187 160749 156255 75971 88306 73055 20443 119314 80082 57435 125758 112551 68311 158488 102404 75805 64774 60792 84395 149122 88690 193603 71157 90042 52298 127812 88715 84404 105714 33810 78113 130977 136251 185564 98358 44996 52762 144707 118880 53220 99098 92172 46645 53220 95231 60792 78113 62193 121882 88715 87063 101102
86124 33791 134393 172407 132534 122443 12757 92756 54830 64693 94913 56416 14111 109722 27152 37535 77586 35453 93344 49053 128280 23066 139922 44199 31318 130678 84794 6743 155367 121119 117464 11923 98954 76890 164952 140222 49283 79884 68400 54540 91694 46265 11997 126998 0 67384 45753 71647 57574 64464 34641 155333 162610 155984 54099 40648 151067 116511 172743 99348 63415 79148 51328 70256 69455 158161 70174 123232 69133 175548 71944 170954 23147 96583 64887 62441 51749 139889 74381 143368 129151 44602 135803 81059 100034 75926 159225 78728 84641 34674 103084 110190 3996 23049 97289 32065 86168 80772 37466 56482 110172 61279 86124 130678 110172 117464 74381 110190 67384 14111 78728 155984 162610
75665 57201 137041 152627 100508 61686 76271 40360 25516 34620 53016 67077 60351 80280 41627 82440 24259 33582 138194 108455 115092 77549 151442 63501 39939 81534 51446 72549 141446 54871 98149 69777 69094 15666 123609 110922 49920 115520 124796 33280 88930 71836 77639 62193 67384 0 24268 60223 99751 56583 64763 147416 129351 118248 13833 90171 115631 116350 166631 37053 44947 123801 109404 113997 48649 120225 20701 55920 86534 126989 25566 146971 50582 66013 113297 68934 16311 96771 11151 108858 137319 26503 167262 54776 83481 10169 141425 67874 68678 43583 35729 82851 71227 81388 144724 36689 33923 14100 92835 79893 67910 65235 75665 81534 67910 98149 11151 82851 0 60351 67874 118248 129351
81686 46346 141355 165099 115926 85351 56329 60687 12405 43092 69887 63655 36797 93956 18692 68802 43547 19421 127233 91168 124335 60404 152981 55986 15914 102213 64536 50086 151693 79043 108935 50726 82265 38078 142610 125699 46889 107201 109069 35845 93043 63492 57026 86457 45753 24268 0 64878 88334 59097 53421 155718 145870 136016 10698 75642 132594 120962 174696 60767 49965 112522 92665 102706 55601 138094 25081 79365 82924 148167 41204 160749 26581 79247 100291 67456 14722 115845 28967 125358 139673 2502 161918 65151 92458 34244 153006 73274 76243 19529 58660 95871 49326 63388 132918 13701 53719 36016 76489 73412 85774 64214 81686 102213 85774 108935 28967 95871 24268 36797 73274 136016 145870
16853 38305 77295 102832 61169 74254 70373 45132 75819 25680 35073 21482 76739 38704 65282 54518 43650 49422 92216 83619 60154 61937 91229 30844 69161 67467 22962 78306 87747 85764 46630 63846 29185 52612 94863 68577 22675 66580 92241 29257 28850 35339 73661 85841 71647 60223 64878 0 60417 7203 40647 90940 91026 85138 60007 61877 79865 56652 109848 61614 15490 80004 82623 71597 12017 87311 79703 94011 33475 108271 37660 100197 74290 27611 75199 17510 52220 71735 71121 72162 77104 66810 110931 15392 29180 58746 90079 8417 13064 77328 81918 38755 74958 66841 99989 64114 43013 70445 69045 34869 45438 15086 16853 67467 45438 46630 71121 38755 60223 76739 8417 85138 91026
64146 42826 87711 136817 112997 133520 46295 102826 100479 74948 95304 39706 71026 93986 74939 20626 95115 69406 38924 29735 94049 34530 87655 37066 80469 127329 83045 60847 117369 141682 90793 45836 87529 100559 148462 116809 52350 22531 32154 69318 60024 28834 49078 143646 57574 99751 88334 60417 0 56583 35321 113114 139098 137375 91120 17455 131136 74760 127742 116988 65735 24255 27220 14403 68109 139421 112333 148006 31646 165024 88017 138745 77113 86758 14895 42912 84530 128922 110236 123903 79710 88660 78230 75736 76792 103848 123627 61677 68364 87123 131698 92497 57758 35699 45023 77925 98764 113499 24042 25547 105446 45566 64146 127329 105446 90793 110236 92497 99751 71026 61677 137375 139098
23370 31239 82374 109838 68241 77019 63419 46770 70407 22945 38945 16887 69581 45644 58481 48799 42554 42871 90275 78227 66862 55332 95243 24499 62517 72804 26677 71132 94470 86831 53744 56812 35679 50679 101665 75759 15495 65036 87926 24181 33956 29919 66675 87751 64464 56583 59097 7203 56583 0 33996 97213 98175 92093 55000 56423 86902 61890 115988 62288 11987 77440 77430 68606 11787 94269 75364 94424 32515 114570 35985 107339 67325 33829 71471 14769 47123 78089 67661 79196 81405 60918 112124 19898 36261 56245 97016 15077 20264 70726 80974 45836 67796 60267 97855 57526 43616 67740 63272 31284 50809 11349 23370 72804 50809 53744 67661 45836 56583 69581 15077 92093 98175
52977 7566 100116 138278 101517 105320 30286 74050 65726 44379 70773 22221 44335 79311 42113 18276 63213 34226 74193 47216 94022 21336 106994 10165 47576 105961 58993 40677 120903 110181 84273 24488 69667 67139 135509 108236 22064 53906 61005 36562 57242 12184 33709 113510 34641 64763 53421 40647 35321 33996 0 120692 130920 125687 55800 26399 120271 81912 138155 85862 37947 59567 47244 49712 42626 127855 77064 115366 35162 148522 56227 137343 46908 67813 48534 28318 49275 112071 75058 112586 95461 53961 109325 53290 67142 69608 125026 46411 52923 55111 97869 79156 37113 26276 80316 44210 68786 78678 31329 22951 84182 27809 52977 105961 84182 84273 75058 79156 64763 44335 46411 125687 130920
74088 122579 27661 30407 61298 127460 149312 115568 166257 113996 99084 99360 163911 70754 155339 123846 125254 140068 114356 142700 32454 137607 43247 111374 159618 97940 96434 161273 13863 148548 50191 144711 79954 135493 79269 52639 111656 97706 138343 119898 64392 109343 152780 142561 155333 147416 155718 90940 113114 97213 120692 0 58950 69347 150030 126954 63992 39230 19217 131957 105789 113295 139927 112404 100429 69932 167978 159722 87409 101419 122013 38816 163543 82852 121010 93589 142486 82965 157256 63003 38699 157705 89948 92665 63999 142775 22546 82523 79658 167856 157065 67366 157696 141399 121241 154685 118705 154175 135128 99975 90730 95560 74088 97940 90730 50191 157256 67366 147416 163911 82523 69347 58950
78285 129299 77781 37448 30377 87173 161097 89764 153278 103682 76537 109281 166631 53262 152574 141554 105102 136078 154609 167639 49044 151723 98289 120783 155243 54953 81648 169296 45091 109627 48370 154759 64697 114289 20828 22752 113363 131892 169859 112957 79097 122927 164453 101102 162610 129351 145870 91026 139098 98175 130920 58950 0 14226 137128 147453 13925 72786 70586 101327 100576 148634 165705 144173 94276 13482 149331 120965 107703 42651 105258 26610 162489 67485 151291 103379 131164 36548 136424 20554 88314 148283 142976 82878 64156 121456 36901 84522 78178 162745 125355 52456 165971 156450 162489 150089 95605 130805 155532 117401 61511 103212 78285 54953 61511 48370 136424 52456 129351 166631 84522 14226 0
74358 123317 84825 50977 24529 73331 155500 78141 142724 94794 66152 104764 158961 46450 144008 137764 94133 127591 156273 165021 53165 146849 105893 115691 146305 41283 72784 162717 55743 95749 47429 148896 57050 102905 11755 22216 106781 132450 168869 104475 77702 118731 158768 87063 155984 118248 136016 85138 137375 92093 125687 69347 14226 0 126843 144179 6670 76521 82768 88582 92951 149070 163330 143777 86735 2178 137835 107043 105731 33172 94961 40470 154105 59533 150347 99112 121301 22973 124729 13478 94633 138470 148955 75133 60766 109913 48446 79536 72834 153544 112156 46573 159504 151691 164298 141196 84331 118767 152052 114318 50471 98447 74358 41283 50471 47429 124729 46573 118248 158961 79536 0 14226
76499 48325 137235 157834 107480 74657 63633 50531 16490 36145 60726 62284 46551 86008 27878 72593 33438 22226 129974 97075 118173 66066 150069 56444 26123 92114 56515 59024 145237 68701 102115 57444 74410 27425 133059 117506 44941 108568 114189 30855 88740 64489 64754 75902 54099 13833 10698 60007 91120 55000 55800 150030 137128 126843 0 79965 123677 116634 169148 50069 44595 115365 98275 105511 49624 128892 21634 69566 81894 137991 31905 152996 36753 71344 103955 65259 7897 106226 20622 116576 136369 13095 162088 58086 86216 23621 146047 68233 70385 30223 49107 88166 57871 69567 136095 22904 43630 26674 81808 73627 76420 61758 76499 92114 76420 102115 20622 88166 13833 46551 68233 126843 137128
69823 33594 102667 148865 119653 131087 28956 99845 87340 70439 95032 40473 54423 98887 60480 8159 89583 57753 53224 21805 105085 17660 104233 32723 65915 129187 82880 43532 129957 136561 99236 29227 90759 93461 154766 124782 47631 39977 34743 62949 69062 26562 31653 139731 40648 90171 75642 61877 17455 56423 26399 126954 147453 144179 79965 0 138257 87917 142514 112187 62984 38741 21217 29625 66800 146297 100394 141738 40846 169704 82574 149781 61356 89425 25067 45500 74192 133191 100002 130753 95432 75609 95365 76320 83579 95653 135543 65372 72254 71935 124013 97996 40538 18281 57964 64028 94860 104227 8292 30053 107163 46964 69823 129187 107163 99236 100002 97996 90171 54423 65372 144179 147453
68483 118140 78498 47825 18763 73824 150226 75905 139740 90800 62980 99111 154463 41347 139907 131960 91403 123438 149653 158970 46572 141345 99627 110220 142390 41542 68733 157788 50606 96282 40913 143704 52359 100491 18425 15546 101796 125906 162531 100294 71337 113010 153525 88028 151067 115631 132594 79865 131136 86902 120271 63992 13925 6670 123677 138257 0 69871 78224 87422 88360 142546 157229 137345 82095 8448 135522 107665 99505 39599 91775 37940 149924 54991 143993 93382 117874 23255 122573 7707 88179 135026 142416 70552 54717 107628 43830 73964 67350 149770 111538 41131 154531 146158 157672 137255 81820 116903 146184 108324 47733 92853 68483 41542 47733 40913 122573 41131 115631 154463 73964 6670 13925
40693 84328 20693 62388 56688 111266 110151 91260 132273 81788 75333 61186 125655 51919 118427 84630 96772 103949 82517 104489 23759 98393 37805 72912 123035 88098 68690 122326 42672 129481 33405 105692 56280 106712 88248 54383 75051 61873 102043 85808 27939 70339 113613 125840 116511 116350 120962 56652 74760 61890 81912 39230 72786 76521 116634 87917 69871 0 56243 108783 72129 78361 101874 75805 67744 78087 136226 139783 48186 109122 92105 65630 126044 58408 84003 55715 108815 79253 126971 64700 23287 122734 73573 62874 36335 113546 49456 48587 48005 131285 132660 48374 118749 102168 90214 118291 92473 125299 96138 60784 72944 58141 40693 88098 72944 33405 126971 48374 116350 125655 48587 76521 72786
93014 140462 40036 35075 78443 145271 166119 134538 185336 133152 118087 117261 181816 89616 173852 140029 144446 158778 124214 156915 51648 154194 47944 129106 178234 114938 115638 178516 28622 166694 69273 161848 99059 154685 91410 68930 130191 110471 150782 138910 82731 126533 169562 160340 172743 166631 174696 109848 127742 115988 138155 19217 70586 82768 169148 142514 78224 56243 0 150750 124817 125112 153980 125435 119529 82959 187186 177952 104077 113057 141230 45982 181847 101979 134246 111630 161573 98968 176471 78557 49130 176654 92965 111875 83198 161975 34398 101437 98763 186484 175907 86291 174941 157762 130447 173347 137804 173356 150546 116768 109199 113793 93014 114938 109199 69273 176471 86291 166631 181816 101437 82768 70586
71094 79090 128473 130284 75923 24639 105796 17593 62184 42103 33616 78193 94945 61208 76302 104029 22762 63902 152435 132932 100073 103728 146406 80434 75720 48404 41140 105315 123145 24706 82063 98712 53096 22992 91783 86740 65001 127322 146398 49368 85188 88312 107893 27972 99348 37053 60767 61614 116988 62288 85862 131957 101327 88582 50069 112187 87422 108783 150750 0 51523 139232 133096 130035 50615 90320 52505 32421 94631 91947 29642 122744 86075 50618 131726 77054 48810 65794 39127 81790 131800 63145 171974 48386 72501 26898 120965 66031 63064 80288 25207 64642 103338 108292 159893 71720 18688 31826 116945 92800 42209 73543 71094 48404 42209 82063 39127 64642 37053 94945 66031 88582 101327
31928 32971 92782 115929 70212 68265 64759 37204 60565 10959 32947 26681 66110 47316 52481 54958 30867 36086 100986 84582 74402 58629 106534 30280 55783 68530 21656 70155 101841 76214 59508 57716 36001 38717 101608 78876 15940 76130 96095 14121 44338 37479 67737 77913 63415 44947 49965 15490 65735 11987 37947 105789 100576 92951 44595 62984 88360 72129 124817 51523 0 87709 84200 78544 6306 95122 64231 83290 44149 112429 24130 112403 62119 33420 80576 26139 36864 76514 55949 80719 92496 52012 124090 17822 42625 44267 103519 23639 26301 63756 69196 48410 67092 63573 108391 50634 33075 55795 68976 41277 47197 22457 31928 68530 47197 59508 55949 48410 44947 66110 23639 92951 100576
79807 67053 85995 140218 125446 154196 66928 124207 124614 97558 115006 61053 93070 109064 98649 44115 117910 93654 14722 38141 100696 56356 80071 60609 104152 144657 102966 81345 120197 163919 101642 67941 104513 123931 160599 127413 75523 16746 25982 92729 71963 52243 69154 165187 79148 123801 112522 80004 24255 77440 59567 113295 148634 149070 115365 38741 142546 78361 125112 139232 87709 0 34741 9855 89217 150985 136586 170784 47306 178884 110850 143990 100065 104287 14675 62870 108723 143799 134373 135828 76007 112796 59070 95334 90462 127555 127613 79401 85538 110490 155127 106970 78638 56218 20971 101842 120723 137451 42193 46433 123317 66097 79807 144657 123317 101642 134373 106970 123801 93070 79401 149070 148634
89250 54104 113983 164019 138831 152276 38602 121022 103630 91530 116170 61141 65313 118790 75771 29288 110413 76168 46318 3400 121227 32293 111819 53937 80861 150065 103985 51528 144521 157341 117335 42451 111203 113817 174185 143237 68798 44462 17074 83752 86644 47511 39690 160749 51328 109404 92665 82623 27220 77430 47244 139927 165705 163330 98275 21217 157229 101874 153980 133096 84200 34741 0 29765 87973 165414 117733 162174 58006 189837 103455 165946 74235 110021 21037 65776 93175 153417 118714 149856 105325 92246 93660 97306 102564 115551 150840 85528 92395 85589 143967 117650 49606 29477 48246 79975 115956 123503 16575 49219 128031 67582 89250 150065 128031 117335 118714 117650 109404 65313 85528 163330 165705
72739 57201 85685 138148 119794 145567 58305 115297 114822 88202 106669 51991 84044 102370 89021 34487 108511 83808 24530 33050 97144 47281 82198 50923 94536 137235 94525 72837 118272 154739 96483 58831 97110 114343 155164 122470 65963 15007 26241 83113 66147 42575 60732 156255 70256 113997 102706 71597 14403 68606 49712 112404 144173 143777 105511 29625 137345 75805 125435 130035 78544 9855 29765 0 80339 145748 126735 161415 39786 172824 101433 141198 90719 96689 8906 54241 98879 137287 124544 130410 76424 103003 66336 86983 84184 117859 125259 71617 77980 100997 145529 100489 69986 47554 30728 92136 111610 127678 34025 37376 115652 57312 72739 137235 115652 96483 124544 100489 113997 84044 71617 143777 144173
27126 38256 88437 109881 63915 65411 70348 34990 65833 14045 28284 28439 72392 41015 58740 58921 31720 42313 102052 88549 68766 63665 102988 34168 61963 63361 16367 76198 96092 75096 53503 63380 29737 40594 95503 72575 21081 76758 99139 19894 40303 40662 73398 75971 69455 48649 55601 12017 68109 11787 42626 100429 94276 86735 49624 66800 82095 67744 119529 50615 6306 89217 87973 80339 0 88908 68517 82857 44027 106720 25644 106213 68413 27206 83004 26520 42060 70632 59415 74446 88757 57719 122725 11618 36858 46771 97562 19227 20771 69888 70087 42110 73087 68626 109641 56804 31927 58493 73187 42978 41726 23135 27126 63361 41726 53503 59415 42110 48649 72392 19227 86735 94276
76478 125493 85995 50689 26644 74712 157674 80076 144747 96931 68219 106914 161126 48625 146149 139898 96133 129737 158094 167115 54632 149012 107006 117856 148431 42791 74929 164895 56246 97098 49346 151072 59226 104856 10193 23913 108959 134350 170882 106625 79700 120874 160943 88306 158161 120225 138094 87311 139421 94269 127855 69932 13482 2178 128892 146297 8448 78087 82959 90320 95122 150985 165414 145748 88908 0 139761 108361 107780 32048 97018 40012 156251 61705 152354 101254 123381 24592 126633 15560 95915 140550 150319 77305 62854 111841 48734 81692 74996 155656 113768 48733 161682 153853 166110 143325 86304 120623 154178 116422 52498 100602 76478 42791 52498 49346 126633 48733 120225 161126 81692 2178 13482
95641 69674 156911 173276 120861 76159 81227 59696 15915 54505 73364 83750 59619 100926 43075 93316 44584 42955 151244 116249 135702 85458 170603 78067 39020 99775 72146 73876 162135 63951 118833 75776 89785 35045 142584 131361 66369 130149 134081 51275 108549 86077 81740 73055 70174 20701 25081 79703 112333 75364 77064 167978 149331 137835 21634 100394 135522 136226 187186 52505 64231 136586 117733 126735 68517 139761 0 61247 103378 144351 46265 167494 48877 86706 124799 86472 29199 115886 13426 128919 156681 25735 183697 75313 103996 27922 162120 87640 88907 38545 40676 103532 73540 88468 157200 38323 53734 20877 101511 95260 87821 82896 95641 99775 87821 118833 13426 103532 20701 59619 87640 137835 149331
103219 108177 158920 153931 100286 33845 131570 49641 75751 73227 64581 109929 116049 89932 97442 133641 52910 88598 184252 161672 128829 131416 177568 111048 95278 66125 73331 128468 149631 11426 110996 124811 83531 48360 106958 110741 95666 159374 176356 79015 117219 119178 133171 20443 123232 55920 79365 94011 148006 94424 115366 159722 120965 107043 69566 141738 107665 139783 177952 32421 83290 170784 162174 161415 82857 108361 61247 0 126878 100332 60000 145129 105944 81386 162557 109154 71584 84468 51017 103587 162988 81283 204343 80716 103474 47515 146201 98406 95208 97540 20876 93532 127103 135653 191582 92454 51011 43419 145720 124445 69104 105579 103219 66125 69104 110996 51017 93532 55920 116049 98406 107043 120965
33017 39349 65276 108106 81355 107594 62045 78532 95213 54962 68048 19629 79494 62789 75590 36639 74988 63854 58867 60010 64239 50210 72023 27929 80783 97490 56238 74638 89430 119023 59337 57910 57347 82680 116823 85285 37016 33131 63425 53282 28647 23031 65492 119314 69133 86534 82924 33475 31646 32515 35162 87409 107703 105731 81894 40846 99505 48186 104077 94631 44149 47306 58006 39786 44027 107780 103378 126878 0 133629 68274 108946 81608 57013 45123 18041 74183 97760 97670 92258 60300 84116 80730 48503 45185 87711 94770 32102 38269 88771 113345 61101 71076 54011 66736 76677 75944 98832 49133 12712 76029 21773 33017 97490 76029 59337 97670 61101 86534 79494 32102 105731 107703
100890 144886 117994 78947 53787 70184 177065 87487 152474 111295 80866 129324 176206 71102 159446 162643 104624 143703 187093 191181 86095 169844 139042 139023 160726 46000 90829 182253 87598 90229 78217 170093 79098 111369 22197 54818 127752 162522 197034 121482 106921 143397 180114 80082 175548 126989 148167 108271 165024 114570 148522 101419 42651 33172 137991 169704 39599 109122 113057 91947 112429 178884 189837 172824 106720 32048 144351 100332 133629 0 107575 67770 169750 80749 178739 124217 133938 36545 130929 44472 127774 150669 181987 95434 88643 117390 79548 104364 97483 167073 111330 72540 179324 174795 195188 155871 94449 123772 177159 140662 65376 122832 100890 46000 65376 78217 130929 72540 126989 176206 104364 33172 42651
51557 49461 112722 127206 75784 50771 77160 21022 48038 13414 28823 50286 69779 54911 52148 74418 7101 37269 124478 103296 89632 74319 128188 51135 53160 61590 25880 78277 115884 54026 72592 69988 43592 14957 101406 85982 35710 99978 116890 19737 65370 59201 79494 57435 71944 25566 41204 37660 88017 35985 56227 122013 105258 94961 31905 82574 91775 92105 141230 29642 24130 110850 103455 101433 25644 97018 46265 60000 68274 107575 0 121807 62432 40506 102615 50248 26596 74649 35289 84704 113816 43688 148060 29591 58219 21451 115894 44379 44108 59592 45074 57379 75928 78965 131703 48356 14244 33218 87312 64642 44598 46544 51557 61590 44598 72592 35289 57379 25566 69779 44379 94961 105258
84840 137163 63431 11181 47054 111313 167508 109192 169452 117680 94205 115125 176918 66997 164826 144997 122919 148486 147534 168300 44768 156955 81670 127258 168175 79126 96481 177435 26190 133710 53616 161796 78593 132724 46943 36299 122828 127485 167423 125925 81070 127675 170969 125758 170954 146971 160749 100197 138745 107339 137343 38816 26610 40470 152996 149781 37940 65630 45982 122744 112403 143990 165946 141198 106213 40012 167494 145129 108946 67770 121807 0 174229 81653 149165 109030 146314 61087 155158 41577 74739 163042 128149 95728 71119 140087 17308 92487 87198 176084 147529 64889 173952 161366 154978 163017 114229 150327 158061 120287 80987 109772 84840 79126 80987 53616 155158 64889 146971 176918 92487 40470 26610
90612 42342 145355 177122 132117 110363 35679 83265 33041 59381 89311 64970 10755 109309 10305 56487 66548 26514 114579 72081 134077 43928 153630 53915 10675 123868 81322 25420 161663 105453 120836 32453 97793 63087 161883 140982 52135 98571 91271 49640 99168 59000 35137 112551 23147 50582 26581 74290 77113 67325 46908 163543 162489 154105 36753 61356 149924 126044 181847 86075 62119 100065 74235 90719 68413 156251 48877 105944 81608 169750 62432 174229 0 95022 86295 70329 37381 135643 55327 142375 141624 24709 154705 79634 103453 60265 164339 82400 87125 11552 85216 110521 25775 45200 119084 14387 76290 62570 59578 69796 105273 68054 90612 123868 105273 120836 55327 110521 50582 10755 82400 154105 162489
25238 64537 77869 86725 37138 54426 96832 33342 87808 36402 17008 48957 99487 14709 85089 82125 42731 68593 115160 111116 50453 89147 96183 58276 87819 40605 14832 103325 75734 71213 32725 90020 3088 52936 68395 46505 47618 89349 118866 45476 37645 62924 99995 68311 96583 66013 79247 27611 86758 33829 67813 82852 67485 59533 71344 89425 54991 58408 101979 50618 33420 104287 110021 96689 27206 61705 86706 81386 57013 80749 40506 81653 95022 0 101252 44313 64714 44261 75111 47388 81602 81585 125587 15600 22089 60303 75415 25133 18749 95426 75120 16889 100168 94088 123191 82657 35874 71484 96653 61451 19041 42475 25238 40605 19041 32725 75111 16889 66013 99487 25133 59533 67485
78071 56098 94434 146391 126154 148415 52507 117698 112157 89644 110147 54598 78901 107893 85525 31499 109716 81898 28458 24376 104860 42386 91093 51510 90972 141854 97897 66835 126587 156404 103281 53944 101905 114863 161609 129330 66907 23894 18570 83675 72657 43435 54626 158488 64887 113297 100291 75199 14895 71471 48534 121010 151291 150347 103955 25067 143993 84003 134246 131726 80576 14675 21037 8906 83004 152354 124799 162557 45123 178739 102615 149165 86295 101252 0 57689 97719 142866 123545 136918 85276 100378 73588 90549 90185 117870 133418 76124 82715 96978 145915 106222 64208 41863 32898 88993 113572 127192 27650 40355 120044 60419 78071 141854 120044 103281 123545 106222 113297 78901 76124 150347 151291
25096 29047 75247 110037 74654 91355 58508 61441 79476 36922 52517 6097 70327 53420 62865 38701 57002 49168 75539 66994 65847 48429 85560 18299 67641 84674 40315 68731 92962 101598 56114 52794 45427 64642 109473 80630 20577 50269 74807 35666 29363 19629 61959 102404 62441 68934 67456 17510 42912 14769 28318 93589 103379 99112 65259 45500 93382 55715 111630 77054 26139 62870 65776 54241 26520 101254 86472 109154 18041 124217 50248 109030 70329 44313 57689 0 57418 87724 80086 85779 72496 68915 98505 32872 39261 69745 96818 19873 26754 75859 95322 52668 65197 53097 83161 63064 58385 80957 53112 17368 62696 3746 25096 84674 62696 56114 80086 52668 68934 70327 19873 99112 103379
68791 41726 129400 150887 101263 72991 60120 46602 23774 28890 55186 54558 46159 79420 27494 66589 29552 17282 123257 92182 110756 61251 142172 49186 27319 87942 49946 57259 137935 69458 94935 53537 67752 25837 127967 111102 37184 101394 108713 23010 80906 57350 61612 75805 51749 16311 14722 52220 84530 47123 49275 142486 131164 121301 7897 74192 117874 108815 161573 48810 36864 108723 93175 98879 42060 123381 29199 71584 74183 133938 26596 146314 37381 64714 97719 57418 0 101236 25844 110646 128478 17170 154532 50961 78800 24178 138950 60487 62830 33141 51812 81426 55666 65077 129553 22994 39594 30375 76617 66210 71099 53898 68791 87942 71099 94935 25844 81426 16311 46159 60487 121301 131164
64809 108623 92320 70610 23109 50646 140878 56418 121709 76429 46380 92788 141404 34973 125393 126102 72996 109251 152841 154712 58737 133404 113487 102512 127193 18406 55142 146622 70519 73107 46133 133972 42556 81224 26862 30326 91552 127730 161022 86493 72096 106856 143980 64774 139889 96771 115845 71735 128922 78089 112071 82965 36548 22973 106226 133191 23255 79253 98968 65794 76514 143799 153417 137287 70632 24592 115886 84468 97760 36545 74649 61087 135643 44261 142866 87724 101236 0 102641 20497 100516 118332 152783 59191 53363 88028 65012 67897 61024 134050 89189 36835 143596 138347 160967 122182 62943 96404 140620 104304 30377 86295 64809 18406 30377 46133 102641 36835 96771 141404 67897 22973 36548
86282 67496 147646 161266 108323 63001 84218 46669 25009 45451 60957 78190 65723 89014 47577 92429 32447 42546 148840 117587 124843 86580 162347 74311 44752 86389 60890 78983 150816 52208 107611 78066 78162 22439 129286 118922 60985 126435 134445 44430 99717 82609 85263 60792 74381 11151 28967 71121 110236 67661 75058 157256 136424 124729 20622 100002 122573 126971 176471 39127 55949 134373 118714 124544 59415 126633 13426 51017 97670 130929 35289 155158 55327 75111 123545 80086 25844 102641 0 116092 148165 30636 178396 64856 93508 15073 150403 78633 79116 46531 30146 91781 78066 90155 155252 42551 41001 8032 102199 90875 74965 76386 86282 86389 74965 107611 0 91781 11151 65723 78633 124729 136424
60944 110434 74949 50508 11125 69805 142526 69484 132725 83345 55991 91481 146829 33646 132387 124393 84601 115907 143301 151556 42050 133679 96193 102544 134935 37776 61282 150088 50227 92163 34266 135999 44720 93875 24774 10977 94094 119251 155430 92763 64294 105406 145822 84395 143368 108858 125358 72162 123903 79196 112586 63003 20554 13478 116576 130753 7707 64700 78557 81790 80719 135828 149856 130410 74446 15560 128919 103587 92258 44472 84704 41577 142375 47388 136918 85779 110646 20497 116092 0 84111 127777 137861 62924 47294 101085 44518 66306 59671 142368 106283 33436 146828 138499 151355 129792 75186 110637 138650 100866 41126 85204 60944 37776 41126 34266 116092 33436 108858 146829 66306 13478 20554
62308 99286 11343 68226 77495 134524 121021 114234 151435 102723 98467 77126 139794 75060 134969 94019 118872 121661 75901 108351 42118 108771 14607 87709 139926 110650 91323 134358 48706 152739 55720 117643 79531 128622 106072 73264 92886 61429 101653 105585 48485 83321 124359 149122 129151 137319 139673 77104 79710 81405 95461 38699 88314 94633 136369 95432 88179 23287 49130 131800 92496 76007 105325 76424 88757 95915 156681 162988 60300 127774 113816 74739 141624 81602 85276 72496 128478 100516 148165 84111 0 141246 54662 85107 59514 135247 57431 69569 70035 148085 155401 71483 130835 111831 82627 135471 115138 147016 103183 72757 96170 75540 62308 110650 96170 55720 148165 71483 137319 139794 69569 94633 88314
83641 47024 143077 167325 118311 87745 55492 63188 11819 45366 72351 64965 35102 96291 17450 68927 46048 20339 127516 90668 126409 60051 154471 56950 14118 104715 66896 48694 153803 81171 111114 50099 84596 40511 145092 128054 48384 107831 108763 37901 94836 64306 56047 88690 44602 26503 2502 66810 88660 60918 53961 157705 148283 138470 13095 75609 135026 122734 176654 63145 52012 112796 92246 103003 57719 140550 25735 81283 84116 150669 43688 163042 24709 81585 100378 68915 17170 118332 30636 127777 141246 0 162768 67399 94564 36542 155190 75217 78308 17146 60521 98176 48087 62874 133089 12601 56221 37880 76184 74365 88248 65731 83641 104715 88248 111114 30636 98176 26503 35102 75217 138470 148283
101503 115838 65417 120355 130249 180006 124313 154749 174323 135045 140999 100238 149185 123195 151286 98571 154423 142503 48403 97054 95904 112750 46714 105985 156796 160510 131091 138888 101974 195286 106730 124047 124338 162802 160503 127215 117565 56155 81730 134009 88007 98463 126899 193603 135803 167262 161918 110931 78230 112124 109325 89948 142976 148955 162088 95365 142416 73573 92965 171974 124090 59070 93660 66336 122725 150319 183697 204343 80730 181987 148060 128149 154705 125587 73588 98505 154532 152783 178396 137861 54662 162768 0 123630 104873 168192 110967 105944 109400 164049 192810 119922 135895 113593 50223 153534 153663 179461 100356 88591 142974 102244 101503 160510 142974 106730 178396 119922 167262 149185 105944 148955 142976
23043 49458 83379 99959 52501 59094 81689 31140 74549 22086 19688 36402 83911 29678 69803 68681 33899 53311 107360 98124 60426 74537 99627 44209 72750 52929 7765 87802 87212 71818 44030 74785 18209 43897 83893 61440 32361 81627 107443 30337 37213 49802 84790 71157 81059 54776 65151 15392 75736 19898 53290 92665 82878 75133 58086 76320 70552 62874 111875 48386 17822 95334 97306 86983 11618 77305 75313 80716 48503 95434 29591 95728 79634 15600 90549 32872 50961 59191 64856 62924 85107 67399 123630 0 28706 50875 87995 17737 15104 80512 70610 31070 84676 79498 115190 67581 30455 62574 83133 50198 30976 30217 23043 52929 30976 44030 64856 31070 54776 83911 17737 75133 82878
14188 66283 56055 73680 36274 75787 97424 55034 102559 50091 39000 45222 105815 19180 94336 77456 61990 78266 99596 104265 31960 87674 74096 56977 98043 56577 33222 106589 59239 93267 17503 91349 20110 72167 71697 41405 51731 74371 108583 56681 18861 58772 100832 90042 100034 83481 92458 29180 76792 36261 67142 63999 64156 60766 86216 83579 54717 36335 83198 72501 42625 90462 102564 84184 36858 62854 103996 103474 45185 88643 58219 71119 103453 22089 90185 39261 78800 53363 93508 47294 59514 94564 104873 28706 0 79309 61029 21374 16429 106138 96636 16620 103149 92357 107723 92943 56682 90906 91561 53610 38117 39333 14188 56577 38117 17503 93508 16620 83481 105815 21374 60766 64156
73007 62155 134148 146243 93253 51523 84056 31774 35422 33343 45892 68759 69756 74049 50973 87705 17574 41083 141690 114839 110327 84244 149595 66947 49691 72242 46344 81387 136037 45406 92925 77314 63333 7402 114779 103849 52323 118141 130395 35047 86782 75313 85673 52298 75926 10169 34244 58746 103848 56245 69608 142775 121456 109913 23621 95653 107628 113546 161975 26898 44267 127555 115551 117859 46771 111841 27922 47515 87711 117390 21451 140087 60265 60303 117870 69745 24178 88028 15073 101085 135247 36542 168192 50875 79309 0 135466 65746 65542 53667 28415 76873 79840 88353 148526 46140 25941 11770 98999 82403 59962 65999 73007 72242 59962 92925 15073 76873 10169 69756 65746 109913 121456
73820 125567 46124 13345 45914 112883 154864 105892 162526 110062 89947 102883 166171 61426 155339 131251 117957 139294 130661 153323 31012 143866 64637 115112 159072 81669 90051 165548 9052 134819 44077 149502 72336 128066 57566 35626 112327 111255 151499 117457 67907 114705 158346 127812 159225 141425 153006 90079 123627 97016 125026 22546 36901 48446 146047 135543 43830 49456 34398 120965 103519 127613 150840 125259 97562 48734 162120 146201 94770 79548 115894 17308 164339 75415 133418 96818 138950 65012 150403 44518 57431 155190 110967 87995 61029 135466 0 81944 77456 167159 146135 58629 162015 148097 138020 153968 110121 146314 143834 106608 78773 97998 73820 81669 78773 44077 150403 58629 141425 166171 81944 48446 36901
8436 45039 69272 94793 55201 76223 76580 48873 84141 33259 36458 25271 84481 33572 73529 58514 49853 57775 90750 86821 51828 67386 83860 36300 77488 65738 25373 85315 79433 89553 38873 70315 25867 59289 89725 61871 30434 64914 93813 37584 21090 39324 79946 88715 78728 67874 73274 8417 61677 15077 46411 82523 84522 79536 68233 65372 73964 48587 101437 66031 23639 79401 85528 71617 19227 81692 87640 98406 32102 104364 44379 92487 82400 25133 76124 19873 60487 67897 78633 66306 69569 75217 105944 17737 21374 65746 81944 0 6883 85673 87613 32977 81898 72195 98700 72460 47825 77506 72963 36538 44038 18911 8436 65738 44038 38873 78633 32977 67874 84481 0 79536 84522
8031 51139 68615 90067 48594 71391 82969 45580 86602 34488 31772 32091 89780 26725 77935 65372 48862 61837 96511 93699 48102 74020 84538 42874 81615 59257 21925 91280 75556 85905 33712 76582 19190 58725 82926 55632 35737 70680 100515 40407 22180 46164 86305 84404 84641 68678 76243 13064 68364 20264 52923 79658 78178 72834 70385 72254 67350 48005 98763 63064 26301 85538 92395 77980 20771 74996 88907 95208 38269 97483 44108 87198 87125 18749 82715 26754 62830 61024 79116 59671 70035 78308 109400 15104 16429 65542 77456 6883 0 89710 85685 26263 87908 78857 104520 76514 45467 77294 79832 43351 37782 25680 8031 59257 37782 33712 79116 26263 68678 89780 6883 72834 78178
94062 49547 151091 179664 132508 104880 47115 79725 22649 59072 87751 70965 21963 110017 13181 66553 62629 27907 125098 83500 137482 54771 160586 60841 8256 121074 81100 36839 165073 97991 123231 43479 98340 57595 160657 141865 56322 108072 102591 50191 103825 66852 46670 105714 34674 43583 19529 77328 87123 70726 55111 167856 162745 153544 30223 71935 149770 131285 186484 80288 63756 110490 85589 100997 69888 155656 38545 97540 88771 167073 59592 176084 11552 95426 96978 75859 33141 134050 46531 142368 148085 17146 164049 80512 106138 53667 167159 85673 89710 0 76675 111579 37319 56374 129848 13214 72721 54193 70650 77555 103757 73183 94062 121074 103757 123231 46531 111579 43583 21963 85673 153544 162745
93653 90466 152688 155297 100909 41168 111928 41785 54902 58440 58264 95189 95422 86315 76922 116032 38435 69046 169041 143245 125056 112591 169984 94651 74568 71085 64082 108128 148350 23897 107056 105335 77752 31197 114194 111709 79607 144889 158754 62417 107822 102966 113353 33810 103084 35729 58660 81918 131698 80974 97869 157065 125355 112156 49107 124013 111538 132660 175907 25207 69196 155127 143967 145529 70087 113768 40676 20876 113345 111330 45074 147529 85216 75120 145915 95322 51812 89189 30146 106283 155401 60521 192810 70610 96636 28415 146135 87613 85685 76675 0 89707 106905 116633 176073 71911 40274 22646 127413 109335 67362 91617 93653 71085 67362 107056 30146 89707 35729 95422 87613 112156 125355
28427 77055 65962 69837 22414 63279 109098 48250 104642 52836 31841 58234 114279 3634 100792 91367 59340 84319 116216 119156 35485 100282 85736 69131 103815 40651 31696 116888 59355 82705 17508 102601 13802 69478 56806 30466 60920 90958 124494 61406 35471 72247 112402 78113 110190 82851 95871 38755 92497 45836 79156 67366 52456 46573 88166 97996 41131 48374 86291 64642 48410 106970 117650 100489 42110 48733 103532 93532 61101 72540 57379 64889 110521 16889 106222 52668 81426 36835 91781 33436 71483 98176 119922 31070 16620 76873 58629 32977 26263 111579 89707 0 113587 105120 124342 98646 51811 87854 105744 68436 24895 51887 28427 40651 24895 17508 91781 0 82851 114279 32977 46573 52456
89169 36869 136345 175230 135958 126438 11710 96726 58055 68577 98749 59135 15864 113186 30656 38206 81581 39440 92640 47155 131035 23320 141333 46904 34560 134533 88535 3577 158005 125064 120538 13196 102502 80862 168556 143526 52738 80214 66664 58440 94332 48412 9921 130977 3996 71227 49326 74958 57758 67796 37113 157696 165971 159504 57871 40538 154531 118749 174941 103338 67092 78638 49606 69986 73087 161682 73540 127103 71076 179324 75928 173952 25775 100168 64208 65197 55666 143596 78066 146828 130835 48087 135895 84676 103149 79840 162015 81898 87908 37319 106905 113587 0 22443 96289 35625 90149 84544 36591 58375 113950 64194 89169 134533 113950 120538 78066 113587 71227 15864 81898 159504 165971
78185 30664 118325 161436 127395 129354 10751 98295 74181 68553 96520 47170 37122 105414 46294 17825 85576 47821 70320 27794 117189 4963 121391 36035 51400 131977 84969 25306 143198 131820 109085 12989 95926 87514 161654 133707 47664 58230 46316 59449 80359 33765 13379 136251 23049 81388 63388 66841 35699 60267 26276 141399 156450 151691 69567 18281 146158 102168 157762 108292 63573 56218 29477 47554 68626 153853 88468 135653 54011 174795 78965 161366 45200 94088 41863 53097 65077 138347 90155 138499 111831 62874 113593 79498 92357 88353 148097 72195 78857 56374 116633 105120 22443 0 74259 50529 92473 95425 14454 41620 110310 53318 78185 131977 110310 109085 90155 105120 81388 37122 72195 151691 156450
98238 87840 93591 149934 141425 174239 84691 144601 144891 118376 134779 81710 111380 126719 118416 64169 138748 114245 8127 51415 113633 75158 83027 81580 123868 163144 122895 98667 129940 184553 117123 86660 123163 144876 175985 142252 96466 33842 33283 113687 88895 73213 86490 185564 97289 144724 132918 99989 45023 97855 80316 121241 162489 164298 136095 57964 157672 90214 130447 159893 108391 20971 48246 30728 109641 166110 157200 191582 66736 195188 131703 154978 119084 123191 32898 83161 129553 160967 155252 151355 82627 133089 50223 115190 107723 148526 138020 98700 104520 129848 176073 124342 96289 74259 0 121839 141322 158402 59823 67142 142216 86510 98238 163144 142216 117123 155252 124342 144724 111380 98700 164298 162489
80853 37944 138212 166500 119786 95980 42910 69058 23655 46454 75803 58377 23663 97176 5029 57750 52241 14694 116554 78304 124268 47931 148184 48841 5169 109918 68522 36432 151859 91476 110068 37659 85531 48729 148621 129002 43255 97963 96627 37248 90737 55434 43448 98358 32065 36689 13701 64114 77925 57526 44210 154685 150089 141196 22904 64028 137255 118291 173347 71720 50634 101842 79975 92136 56804 143325 38323 92454 76677 155871 48356 163017 14387 82657 88993 63064 22994 122182 42551 129792 135471 12601 153534 67581 92943 46140 153968 72460 76514 13214 71911 98646 35625 50529 121839 0 62065 49334 64096 65947 91814 60273 80853 109918 91814 110068 42551 98646 36689 23663 72460 141196 150089
53466 62421 112641 120599 67331 36893 91128 7010 58786 24426 20188 59671 83908 48770 66052 86714 10193 51475 133822 116002 86326 87737 129716 62610 66718 48506 23816 92516 111166 43239 68531 83936 38751 18689 89802 77960 47291 108652 128690 33033 67637 70269 93539 44996 86168 33923 53719 43013 98764 43616 68786 118705 95605 84331 43630 94860 81820 92473 137804 18688 33075 120723 115956 111610 31927 86304 53734 51011 75944 94449 14244 114229 76290 35874 113572 58385 39594 62943 41001 75186 115138 56221 153663 30455 56682 25941 110121 47825 45467 72721 40274 51811 90149 92473 141322 62065 0 36230 100090 74297 34095 54895 53466 48506 34095 68531 41001 51811 33923 83908 47825 84331 95605
84775 71129 145891 156824 103324 55283 90077 41214 32996 44930 56417 79647 72792 84910 54356 96460 28951 47604 151756 122547 121722 91625 161360 76952 51922 79721 57817 85654 147155 44209 104189 83688 74476 18740 122873 114030 62833 128677 138874 45721 98548 85320 91324 52762 80772 14100 36016 70445 113499 67740 78678 154175 130805 118767 26674 104227 116903 125299 173356 31826 55795 137451 123503 127678 58493 120623 20877 43419 98832 123772 33218 150327 62570 71484 127192 80957 30375 96404 8032 110637 147016 37880 179461 62574 90906 11770 146314 77506 77294 54193 22646 87854 84544 95425 158402 49334 36230 0 106935 92949 69606 77216 84775 79721 69606 104189 8032 87854 14100 72792 77506 118767 130805
77707 37856 110638 157155 127537 136647 24916 105376 87708 75700 101471 47836 51560 106529 60105 14529 94213 59657 56053 15996 113372 16165 111599 39038 65353 136062 89435 39185 138230 141063 107373 27172 98103 97360 162546 132837 53265 46092 32583 67577 77292 33764 26977 144707 37466 92835 76489 69045 24042 63272 31329 135128 155532 152052 81808 8292 146184 96138 150546 116945 68976 42193 16575 34025 73187 154178 101511 145720 49133 177159 87312 158061 59578 96653 27650 53112 76617 140620 102199 138650 103183 76184 100356 83133 91561 98999 143834 72963 79832 70650 127413 105744 36591 14454 59823 64096 100090 106935 0 38177 114081 54326 77707 136062 114081 107373 102199 105744 92835 51560 72963 152052 155532
40062 28051 77970 119953 89792 108300 49376 77922 85809 51272 69795 14629 67139 69584 64416 24711 71657 54036 59839 50745 75810 37654 84065 17426 69755 101939 57552 61935 101585 117486 69197 45203 62383 78191 125052 94737 30123 35745 57475 47359 39267 10797 52833 118880 56482 79893 73412 34869 25547 31284 22951 99975 117401 114318 73627 30053 108324 60784 116768 92800 41277 46433 49219 37376 42978 116422 95260 124445 12712 140662 64642 120287 69796 61451 40355 17368 66210 104304 90875 100866 72757 74365 88591 50198 53610 82403 106608 36538 43351 77555 109335 68436 58375 41620 67142 65947 74297 92949 38177 0 79999 20091 40062 101939 79999 69197 90875 68436 79893 67139 36538 114318 117401
44107 79975 90856 88165 33948 38404 111952 28398 92253 46153 16016 66909 111167 21263 95019 99605 43711 78909 134177 128951 59777 105347 110515 75186 96834 22034 25542 116878 81222 58087 42099 104913 19222 52778 56906 44756 62799 108376 137474 56280 55677 80605 114933 53220 110172 67910 85774 45438 105446 50809 84182 90730 61511 50471 76420 107163 47733 72944 109199 42209 47197 123317 128031 115652 41726 52498 87821 69104 76029 65376 44598 80987 105273 19041 120044 62696 71099 30377 74965 41126 96170 88248 142974 30976 38117 59962 78773 44038 37782 103757 67362 24895 113950 110310 142216 91814 34095 69606 114081 79999 0 60521 44107 22034 0 42099 74965 24895 67910 111167 44038 50471 61511
25172 27570 77939 111146 74092 88262 58093 58118 76153 33200 49738 6496 68540 52392 60287 39816 53324 46180 78946 68641 67127 48539 88767 17644 64942 82546 37480 67693 94445 98129 56508 52097 43804 60906 108605 80496 17350 53801 77231 31981 31172 20569 61507 99098 61279 65235 64214 15086 45566 11349 27809 95560 103212 98447 61758 46964 92853 58141 113793 73543 22457 66097 67582 57312 23135 100602 82896 105579 21773 122832 46544 109772 68054 42475 60419 3746 53898 86295 76386 85204 75540 65731 102244 30217 39333 65999 97998 18911 25680 73183 91617 51887 64194 53318 86510 60273 54895 77216 54326 20091 60521 0 25172 82546 60521 56508 76386 51887 65235 68540 18911 98447 103212
0 52335 61379 86768 49835 78940 83263 53601 92484 41146 39525 31036 92399 29846 81849 63486 56580 66175 90169 90806 43497 73491 76756 42813 85866 64941 29955 92632 71104 93857 31379 77242 24946 66318 84999 55535 38520 64434 96218 45949 14173 44660 86679 92172 86124 75665 81686 16853 64146 23370 52977 74088 78285 74358 76499 69823 68483 40693 93014 71094 31928 79807 89250 72739 27126 76478 95641 103219 33017 100890 51557 84840 90612 25238 78071 25096 68791 64809 86282 60944 62308 83641 101503 23043 14188 73007 73820 8436 8031 94062 93653 28427 89169 78185 98238 80853 53466 84775 77707 40062 44107 25172 0 64941 44107 31379 86282 28427 75665 92399 8436 74358 78285
64941 101479 103692 88284 36644 32282 133184 41583 106902 66028 35831 88942 130588 37541 113564 121602 58696 97995 155058 150979 70497 127018 124407 97113 114749 0 47008 137322 86317 54741 54931 126075 40151 65867 43398 46116 84341 129367 159403 76223 75168 102632 136073 46645 130678 81534 102213 67467 127329 72804 105961 97940 54953 41283 92114 129187 41542 88098 114938 48404 68530 144657 150065 137235 63361 42791 99775 66125 97490 46000 61590 79126 123868 40605 141854 84674 87942 18406 86389 37776 110650 104715 160510 52929 56577 72242 81669 65738 59257 121074 71085 40651 134533 131977 163144 109918 48506 79721 136062 101939 22034 82546 64941 0 22034 54931 86389 40651 81534 130588 65738 41283 54953
44107 79975 90856 88165 33948 38404 111952 28398 92253 46153 16016 66909 111167 21263 95019 99605 43711 78909 134177 128951 59777 105347 110515 75186 96834 22034 25542 116878 81222 58087 42099 104913 19222 52778 56906 44756 62799 108376 137474 56280 55677 80605 114933 53220 110172 67910 85774 45438 105446 50809 84182 90730 61511 50471 76420 107163 47733 72944 109199 42209 47197 123317 128031 115652 41726 52498 87821 69104 76029 65376 44598 80987 105273 19041 120044 62696 71099 30377 74965 41126 96170 88248 142974 30976 38117 59962 78773 44038 37782 103757 67362 24895 113950 110310 142216 91814 34095 69606 114081 79999 0 60521 44107 22034 0 42099 74965 24895 67910 111167 44038 50471 61511
31379 83688 49184 56433 24478 80272 114551 65428 118573 66047 48924 62167 123313 21075 111612 93582 75356 95427 109058 119275 18010 104492 69569 74122 115194 54931 46748 123994 43305 100112 0 108603 29787 85586 58997 26054 69224 85024 121845 73395 30769 75344 117981 95231 117464 98149 108935 46630 90793 53744 84273 50191 48370 47429 102115 99236 40913 33405 69273 82063 59508 101642 117335 96483 53503 49346 118833 110996 59337 78217 72592 53616 120836 32725 103281 56114 94935 46133 107611 34266 55720 111114 106730 44030 17503 92925 44077 38873 33712 123231 107056 17508 120538 109085 117123 110068 68531 104189 107373 69197 42099 56508 31379 54931 42099 0 107611 17508 98149 123313 38873 47429 48370
86282 67496 147646 161266 108323 63001 84218 46669 25009 45451 60957 78190 65723 89014 47577 92429 32447 42546 148840 117587 124843 86580 162347 74311 44752 86389 60890 78983 150816 52208 107611 78066 78162 22439 129286 118922 60985 126435 134445 44430 99717 82609 85263 60792 74381 11151 28967 71121 110236 67661 75058 157256 136424 124729 20622 100002 122573 126971 176471 39127 55949 134373 118714 124544 59415 126633 13426 51017 97670 130929 35289 155158 55327 75111 123545 80086 25844 102641 0 116092 148165 30636 178396 64856 93508 15073 150403 78633 79116 46531 30146 91781 78066 90155 155252 42551 41001 8032 102199 90875 74965 76386 86282 86389 74965 107611 0 91781 11151 65723 78633 124729 136424
28427 77055 65962 69837 22414 63279 109098 48250 104642 52836 31841 58234 114279 3634 100792 91367 59340 84319 116216 119156 35485 100282 85736 69131 103815 40651 31696 116888 59355 82705 17508 102601 13802 69478 56806 30466 60920 90958 124494 61406 35471 72247 112402 78113 110190 82851 95871 38755 92497 45836 79156 67366 52456 46573 88166 97996 41131 48374 86291 64642 48410 106970 117650 100489 42110 48733 103532 93532 61101 72540 57379 64889 110521 16889 106222 52668 81426 36835 91781 33436 71483 98176 119922 31070 16620 76873 58629 32977 26263 111579 89707 0 113587 105120 124342 98646 51811 87854 105744 68436 24895 51887 28427 40651 24895 17508 91781 0 82851 114279 32977 46573 52456
75665 57201 137041 152627 100508 61686 76271 40360 25516 34620 53016 67077 60351 80280 41627 82440 24259 33582 138194 108455 115092 77549 151442 63501 39939 81534 51446 72549 141446 54871 98149 69777 69094 15666 123609 110922 49920 115520 124796 33280 88930 71836 77639 62193 67384 0 24268 60223 99751 56583 64763 147416 129351 118248 13833 90171 115631 116350 166631 37053 44947 123801 109404 113997 48649 120225 20701 55920 86534 126989 25566 146971 50582 66013 113297 68934 16311 96771 11151 108858 137319 26503 167262 54776 83481 10169 141425 67874 68678 43583 35729 82851 71227 81388 144724 36689 33923 14100 92835 79893 67910 65235 75665 81534 67910 98149 11151 82851 0 60351 67874 118248 129351
92399 41357 144314 179166 136292 118932 26841 90791 43795 65015 95386 64574 0 113379 18783 50628 74509 32628 107348 62943 135503 36764 151171 52752 20990 130588 86470 14928 162939 115125 123313 25233 102109 71993 167245 144686 54091 93098 82386 54911 99636 56479 25676 121882 14111 60351 36797 76739 71026 69581 44335 163911 166631 158961 46551 54423 154463 125655 181816 94945 66110 93070 65313 84044 72392 161126 59619 116049 79494 176206 69779 176918 10755 99487 78901 70327 46159 141404 65723 146829 139794 35102 149185 83911 105815 69756 166171 84481 89780 21963 95422 114279 15864 37122 111380 23663 83908 72792 51560 67139 111167 68540 92399 130588 111167 123313 65723 114279 60351 0 84481 158961 166631
8436 45039 69272 94793 55201 76223 76580 48873 84141 33259 36458 25271 84481 33572 73529 58514 49853 57775 90750 86821 51828 67386 83860 36300 77488 65738 25373 85315 79433 89553 38873 70315 25867 59289 89725 61871 30434 64914 93813 37584 21090 39324 79946 88715 78728 67874 73274 8417 61677 15077 46411 82523 84522 79536 68233 65372 73964 48587 101437 66031 23639 79401 85528 71617 19227 81692 87640 98406 32102 104364 44379 92487 82400 25133 76124 19873 60487 67897 78633 66306 69569 75217 105944 17737 21374 65746 81944 0 6883 85673 87613 32977 81898 72195 98700 72460 47825 77506 72963 36538 44038 18911 8436 65738 44038 38873 78633 32977 67874 84481 0 79536 84522
74358 123317 84825 50977 24529 73331 155500 78141 142724 94794 66152 104764 158961 46450 144008 137764 94133 127591 156273 165021 53165 146849 105893 115691 146305 41283 72784 162717 55743 95749 47429 148896 57050 102905 11755 22216 106781 132450 168869 104475 77702 118731 158768 87063 155984 118248 136016 85138 137375 92093 125687 69347 14226 0 126843 144179 6670 76521 82768 88582 92951 149070 163330 143777 86735 2178 137835 107043 105731 33172 94961 40470 154105 59533 150347 99112 121301 22973 124729 13478 94633 138470 148955 75133 60766 109913 48446 79536 72834 153544 112156 46573 159504 151691 164298 141196 84331 118767 152052 114318 50471 98447 74358 41283 50471 47429 124729 46573 118248 158961 79536 0 14226
78285 129299 77781 37448 30377 87173 161097 89764 153278 103682 76537 109281 166631 53262 152574 141554 105102 136078 154609 167639 49044 151723 98289 120783 155243 54953 81648 169296 45091 109627 48370 154759 64697 114289 20828 22752 113363 131892 169859 112957 79097 122927 164453 101102 162610 129351 145870 91026 139098 98175 130920 58950 0 14226 137128 147453 13925 72786 70586 101327 100576 148634 165705 144173 94276 13482 149331 120965 107703 42651 105258 26610 162489 67485 151291 103379 131164 36548 136424 20554 88314 148283 142976 82878 64156 121456 36901 84522 78178 162745 125355 52456 165971 156450 162489 150089 95605 130805 155532 117401 61511 103212 78285 54953 61511 48370 136424 52456 129351 166631 84522 14226 0
