StringID  Type  x          y          demand  ReadyTime  DueDate  ServiceTime
D0        d     33947.58    11762.44    0.0     0.0        86400.0  0.0
D1        d     -29129.67   2927.53     0.0     0.0        86400.0  0.0
C001      c     -16130.09   -63789.52   622.0   5132.0     26157.0  1244.0
C002      c     -9501.87    24084.10    569.0   1235.0     21295.0  1138.0
C003      c     25464.66    -30547.32   621.0   4085.0     23742.0  1242.0
C004      c     -34873.44   39084.32    449.0   1047.0     20580.0  898.0
C005      c     18200.29    -71506.39   626.0   1832.0     22234.0  1252.0
C006      c     -37735.30   15790.30    173.0   3225.0     23179.0  346.0
C007      c     13801.11    -30953.62   627.0   3825.0     24769.0  1254.0
C008      c     24875.64    -26597.20   490.0   864.0      20054.0  980.0
C009      c     30431.20    -38202.48   586.0   1155.0     21286.0  1172.0
C010      c     -43424.49   -22581.02   609.0   3017.0     22541.0  1218.0
C011      c     4649.88     -74887.82   533.0   5299.0     26003.0  1066.0
C012      c     25125.74    -20900.21   126.0   1451.0     21128.0  252.0
C013      c     -35407.79   15216.09    749.0   4902.0     24462.0  1498.0
C014      c     24761.31    13471.28    546.0   1893.0     22247.0  1092.0
C015      c     27798.62    -61145.83   191.0   2799.0     22475.0  382.0
C016      c     64527.61    -57624.03   614.0   1022.0     20969.0  1228.0
C017      c     -32173.56   -14046.90   472.0   2141.0     21781.0  944.0
C018      c     -10151.33   42030.06    463.0   3691.0     23977.0  926.0
C019      c     29756.37    -36710.37   745.0   5248.0     25806.0  1490.0
C020      c     59655.91    39631.21    585.0   2569.0     23224.0  1170.0
C021      c     -20001.76   -875.76     771.0   1644.0     22923.0  1542.0
C022      c     -49992.13   46919.20    571.0   2901.0     22631.0  1142.0
C023      c     28701.59    -54161.35   561.0   33896.0    53180.0  1122.0
C024      c     -30580.26   -43867.74   605.0   35054.0    55242.0  1210.0
C025      c     46953.86    6121.25     365.0   37049.0    57133.0  730.0
C026      c     -21847.33   -58533.21   263.0   35187.0    55261.0  526.0
C027      c     49833.33    -49253.02   753.0   35289.0    55220.0  1506.0
C028      c     -18067.24   -51640.71   663.0   37391.0    58410.0  1326.0
C029      c     -71072.41   6976.71     102.0   36334.0    55043.0  204.0
C030      c     -33901.15   -25572.83   290.0   37223.0    55959.0  580.0
C031      c     27127.15    -44726.81   517.0   34658.0    55103.0  1034.0
C032      c     63841.58    26924.70    104.0   33802.0    52564.0  208.0
C033      c     68812.33    37536.25    573.0   33544.0    53693.0  1146.0
C034      c     56985.03    -15905.03   336.0   34661.0    53590.0  672.0
C035      c     -22869.03   12846.79    766.0   36268.0    57258.0  1532.0
C036      c     -22157.00   5953.59     780.0   34601.0    55006.0  1560.0
C037      c     -7529.71    -55811.77   381.0   35947.0    55396.0  762.0
C038      c     -13827.06   -9138.35    316.0   34740.0    53650.0  632.0
C039      c     -15748.38   61997.10    701.0   36084.0    56250.0  1402.0
C040      c     81544.27    25091.26    207.0   33054.0    51655.0  414.0
C041      c     -4482.44    -7163.87    825.0   34951.0    55646.0  1650.0
C042      c     49959.13    -7623.97    617.0   37128.0    56962.0  1234.0
C043      c     -38155.89   63232.76    243.0   35941.0    55123.0  486.0
C044      c     40246.38    45084.99    206.0   35717.0    55686.0  412.0
C045      c     30276.38    -26745.15   776.0   34376.0    54354.0  1552.0
C046      c     56762.01    22398.85    775.0   66214.0    86245.0  1550.0
C047      c     -31399.77   43738.23    600.0   66279.0    85501.0  1200.0
C048      c     43306.49    37022.68    126.0   67493.0    86142.0  252.0
C049      c     4893.90     -18496.30   195.0   66199.0    85453.0  390.0
C050      c     -29820.85   35816.87    127.0   65710.0    85688.0  254.0
F1        f     33947.58    11762.44    0.0     0.0        86400.0  0.0
F2        f     18200.29    -71506.39   0.0     0.0        86400.0  0.0
F3        f     -28772.18   27914.16    0.0     0.0        86400.0  0.0
F4        f     -35757.05   4193.52     0.0     0.0        86400.0  0.0
F5        f     80977.39    92879.80    0.0     0.0        86400.0  0.0
F6        f     -28015.84   9211.52     0.0     0.0        86400.0  0.0

m numVeh /7/
m numPetrolVeh /4/
m numElectroVeh /3/

DistanceMatrix
0 63693 90641 45163 43152 74046 84745 71796 47229 39418 50089 84652 91469 33833 69441 9344 73167 75826 70980 53487 48654 37916 55410 91005 66132 85197 14177 89747 63050 82009 105129 77443 56900 33519 43357 36003 56827 56404 79288 52147 70663 49428 42838 25144 88590 33913 38682 25172 72751 26938 41949 68154 0 84745 64766 70114 93765 62016
63693 0 67972 28859 64040 36610 88207 15476 54690 61549 72382 29241 84831 59257 13799 54913 85710 111527 17245 43465 70984 96073 9889 48688 81263 46818 76151 61891 94647 55678 42138 28897 73728 96018 103877 88150 11730 7601 62585 19487 60566 112871 26633 79790 60977 81181 66404 88071 40874 80059 40207 32897 63693 88207 24989 6747 142179 6382
90641 67972 0 88123 53246 104567 35187 82460 44431 55360 53129 49428 23558 59511 81324 87415 44008 80893 52266 105988 53281 128216 63033 115772 45854 24611 94165 7766 67546 12302 89591 42146 47271 120932 132220 87400 76932 70003 11731 54700 125787 132061 57811 86732 128918 122605 59379 112879 108607 117029 49935 100543 90641 35187 92571 70760 184323 73962
45163 28859 88123 0 64863 29474 99524 29426 59768 61241 73988 57692 99979 56768 27382 35869 93035 110257 44362 17958 72368 70884 27078 46486 87074 71146 59245 83535 94335 76208 63903 55328 77953 73398 79461 77586 17463 22110 79920 33503 38424 91052 31649 67387 48515 53999 64544 66285 29425 54370 44948 23463 45163 99524 19647 32939 113663 23748
43152 64040 53246 64863 0 92137 41598 78367 11671 3994 9125 69348 48983 9653 76156 44024 30687 47530 59954 80845 7510 78065 54292 108142 23835 57606 42501 54969 30720 48373 103573 59574 14277 69107 80712 34755 64955 60001 41556 44746 101306 78997 37995 33548 113324 77063 6133 61505 93552 69886 23841 86375 43152 41598 79746 70392 135336 66640
74046 36610 104567 29474 92137 0 122667 23469 85291 88792 101183 62255 120631 84841 23874 64902 118211 138683 53200 24897 99608 94531 42638 17028 112856 83063 88217 98483 122388 92269 48387 64664 104252 99461 103697 107060 28853 35487 98757 52615 29846 117256 55340 96841 24371 75359 92618 93142 5807 78207 69978 6017 74046 122667 12728 34902 127732 30650
84745 88207 35187 99524 41598 122667 0 103680 40791 45403 35479 78685 13966 51078 101954 85231 14123 48363 76414 117023 36665 118618 80300 136656 20276 56066 82782 42096 38676 41352 118866 69458 28228 108498 120216 67792 93820 87343 30139 70111 137752 115514 68224 71341 146050 118657 46362 101515 125465 111395 54655 117577 84745 0 109958 92962 175965 93012
71796 15476 82460 29426 78367 23469 103680 0 69577 75610 86959 38791 100095 72785 2397 62540 101064 125886 30351 38071 85507 100267 24336 33455 96473 60086 85239 76003 109082 70241 34482 41540 88710 102185 108744 99883 15155 18424 77713 34540 51171 119642 40406 90766 47444 83303 80218 94728 28657 83777 54707 21534 71796 103680 15077 11764 141547 11737
47229 54690 44431 59768 11671 85291 40791 69577 0 11901 18141 57835 44877 15143 67477 45757 33279 57310 48985 76814 16962 84172 45247 100667 27579 46222 49736 45072 40413 37994 92964 48005 19165 76511 87847 45731 57124 51528 32756 35203 97535 87921 30004 43031 107567 80506 17004 68499 87304 74104 15314 79757 47229 40791 72649 60756 140881 57982
39418 61549 55360 61241 3994 88792 45403 75610 11901 0 12866 68418 52355 5702 73365 40069 34672 50348 58413 77049 11229 74806 51726 104928 27828 58083 39471 56595 33707 49712 101653 58786 18269 66204 77740 33843 61930 57198 43630 42458 97464 76701 35207 31451 109738 73312 5403 58458 90078 66236 21561 82989 39418 45403 76483 68003 131993 63873
50089 72382 53129 73988 9125 101183 35479 86959 18141 12866 0 75490 44838 18097 84784 51984 23094 39240 67103 89912 1638 83139 62744 117105 16052 61274 47303 56093 22328 50326 111104 65560 7313 73197 84909 34674 73803 68668 41846 52948 110329 81355 46716 36282 122447 83864 11458 66074 102652 76319 32257 95442 50089 35479 88749 78602 140490 75261
84652 29241 49428 57692 69348 62255 78685 38791 57835 68418 75490 0 71043 68571 38638 77130 80994 113497 14121 72675 74532 120399 31933 69810 78737 24862 94827 41930 96997 38568 40473 9982 73946 118139 127323 100631 40959 35588 48915 32507 88991 133753 41883 94574 85975 107608 73818 109820 67401 105237 48491 59961 84652 78685 52578 27851 169726 35330
91469 84831 23558 99979 48983 120631 13966 100095 44877 52355 44838 71043 0 57740 98607 90619 26920 62317 71117 117851 45693 127044 78010 133502 31750 46940 91390 31138 51949 32504 111515 62595 37615 117769 129445 78854 91949 85170 22633 68296 138396 126129 68337 81101 144602 125142 54538 110365 123983 118399 56392 115947 91469 13966 108098 88806 184315 90221
33833 59257 59511 56768 9653 84841 51078 72785 15143 5702 18097 68571 57740 0 70489 34373 40334 53862 57708 72144 16474 69688 49371 101204 33453 60255 34737 60189 37608 53015 100156 59212 23911 61532 72961 32249 58672 54376 47804 40690 92426 72789 32639 28159 105275 67695 7791 53625 85868 60709 20374 78968 33833 51078 72717 65851 126749 61080
69441 13799 81324 27382 76156 23874 101954 2397 67477 73365 84784 38638 98607 70489 0 60194 99127 123664 29441 36836 83323 98149 22278 34897 94463 59281 82862 74986 106875 69069 36604 40817 86624 99938 106583 97493 12761 16167 76303 32540 50744 117368 38174 88370 48095 81337 77943 92449 28802 81679 52543 21345 69441 101954 14327 11028 139918 9523
9344 54913 87415 35869 44024 64902 85231 62540 45757 40069 51984 77130 90619 34373 60194 0 74679 81461 63236 45105 50430 43612 47006 81895 67747 79690 23378 85773 67550 77935 96054 70468 58246 41331 50196 43604 47634 47517 76439 44724 63212 57960 35791 32862 80217 35202 40593 33223 63798 29977 37638 58979 9344 85231 55448 61225 97293 52949
73167 85710 44008 93035 30687 118211 14123 101064 33279 34672 23094 80994 26920 40334 99127 74679 0 36897 76256 109934 24514 105692 76924 133152 7043 60882 69941 49715 25039 46840 120067 71220 16433 95160 106866 53838 89678 83653 35729 66614 130616 101614 62898 57928 140784 106958 34490 88423 120437 99386 48411 112791 73167 14123 105508 91151 162947 89808
75826 111527 80893 110257 47530 138683 48363 125886 57310 50348 39240 113497 62317 53862 123664 81461 36897 0 106066 124531 40576 97377 101811 155061 35993 96098 66123 86380 16911 82811 150202 103516 39562 84552 95257 42395 112269 107500 72080 92143 144061 84448 85490 52079 158588 105540 46116 80399 139558 96997 71324 132789 75826 48363 126577 117807 151400 114155
70980 17245 52266 44362 59954 53200 76414 30351 48985 58413 67103 14121 71117 57708 29441 63236 76256 106066 0 60246 65947 106367 17934 63517 72904 29863 81657 45669 89245 40153 44217 11655 66767 104391 113397 89178 28458 22369 48494 18992 77798 120264 28534 82383 77511 93495 63728 96114 57790 91134 37334 49919 70980 76414 42099 18589 155681 23627
53487 43465 105988 17958 80845 24897 117023 38071 76814 77049 89912 72675 117851 72144 36836 45105 109934 124531 60246 0 88276 69848 44022 40140 103742 88294 67457 101241 109228 94005 70286 71653 94427 75519 79091 88678 31834 38022 97877 51300 20737 93247 49519 77967 35126 50490 79777 69734 21317 53692 62368 20627 53487 117023 23367 45687 104356 37366
48654 70984 53281 72368 7510 99608 36665 85507 16962 11229 1638 74532 45693 16474 83323 50430 24514 40576 65947 88276 0 81988 61319 115558 17483 60760 46155 56028 23673 50100 109886 64624 8437 72189 83892 34268 72287 67195 41894 51573 108692 80631 45225 35414 120833 82465 9979 64986 101055 74968 30820 93860 48654 36665 87189 77234 139346 73800
37916 96073 128216 70884 78065 94531 118618 100267 84172 74806 83139 120399 127044 69688 98149 43612 105692 97377 106367 69848 81988 0 89365 109890 98768 122942 35837 127589 89425 119881 134745 114037 90412 13378 9393 55600 86763 88473 116719 88194 78651 26278 79395 48240 100619 20161 72588 17474 91148 16556 79860 89558 37916 118618 89201 101781 57359 92799
55410 9889 63033 27078 54292 42638 80300 24336 45247 51726 62744 31933 78010 49371 22278 47006 76924 101811 17934 44022 61319 89365 0 56425 72190 44274 67320 57687 84955 50802 51671 28340 64374 88332 96765 78440 14019 7161 56334 10315 63017 104814 16745 70286 66629 75777 56543 80215 46047 73785 30500 37984 55410 80300 30096 16551 137793 12883
91005 48688 115772 46486 108142 17028 136656 33455 100667 104928 117105 69810 133502 101204 34897 81895 133152 155061 63517 40140 115558 109890 56425 0 128101 92839 105181 109144 138615 103601 45164 74256 119776 115576 119174 124060 43550 49528 111161 66711 37416 133335 70683 113865 20155 90257 108947 109534 18863 93822 85391 23025 91005 136656 28486 45035 138800 43644
66132 81263 45854 87074 23835 112856 20276 96473 27579 27828 16052 78737 31750 33453 94463 67747 7043 35993 72904 103742 17483 98768 72190 128101 0 60169 62985 50738 21694 46837 117016 68822 9565 88373 100087 47576 84555 78743 36269 61933 124373 95254 57532 51163 135097 99916 27461 81540 114876 92346 42881 107336 66132 20276 100198 86949 156057 85047
85197 46818 24611 71146 57606 83063 56066 60086 46222 58083 61274 24862 46940 60255 59281 79690 60882 96098 29863 88294 60760 122942 44274 92839 60169 0 92252 17069 80594 14731 64998 18594 57714 118013 128474 91922 57236 50528 25961 38559 106899 131633 45036 88319 107368 113706 63220 109635 87610 109556 43613 79688 85197 56066 71805 48339 176479 53141
14177 76151 94165 59245 42501 88217 82782 85239 49736 39471 47303 94827 91390 34737 82862 23378 69941 66123 81657 67457 46155 35837 67320 105181 62985 92252 0 94413 55449 86972 118029 86845 54577 26795 38271 24203 70146 69111 82487 62667 83986 39451 53124 14070 102496 39537 36856 19004 86916 31116 48735 82318 14177 82782 78800 82733 93191 75033
89747 61891 7766 83535 54969 98483 42096 76003 45072 56595 56093 41930 31138 60189 74986 85773 49715 86380 45669 101241 56028 127589 57687 109144 50738 17069 94413 0 72279 7861 81943 35095 50883 121019 132093 89620 71387 64488 14574 50042 120685 132977 54225 88022 122853 120799 61052 112825 102717 115654 48146 94686 89747 42096 86724 64250 183027 68025
63050 94647 67546 94335 30720 122388 38676 109082 40413 33707 22328 96997 51949 37608 106875 67550 25039 16911 89245 109228 23673 89425 84955 138615 21694 80594 55449 72279 0 67943 133342 87018 23153 77455 88840 34106 95614 90721 57737 75245 129142 80825 68715 41629 142812 94824 29817 71986 123475 86522 54457 116540 63050 38676 110153 100907 145505 97358
82009 55678 12302 76208 48373 92269 41352 70241 37994 49712 50326 38568 32504 53015 69069 77935 46840 82811 40153 94005 50100 119881 50802 103601 46837 14731 86972 7861 67943 0 79029 30500 45720 113497 124501 83126 64666 57739 11333 42713 113661 125739 46505 81025 116617 112944 54377 105268 96306 107833 40321 88244 82009 41352 80272 58570 175203 61660
105129 42138 89591 63903 103573 48387 118866 34482 92964 101653 111104 40473 111515 100156 36604 96054 120067 150202 44217 70286 109886 134745 51671 45164 117016 64998 118029 81943 133342 79029 0 49408 110979 136381 143184 130086 48559 48926 89331 59470 78026 153688 68075 121909 65179 117661 106812 128761 54086 118259 80123 50333 105129 118866 47198 35425 174638 43115
77443 28897 42146 55328 59574 64664 69458 41540 48005 58786 65560 9982 62595 59212 40817 70468 71220 103516 11655 71653 64624 114037 28340 74256 68822 18594 86845 35095 87018 30500 49408 0 63963 110949 120552 91399 39972 33643 40123 25943 89432 126073 34704 85760 88907 102423 64188 102572 69356 99394 39435 61525 77443 69458 53732 29824 165009 35279
56900 73728 47271 77953 14277 104252 28228 88710 19165 18269 7313 73946 37615 23911 86624 58246 16433 39562 66767 94427 8437 90412 64374 119776 9565 57714 54577 50883 23153 45720 110979 63963 0 80510 92222 41499 76252 70693 36386 54257 115014 88520 49093 43565 126163 90765 18255 73376 106073 83335 34385 98643 56900 28228 91659 79672 147768 77137
33519 96018 120932 73398 69107 99461 108498 102185 76511 66204 73197 118139 117769 61532 99938 41331 95160 84552 104391 75519 72189 13378 88332 115576 88373 118013 26795 121019 77455 113497 136381 110949 80510 0 11718 43375 87846 88519 109267 85633 86975 17797 76356 37233 108267 29775 63301 8403 96714 22884 74417 94084 33519 108498 92619 102160 68145 93550
43357 103877 132220 79461 80712 103697 120216 108744 87847 77740 84909 127323 129445 72961 106583 50196 106866 95257 113397 79091 83892 9393 96765 119174 100087 128474 38271 132093 88840 124501 143184 120552 92222 11718 0 54734 94948 96296 120590 94909 88028 17804 85850 48938 110011 29547 74947 19348 100404 25511 85001 98648 43357 120216 98058 109757 56665 100886
36003 88150 87400 77586 34755 107060 67792 99883 45731 33843 34674 100631 78854 32249 97493 43604 53838 42395 89178 88678 34268 55600 78440 124060 47576 91922 24203 89620 34106 83126 130086 91399 41499 43375 54734 0 84872 82105 75860 71135 106578 47790 62086 10860 123752 63245 28825 38305 106626 54667 52156 101047 36003 67792 96304 94895 111399 88634
56827 11730 76932 17463 64955 28853 93820 15155 57124 61930 73803 40959 91949 58672 12761 47634 89678 112269 28458 31834 72287 86763 14019 43550 84555 57236 70146 71387 95614 64666 48559 39972 76252 87846 94948 84872 0 6930 70351 23772 49663 105129 27175 75650 52654 70872 66272 80202 32048 70453 41871 23999 56827 93820 16182 15524 131108 6301
56404 7601 70003 22110 60001 35487 87343 18424 51528 57198 68668 35588 85170 54376 16167 47517 83653 107500 22369 38022 67195 88473 7161 49528 78743 50528 69111 64488 90721 57739 48926 33643 70693 88519 96296 82105 6930 0 63474 17238 56409 105452 22010 73383 59472 73658 61794 80614 38899 72462 36463 30831 56404 87343 22935 13713 134881 6704
79288 62585 11731 79920 41556 98757 30139 77713 32756 43630 41846 48915 22633 47804 76303 76439 35729 72080 48494 97877 41894 116719 56334 111161 36269 25961 82487 14574 57737 11333 89331 40123 36386 109267 120590 75860 70351 63474 0 47096 118095 120331 48743 75014 122921 111637 47688 101244 102372 105842 39329 94301 79288 30139 86379 66313 173040 68174
52147 19487 54700 33503 44746 52615 70111 34540 35203 42458 52948 32507 68296 40690 32540 44724 66614 92143 18992 51300 51573 88194 10315 66711 61933 38559 62667 50042 75245 42713 59470 25943 54257 85633 94909 71135 23772 17238 47096 0 71161 101328 9551 63804 76351 76577 47488 77314 55720 73451 20930 47716 52147 70111 39953 25664 139268 23196
70663 60566 125787 38424 101306 29846 137752 51171 97535 97464 110329 88991 138396 92426 50744 63212 130616 144061 77798 20737 108692 78651 63017 37416 124373 106899 83986 120685 129142 113661 78026 89432 115014 86975 88028 106578 49663 56409 118095 71161 0 104057 70073 95732 22442 58493 99967 82618 24049 64119 83098 29723 70663 137752 36487 61169 101536 54192
49428 112871 132061 91052 78997 117256 115514 119642 87921 76701 81355 133753 126129 72789 117368 57960 101614 84448 120264 93247 80631 26278 104814 133335 95254 131633 39451 132977 80825 125739 153688 126073 88520 17797 17804 47790 105129 105452 120331 101328 104057 0 91875 45474 125630 45883 72907 24928 114473 40056 88177 111880 49428 115514 110353 119148 67791 110705
42838 26633 57811 31649 37995 55340 68224 40406 30004 35207 46716 41883 68337 32639 38174 35791 62898 85490 28534 49519 45225 79395 16745 70683 57532 45036 53124 54225 68715 46505 68075 34704 49093 76356 85850 62086 27175 22010 48743 9551 70073 91875 0 54444 78036 68779 39895 68006 57581 65086 14708 49894 42838 68224 42667 33273 131576 28670
25144 79790 86732 67387 33548 96841 71341 90766 43031 31451 36282 94574 81101 28159 88370 32862 57928 52079 82383 77967 35414 48240 70286 113865 51163 88319 14070 88022 41629 81025 121909 85760 43565 37233 48938 10860 75650 73383 75014 63804 95732 45474 54444 0 113070 53596 27441 30784 96215 45140 46358 90840 25144 71341 86380 86527 105181 79772
88590 60977 128918 48515 113324 24371 146050 47444 107567 109738 122447 85975 144602 105275 48095 80217 140784 158588 77511 35126 120833 100619 66629 20155 135097 107368 102496 122853 142812 116617 65179 88907 126163 108267 110011 123752 52654 59472 122921 76351 22442 125630 78036 113070 0 80475 113044 103329 20632 85575 92374 28655 88590 146050 36544 59088 122767 54965
33913 81181 122605 53999 77063 75359 118657 83303 80506 73312 83864 107608 125142 67695 81337 35202 106958 105540 93495 50490 82465 20161 75777 90257 99916 113706 39537 120799 94824 112944 117661 102423 90765 29775 29547 63245 70872 73658 111637 76577 58493 45883 68779 53596 80475 0 72519 28061 71659 8624 72749 70678 33913 118657 71122 86305 62796 77114
38682 66404 59379 64544 6133 92618 46362 80218 17004 5403 11458 73818 54538 7791 77943 40593 34490 46116 63728 79777 9979 72588 56543 108947 27461 63220 36856 61052 29817 54377 106812 64188 18255 63301 74947 28825 66272 61794 47688 47488 99967 72907 39895 27441 113044 72519 0 55827 93658 65085 26689 86751 38682 46362 80463 72922 129926 68490
25172 88071 112879 66285 61505 93142 101515 94728 68499 58458 66074 109820 110365 53625 92449 33223 88423 80399 96114 69734 64986 17474 80215 109534 81540 109635 19004 112825 71986 105268 128761 102572 73376 8403 19348 38305 80202 80614 101244 77314 82618 24928 68006 30784 103329 28061 55827 0 90708 19872 66051 87616 25172 101515 85712 94293 74525 85797
72751 40874 108607 29425 93552 5807 125465 28657 87304 90078 102652 67401 123983 85868 28802 63798 120437 139558 57790 21317 101055 91148 46047 18863 114876 87610 86916 102717 123475 96306 54086 69356 106073 96714 100404 106626 32048 38899 102372 55720 24049 114473 57581 96215 20632 71659 93658 90708 0 75007 72044 8077 72751 125465 16041 39784 122652 34692
26938 80059 117029 54370 69886 78207 111395 83777 74104 66236 76319 105237 118399 60709 81679 29977 99386 96997 91134 53692 74968 16556 73785 93822 92346 109556 31116 115654 86522 107833 118259 99394 83335 22884 25511 54667 70453 72462 105842 73451 64119 40056 65086 45140 85575 8624 65085 19872 75007 0 67512 73137 26938 111395 72652 85608 67373 76553
41949 40207 49935 44948 23841 69978 54655 54707 15314 21561 32257 48491 56392 20374 52543 37638 48411 71324 37334 62368 30820 79860 30500 85391 42881 43613 48735 48146 54457 40321 80123 39435 34385 74417 85001 52156 41871 36463 39329 20930 83098 88177 14708 46358 92374 72749 26689 66051 72044 67512 0 64460 41949 54655 57335 46555 134883 43021
68154 32897 100543 23463 86375 6017 117577 21534 79757 82989 95442 59961 115947 78968 21345 58979 112791 132789 49919 20627 93860 89558 37984 23025 107336 79688 82318 94686 116540 88244 50333 61525 98643 94084 98648 101047 23999 30831 94301 47716 29723 111880 49894 90840 28655 70678 86751 87616 8077 73137 64460 0 68154 117577 7972 32176 124629 26667
0 63693 90641 45163 43152 74046 84745 71796 47229 39418 50089 84652 91469 33833 69441 9344 73167 75826 70980 53487 48654 37916 55410 91005 66132 85197 14177 89747 63050 82009 105129 77443 56900 33519 43357 36003 56827 56404 79288 52147 70663 49428 42838 25144 88590 33913 38682 25172 72751 26938 41949 68154 0 84745 64766 70114 93765 62016
84745 88207 35187 99524 41598 122667 0 103680 40791 45403 35479 78685 13966 51078 101954 85231 14123 48363 76414 117023 36665 118618 80300 136656 20276 56066 82782 42096 38676 41352 118866 69458 28228 108498 120216 67792 93820 87343 30139 70111 137752 115514 68224 71341 146050 118657 46362 101515 125465 111395 54655 117577 84745 0 109958 92962 175965 93012
64766 24989 92571 19647 79746 12728 109958 15077 72649 76483 88749 52578 108098 72717 14327 55448 105508 126577 42099 23367 87189 89201 30096 28486 100198 71805 78800 86724 110153 80272 47198 53732 91659 92619 98058 96304 16182 22935 86379 39953 36487 110353 42667 86380 36544 71122 80463 85712 16041 72652 57335 7972 64766 109958 0 24728 127536 18718
70114 6747 70760 32939 70392 34902 92962 11764 60756 68003 78602 27851 88806 65851 11028 61225 91151 117807 18589 45687 77234 101781 16551 45035 86949 48339 82733 64250 100907 58570 35425 29824 79672 102160 109757 94895 15524 13713 66313 25664 61169 119148 33273 86527 59088 86305 72922 94293 39784 85608 46555 32176 70114 92962 24728 0 146602 9225
93765 142179 184323 113663 135336 127732 175965 141547 140881 131993 140490 169726 184315 126749 139918 97293 162947 151400 155681 104356 139346 57359 137793 138800 156057 176479 93191 183027 145505 175203 174638 165009 147768 68145 56665 111399 131108 134881 173040 139268 101536 67791 131576 105181 122767 62796 129926 74525 122652 67373 134883 124629 93765 175965 127536 146602 0 137404
62016 6382 73962 23748 66640 30650 93012 11737 57982 63873 75261 35330 90221 61080 9523 52949 89808 114155 23627 37366 73800 92799 12883 43644 85047 53141 75033 68025 97358 61660 43115 35279 77137 93550 100886 88634 6301 6704 68174 23196 54192 110705 28670 79772 54965 77114 68490 85797 34692 76553 43021 26667 62016 93012 18718 9225 137404 0
