StringID  Type  x          y          demand  ReadyTime  DueDate  ServiceTime
D0        d     -25621.08   -1358.14    0.0     0.0        86400.0  0.0
D1        d     44384.09    -12946.24   0.0     0.0        86400.0  0.0
C1        c     -28320.79   2971.39     120.6   3139.2     23345.2  416.0
C2        c     -39729.06   19607.83    825.0   2333.9     23197.9  1092.0
C3        c     -12611.41   -13269.71   884.6   1508.4     21919.4  1506.0
C4        c     2367.97     -11342.18   620.6   1958.5     20909.5  346.0
C5        c     30395.95    2829.52     823.4   5162.6     25505.6  1444.0
C6        c     50519.36    -1100.24    183.8   7244.9     27761.9  1616.0
C7        c     25904.04    4815.34     202.9   1816.3     22333.3  1616.0
C8        c     -37111.33   33305.18    359.2   633.5      20615.5  846.0
C9        c     22252.81    7447.87     723.8   1246.9     21648.9  882.0
C10       c     37550.04    -22812.42   413.0   733.5      22150.5  1534.0
C11       c     33318.80    -4051.36    703.6   162.8      21579.8  1534.0
C12       c     41614.75    -19863.96   794.2   4117.2     24612.2  756.0
C13       c     -14953.16   -8980.60    167.0   242.9      20316.9  482.0
C14       c     31117.76    -1439.15    475.4   5899.6     25881.6  846.0
C15       c     11930.10    -35597.16   502.4   4283.5     23991.5  1114.0
C16       c     41502.14    12804.48    222.2   3202.6     23149.6  432.0
C17       c     33402.17    -17396.18   419.1   3464.6     23538.6  482.0
C18       c     11825.33    -8204.99    447.2   0.0        21333.0  1632.0
C19       c     50739.67    -9801.54    381.1   8379.0     28450.0  1308.0
C20       c     16500.77    -6414.59    683.7   0.0        19264.0  1028.0
C21       c     31266.63    5444.21     680.5   0.0        19187.0  696.0
C22       c     3781.33     -35338.85   172.4   574.6      19821.6  212.0
C23       c     -47100.94   33371.83    418.0   1819.7     21065.7  332.0
C24       c     47627.57    -14049.94   391.3   0.0        19706.0  690.0
C25       c     977.91      -5438.36    666.8   1934.0     20864.0  312.0
C26       c     44431.58    6897.43     684.9   0.0        21300.0  1460.0
C27       c     4686.41     -13220.15   478.2   5937.4     25546.4  552.0
C28       c     34111.54    10372.26    597.4   3302.1     24602.1  1460.0
C29       c     5426.65     -6827.07    354.7   0.0        19926.0  916.0
C30       c     38314.15    -25355.46   468.4   0.0        20074.0  482.0
C31       c     5785.53     -21233.07   808.0   1233.6     21278.6  504.0
C32       c     50105.76    -7528.98    632.0   1406.8     22270.8  1092.0
C33       c     -20254.79   38196.61    249.8   0.0        19124.0  780.0
C34       c     43200.74    -18330.84   165.3   2270.9     22341.9  1308.0
C35       c     -20813.17   13394.11    391.0   1509.8     21063.8  1138.0
C36       c     -31493.20   10729.93    380.6   492.1      20008.1  804.0
C37       c     39916.25    -7586.76    498.2   6744.4     26367.4  266.0
C38       c     -17619.74   21133.83    142.0   4922.4     24298.4  398.0
C39       c     37884.55    -16010.40   514.5   1883.5     21399.5  804.0
C40       c     44600.73    -19718.11   675.6   5351.6     25055.6  528.0
C41       c     -20301.78   42589.96    420.8   0.0        19187.0  696.0
C42       c     -20962.46   -45000.00   269.3   4492.2     25332.2  1632.0
C43       c     46722.00    31859.29    664.5   917.7      20991.7  482.0
C44       c     23273.24    -23730.47   623.2   1950.3     21876.3  916.0
C45       c     46320.10    -16936.82   572.7   6121.1     25497.1  398.0
C46       c     -37177.36   15632.37    655.6   0.0        18333.0  228.0
C47       c     45499.78    -10666.79   751.6   6059.4     26884.4  1462.0
C48       c     4994.53     -14396.70   219.4   1041.1     21833.1  1262.0
C49       c     25675.69    -9435.93    697.5   3647.0     24346.0  1614.0
C50       c     -43576.35   20739.08    150.5   0.0        20226.0  814.0
C51       c     21655.28    -20568.11   131.1   993.9      21722.9  818.0
C52       c     58666.80    -6486.31    388.9   2642.5     21888.5  332.0
C53       c     37062.76    2535.69     224.4   2453.2     22785.2  1052.0
C54       c     -35950.93   17354.35    514.0   1147.9     21224.9  406.0
C55       c     43808.70    -1653.67    305.5   2049.0     22500.0  1562.0
C56       c     20992.68    6279.68     510.4   2553.2     21504.2  346.0
C57       c     29336.69    -20037.97   681.1   4307.6     24699.6  854.0
C58       c     -11973.82   -17478.47   130.7   4414.7     22832.7  384.0
C59       c     -6457.47    3717.55     522.1   0.0        20045.0  504.0
C60       c     -27585.50   -10139.41   537.4   6360.8     26696.8  1434.0
C61       c     37663.99    7233.30     306.3   1976.9     21240.9  1028.0
C62       c     34431.00    -13893.14   435.9   4875.9     25497.9  1582.0
C63       c     41172.71    5251.75     338.7   1152.5     20082.5  312.0
C64       c     10549.69    16549.00    344.9   4765.6     25282.6  1616.0
F1        f     37694.22    -10149.61   0.0     0.0        86400.0  0.0
F2        f     34920.94    -3526.08    0.0     0.0        86400.0  0.0
F3        f     40368.67    -16313.42   0.0     0.0        86400.0  0.0

m numVeh /20/
m numPetrolVeh /10/
m numElectroVeh /10/

DistanceMatrix
0 70958 5102 25271 17639 29716 56173 76141 51894 36518 48677 66715 59001 69736 13111 56739 50817 68601 61163 38067 76826 42424 57293 44935 40836 74340 26910 70537 32546 60874 31526 68290 37167 75978 39917 70884 15516 13439 65833 23873 65174 72582 44269 43890 79605 53770 73609 20548 71727 33276 51929 28472 51030 84444 62805 21374 69430 47235 58046 21121 19824 8998 63866 61346 67120 40361 63923 60581 67663
70958 0 74427 90193 56996 42047 21084 13341 25632 93705 30095 12002 14197 7451 59470 17562 39577 25911 11849 32902 7091 28638 22589 46368 102542 3426 44051 19844 39699 25481 39435 13814 39478 7879 82424 5513 70317 79485 6978 70753 7186 6775 85256 72785 44866 23706 4435 86423 2538 39416 19035 94190 23973 15676 17126 85859 11307 30279 16635 56540 53503 72024 21269 9998 18479 44886 7251 13353 5240
5102 74427 0 20172 22596 33863 58717 78945 54256 31582 50771 70737 62038 73569 17932 59602 55746 70512 64997 41673 80086 45794 59639 49982 35733 77832 30482 72858 36765 62869 35141 72406 41822 79126 36137 74626 12845 8382 69049 21080 68873 76370 40422 48532 80411 58094 77250 15451 75070 37571 55404 23418 55242 87500 65385 16282 72278 49424 62079 26181 21876 13131 66122 64978 69531 41174 67306 63575 71345
25271 90193 20172 0 42618 52250 72104 92594 67279 13945 63163 88156 76784 90415 37830 73907 75606 81516 81960 58578 95129 61959 72395 70088 15614 93616 47795 85115 55231 74416 52324 90069 61152 93844 26922 91196 19910 12110 84160 22162 85396 93049 30093 67278 87315 76469 93488 4724 90446 56183 71563 4010 73363 101797 78667 4399 86201 62167 79636 46322 36871 32130 78376 81376 82166 50372 82945 78152 87784
17639 56996 22596 42618 0 15103 45922 64293 42550 52626 40555 51061 46846 54626 4887 45301 33178 60068 46198 24956 63446 29908 47702 27491 58008 60244 15684 60503 17298 52364 19154 52340 20047 62979 52031 56041 27897 30537 52834 34766 50570 57574 56387 32811 74546 37378 59045 37932 58169 17642 38479 45994 35035 71600 52128 38504 57603 38877 42491 4257 18068 15298 54295 47047 56884 37757 50402 48521 53067
29716 42047 33863 52250 15103 0 31407 49229 28548 59599 27358 37005 31798 40161 17481 30408 26072 45984 31619 9964 48396 14967 33420 24038 66682 45341 6065 45848 2984 38460 5454 38581 10465 47890 54460 41427 33901 40420 37736 38134 35822 43055 58503 40953 61916 24300 44307 47869 43137 4029 23386 56036 21380 56508 37367 47873 42558 25640 28336 15599 17455 29978 39886 32164 42204 29066 35346 33478 38324
56173 21084 58717 72104 45922 31407 0 20504 4911 74068 9362 26621 7476 25315 46862 4329 42633 14928 20448 21602 23946 16689 2756 46531 83298 24121 30558 14613 30308 8408 26772 29276 34419 22266 61776 24733 52288 62391 14112 51386 20274 26649 64429 70181 33306 27498 25383 68775 20255 30692 13142 76109 24977 29766 6673 67918 14142 10016 22892 46985 36864 59414 8498 17203 11046 24127 14890 7802 21585
76141 13341 78945 92594 64293 49229 20504 0 25316 94143 29531 25291 17452 20769 65945 19405 51761 16573 23634 39341 8704 34431 20335 57937 103528 13269 49731 10051 47408 20021 45455 27153 49056 6442 80952 18720 72790 82861 12430 71675 19544 19536 83213 83886 33178 35419 16384 89279 10803 47427 26205 96597 34816 9767 13939 88418 6733 30435 28414 64604 57180 78626 15320 20555 11301 43693 15696 15786 18289
51894 25632 54256 67279 42550 28548 4911 25316 0 69156 4501 29982 11558 29256 43124 8143 42760 17525 23443 19177 28818 14647 5399 45845 78391 28772 26953 18644 27847 9912 23556 32623 32913 27168 56964 28895 47498 57701 18712 46482 24026 30846 59682 68396 34129 28667 29832 64002 24974 28396 14253 71282 25737 34657 11389 63113 19037 5125 25089 43952 32380 55541 12006 20560 15275 19324 19051 12283 25606
36518 93705 31582 13945 52626 59599 74068 94143 69156 0 64751 93400 79724 94999 47740 76566 84573 81243 86849 64171 97857 66723 73836 79901 9990 97073 54331 85712 62543 74824 58481 95551 69387 96303 17552 95479 25731 23264 87209 22980 89757 97408 19203 79953 83846 83062 97391 17673 93585 63627 75954 14132 79724 103715 80303 15993 88149 64082 85211 56665 42604 44477 79190 85709 83159 50521 86511 80902 92006
48677 30095 50771 63163 40555 27358 9362 29531 4501 64751 0 33907 15959 33479 40672 12553 44265 19981 27231 18808 33302 15008 9234 46604 74040 33257 24873 22186 27125 12214 22066 36524 33072 31624 52463 33217 43475 53846 23196 42156 28189 35177 55189 67958 34564 31195 34261 59991 29471 27839 17227 67158 28022 38989 15603 59041 23399 1718 28384 42341 28952 52850 15413 24571 19047 14825 23412 16760 29879
66715 12002 70737 88156 51061 37005 26621 25291 29982 93400 33907 0 19232 5021 54295 22320 28633 35835 6822 29583 18527 26683 28947 36017 101599 13354 40489 30496 34235 33362 35881 2655 31804 19780 84045 7212 68682 76760 15408 70534 6810 7700 87317 62578 55436 14306 10556 84037 14516 33626 17887 92077 16052 26692 25353 83760 22065 33474 8669 49810 51386 66357 30046 9449 28297 47732 12664 19465 7084
59001 14197 62038 76784 46846 31798 7476 17452 11558 79724 15959 19232 0 17857 48523 3416 38113 18737 13345 21891 18345 16983 9715 43028 88701 17456 32371 15600 30065 14445 28030 21882 32454 17143 68228 17365 56874 66476 7485 56825 12801 19306 71067 67994 38330 22095 18305 73193 13861 30154 9349 80793 20220 25465 7577 72502 10760 16083 16475 47241 40528 61208 12092 9904 12175 30705 7506 1686 14144
69736 7451 73569 90415 54626 40161 25315 20769 29256 94999 33479 5021 17857 0 57605 21205 33596 32669 8575 31990 13584 28489 27342 40876 103463 8364 43121 26909 37521 31153 38465 6407 35855 14975 84846 2206 70734 79251 12394 72038 5363 2990 87944 67437 51975 18745 5542 86419 9984 37026 19047 94372 19972 21673 22857 86033 18342 33298 12279 53642 53545 69880 27384 9341 25120 47864 10476 17656 3763
13111 59470 17932 37830 4887 17481 46862 65945 43124 47740 40672 54295 48523 57605 0 46684 37831 60513 49082 26790 65698 31558 48418 32338 53171 62786 16320 61471 20092 52744 20493 55727 24088 65075 47474 58901 23129 25731 54887 30232 53303 60514 51847 36517 73971 40973 61788 33162 60476 20670 40631 41262 38399 73662 53276 33681 59217 39051 45649 9005 15278 12685 55059 49628 57902 36085 52660 50171 55806
56739 17562 59602 73907 45301 30408 4329 19405 8143 76566 12553 22320 3416 21205 46684 0 39178 17627 16120 20444 21330 15441 6885 43548 85615 20775 30404 15708 28938 12185 26250 24976 32148 19941 64886 20768 54008 63783 10733 53711 16066 22714 67694 67896 36773 23631 21709 70396 17088 29160 9673 77917 21341 28008 7151 69652 12693 12732 18684 45980 37927 59344 10866 12887 12078 27324 10914 4338 17516
50817 39577 55746 75606 33178 26072 42633 51761 42760 84573 44265 28633 38113 33596 37831 39178 0 56721 28148 27392 46600 29538 45368 8153 90782 41696 32086 53499 23520 51041 29496 28302 15623 47384 80507 35721 58926 63496 39596 63966 32516 36325 84570 34210 75900 16416 39126 70965 41814 22306 29553 79087 17901 55061 45670 71389 46566 42846 23347 29995 43402 47006 49967 31263 50237 52164 36213 39461 34360
68601 25911 70512 81516 60068 45984 14928 16573 17525 81243 19981 35835 18737 32669 60513 17627 56721 0 31268 36361 24421 31535 12607 61161 90959 27544 44441 6594 45085 7781 41071 38293 49338 22079 66773 31182 62318 73025 20453 59706 29041 32670 68607 85107 19757 40830 30129 78730 23809 45527 27297 85448 38828 25822 11187 77587 14641 21522 35023 61455 48813 72798 6765 27618 7560 31178 23268 17607 29140
61163 11849 64997 81960 46198 31619 20448 23634 23443 86849 27231 6822 13345 8575 49082 16120 28148 31268 0 23453 18928 20156 22940 34631 95174 14614 34559 26680 29018 27778 29905 9353 27882 19400 77263 9843 62349 70728 11775 63936 4692 11437 80514 60971 51025 11946 12926 77925 13843 28566 11093 85907 12168 27520 20265 77572 18871 26731 4848 45376 45106 61418 24995 3651 23944 40921 8422 13953 7050
38067 32902 41673 58578 24956 9964 21602 39341 19177 64171 18808 29583 21891 31990 26790 20444 27392 36361 23453 0 38947 5007 23754 28301 72118 36276 11195 35934 8724 29014 6545 31556 14360 38286 56411 32969 39138 47276 28098 41567 27203 34739 60102 49284 53131 19290 35583 54493 33764 9219 13905 62507 15795 46873 27428 54183 32647 17142 21135 25542 21827 39458 30099 23310 32285 24787 25942 23565 29673
76826 7091 80086 95129 63446 48396 23946 8704 28818 97857 33302 18527 18345 13584 65698 21330 46600 24421 18928 38947 0 34406 24731 53453 106943 5266 49953 17851 46180 26143 45411 19908 46385 2359 85697 11384 75219 84757 11048 75033 14276 11663 88271 79876 41854 30796 8393 91522 5311 45975 25067 99137 31013 8592 18419 90844 10697 33816 23725 63182 58773 78326 21475 16814 17836 48058 13050 17018 12246
42424 28638 45794 61959 29908 14967 16689 34431 14647 66723 15008 26683 16983 28489 31558 15441 29538 31535 20156 5007 34406 0 18938 31597 75021 32050 15554 30941 13634 24330 11082 28889 18287 33623 57803 29238 42246 50964 23445 43853 23438 31090 61285 53780 48767 18593 31621 58029 29309 14004 9660 65929 15063 42166 22426 57586 27720 13466 18718 30549 25095 44243 25182 19427 27291 23722 21520 18645 25839
57293 22589 59639 72395 47702 33420 2756 20335 5399 73836 9234 28947 9715 27342 48418 6885 45368 12607 22940 23754 24731 18938 0 49180 83195 25450 32184 13245 32479 5690 28606 31596 36891 22874 61051 26602 52683 62982 15640 51342 22452 28477 63554 72612 30604 30250 26973 69198 21498 32922 15896 76390 27731 29885 6485 68265 14411 10308 25555 48941 37764 60880 6643 19595 9908 23505 16867 9686 23585
44935 46368 49982 70088 27491 24038 46531 57937 45845 79901 46604 36017 43028 40876 32338 43548 8153 61161 34631 28301 53453 31597 49180 0 85499 48741 30032 58620 22137 54858 28559 35947 14247 54031 77364 42932 54587 58023 45562 60392 39200 43706 81565 26563 79746 22687 46348 65389 48468 20977 33916 73399 23187 62007 50420 65994 52315 45037 29786 23816 40376 40235 54410 37407 55188 52327 42244 44517 41238
40836 102542 35733 15614 58008 66682 83298 103528 78391 9990 74040 101599 88701 103463 53171 85615 90782 90959 95174 72118 106943 75021 83195 85499 0 105935 61788 95284 69662 84406 66145 103656 76018 105461 27276 104056 33018 27500 96175 31920 98291 105961 28340 82616 93835 90627 106106 20326 102539 70681 84433 13115 87390 113029 89635 19516 97424 73285 93249 61803 50312 47687 88704 94241 92644 60055 95312 89939 100596
74340 3426 77832 93616 60244 45341 24121 13269 28772 97073 33257 13354 17456 8364 62786 20775 41696 27544 14614 36276 5266 32050 25450 48741 105935 0 47438 21190 42949 27913 42815 14648 42454 6976 85660 6158 73738 82910 10062 74129 9938 6426 88445 75250 45918 26208 3169 89849 3997 42634 22432 97614 26778 13382 19665 89284 12971 33507 19246 59700 56929 75315 23500 13197 20352 48074 10672 16499 7604
26910 44051 30482 47795 15684 6065 30558 49731 26953 54331 24873 40489 32371 43121 16320 30404 32086 44441 34559 11195 49953 15554 32184 30032 61788 47438 0 45171 8620 36713 4660 42316 16510 49172 48527 44147 28801 36274 38998 32434 38391 45901 52531 45238 59022 28839 46777 43587 44828 9818 25019 51675 25622 57698 36955 43396 42998 23193 31896 17684 11795 28948 38813 34505 41592 23980 37017 33997 40864
70537 19844 72858 85115 60503 45848 14613 10051 18644 85712 22186 30496 15600 26909 61471 15708 53499 6594 26680 35934 17851 30941 13245 58620 95284 21190 45171 0 44547 10889 41349 32828 47800 15502 71861 25258 65567 76021 15172 63664 23825 26616 73921 83485 25067 37226 23909 82075 17597 44819 24871 89090 35681 19539 8563 81060 8574 23447 30877 61447 50988 74005 6776 23071 3651 35230 18330 14110 23564
32546 39699 36765 55231 17298 2984 30308 47408 27847 62543 27125 34235 30065 37521 20092 28938 23520 45085 29018 8724 46180 13634 32479 22137 69662 42949 8620 44547 0 37715 6436 35750 8088 45775 57147 38852 36858 43389 35677 40960 33315 40440 61149 40839 61637 21353 41799 50843 40893 1216 21328 59013 18491 54399 36007 50855 40796 25419 25576 17196 20275 32419 38805 29752 40896 30341 33150 31751 35816
60874 25481 62869 74416 52364 38460 8408 20021 9912 74824 12214 33362 14445 31153 52744 12185 51041 7781 27778 29014 26143 24330 5690 54858 84406 27913 36713 10889 37715 0 33446 35974 42441 24006 61073 30108 55008 65606 18874 52839 26651 31866 63236 78098 24914 35784 29914 71483 23923 38227 21530 78377 33354 29785 8374 70410 15449 13742 30783 53847 41111 65017 4741 24268 8722 24358 20832 13922 27409
31526 39435 35141 52324 19154 5454 26772 45455 23556 58481 22066 35881 28030 38465 20493 26250 29496 41071 29905 6545 45411 11082 28606 28559 66145 42815 4660 41349 6436 33446 0 37748 14410 44685 51833 39487 33127 40882 34498 36235 33732 41241 55714 46406 56586 24581 42125 48161 40257 7582 20416 56224 21265 53241 32992 47925 38729 20349 27317 20402 15888 33178 35170 29853 37732 23931 32438 29678 36207
68290 13814 72406 90069 52340 38581 29276 27153 32623 95551 36524 2655 21882 6407 55727 24976 28302 38293 9353 31556 19908 28889 31596 35947 103656 14648 42316 32828 35750 35974 37748 0 32789 21373 86424 8557 70693 78583 17841 72731 9355 8444 89735 62447 57829 15128 11618 85901 16352 35076 20326 93972 17333 27754 27919 85670 24330 36067 10434 50901 53383 67634 32595 12102 30740 50268 15218 22092 9273
37167 39478 41822 61152 20047 10465 34419 49056 32913 69387 33072 31804 32454 35855 24088 32148 15623 49338 27882 14360 46385 18287 36891 14247 76018 42454 16510 47800 8088 42441 14410 32789 0 46391 64884 37528 43664 49105 36758 48402 32521 38845 68949 35782 67042 17665 40762 56612 41096 6882 23126 64794 15884 54899 39284 56841 42768 31436 23581 18152 27793 35167 42738 29571 44201 38081 33779 34094 34931
75978 7879 79126 93844 62979 47890 22266 6442 27168 96303 31624 19780 17143 14975 65075 19941 47384 22079 19400 38286 2359 33623 22874 54031 105461 6976 49172 15502 45775 24006 44685 21373 46391 0 83913 12820 73941 83617 10190 73541 14876 13375 86424 80342 39533 31344 10141 90304 5573 45631 24504 97854 31296 8624 16475 89582 8612 32222 24245 62872 57670 77735 19306 16917 15593 46308 12685 15704 13114
39917 82424 36137 26922 52031 54460 61776 80952 56964 17552 52463 84045 68228 84846 47474 64886 80507 66773 77263 56411 85697 57803 61051 77364 27276 85660 48527 71861 57147 61073 51833 86424 64884 83913 0 84982 24809 29677 75609 17265 79490 86950 4394 83200 67276 75694 86440 28205 81922 58340 66170 29132 72179 90693 67506 26092 75446 52154 76489 56288 37137 48889 65676 75524 69704 37650 75468 69175 81526
70884 5513 74626 91196 56041 41427 24733 18720 28895 95479 33217 7212 17365 2206 58901 20768 35721 31182 9843 32969 11384 29238 26602 42932 104056 6158 44147 25258 38852 30108 39487 8557 37528 12820 84982 0 71444 80148 11235 72502 5801 1971 88000 69485 50314 20646 3417 87259 8001 38408 19653 95167 21661 19481 21751 86824 16688 33149 13969 55181 54333 71259 26157 9829 23670 47778 9862 16963 3477
15516 70317 12845 19910 27897 33901 52288 72790 47498 25731 43475 68682 56874 70734 23129 54008 58926 62318 62349 39138 75219 42246 52683 54587 33018 73738 28801 65567 36858 55008 33127 70693 43664 73941 24809 71444 0 11007 64252 8373 65651 73317 29200 58394 70014 57635 73667 16517 70543 37926 51792 23919 54378 81929 58886 15647 66351 42407 60272 32113 17312 24489 58801 61616 62518 31521 63067 58246 68013
13439 79485 8382 12110 30537 40420 62391 82861 57701 23264 53846 76760 66476 79251 25731 63783 63496 73025 70728 47276 84757 50964 62982 58023 27500 82910 36274 76021 43389 65606 40882 78583 49105 83617 29677 80148 11007 0 73721 17341 74353 81960 33768 56716 81019 64706 82585 7506 79911 44302 60621 15690 61679 91789 69044 7985 76313 52674 68168 34303 25999 21232 69246 70373 72872 42444 72269 67927 76782
65833 6978 69049 84160 52834 37736 14112 12430 18712 87209 23196 15408 7485 12394 54887 10733 39596 20453 11775 28098 11048 23445 15640 45562 96175 10062 38998 15172 35677 18874 34498 17841 36758 10190 75609 11235 64252 73721 0 64306 8665 13004 78383 71456 40029 23186 11333 80514 6377 35580 14360 88167 22405 18783 10517 79862 7096 23460 16339 52824 47732 67550 14990 8358 12900 38012 3392 6438 8738
23873 70753 21080 22162 34766 38134 51386 71675 46482 22980 42156 70534 56825 72038 30232 53711 63966 59706 63936 41567 75033 43853 51342 60392 31920 74129 32434 63664 40960 52839 36235 72731 48402 73541 17265 72502 8373 17341 64306 0 66786 74433 21623 66218 65230 60705 74416 20317 70678 42117 53000 25960 57285 81133 57759 18717 65519 41371 62450 39023 20686 32823 57005 62739 60900 28540 63548 58040 69029
65174 7186 68873 85396 50570 35822 20274 19544 24026 89757 28189 6810 12801 5363 53303 16066 32516 29041 4692 27203 14276 23438 22452 39200 98291 9938 38391 23825 33315 26651 33732 9355 32521 14876 79490 5801 65651 74353 8665 66786 0 7672 82581 65600 48679 16525 8486 81459 9303 32930 13867 89367 16857 22861 18564 81024 15531 27968 9449 49880 48533 65733 23245 4051 21515 42512 5864 12831 2503
72582 6775 76370 93049 57574 43055 26649 19536 30846 97408 35177 7700 19306 2990 60514 22714 36325 32670 11437 34739 11663 31090 28477 43706 105961 6426 45901 26616 40440 31866 41241 8444 38845 13375 86950 1971 73317 81960 13004 74433 7672 0 89970 70269 51621 21702 3270 89092 9096 39962 21538 97015 22961 19312 23496 88673 18082 35117 15267 56619 56180 72819 27830 11720 25204 49747 11801 18865 5432
44269 85256 40422 30093 56387 58503 64429 83213 59682 19203 55189 87317 71067 87944 51847 67694 84570 68607 80514 60102 88271 61285 63554 81565 28340 88445 52531 73921 61149 63236 55714 89735 68949 86424 4394 88000 29200 33768 78383 21623 82581 89970 0 87592 67877 79355 89342 31804 84653 62349 69431 31924 75824 92976 69965 29694 77895 54988 79914 60643 41264 53230 67898 78651 71925 40373 78390 71946 84561
43890 72785 48532 67278 32811 40953 70181 83886 68396 79953 67958 62578 67994 67437 36517 67896 34210 85107 60971 49284 79876 53780 72612 26563 82616 75250 45238 83485 40839 78098 46406 62447 35782 80342 83200 69485 58394 56716 71456 66218 65600 70269 87592 0 102414 49083 72901 62763 74806 40129 58651 69520 49124 88454 75010 64130 77937 66256 56153 28952 50831 35484 78520 63530 79913 69147 68229 69592 67708
79605 44866 80411 87315 74546 61916 33306 33178 34129 83846 34564 55436 38330 51975 73971 36773 75900 19757 51025 53131 41854 48767 30604 79746 93835 45918 59022 25067 61637 24914 56586 57829 67042 39533 67276 50314 70014 81019 40029 65230 48679 51621 67877 102414 0 60333 48798 85454 42544 62296 46349 90981 58112 40163 30874 83936 33639 36281 54732 76677 60167 85355 26239 47375 27180 39279 42968 37301 48590
53770 23706 58094 76469 37378 24300 27498 35419 28667 83062 31195 14306 22095 18745 40973 23631 16416 40830 11946 19290 30796 18593 30250 22687 90627 26208 28839 37226 21353 35784 24581 15128 17665 31344 75694 20646 57635 64706 23186 60705 16525 21702 79355 49083 60333 0 24027 72137 25781 20524 14495 80290 3552 39371 29666 72080 30151 30097 7099 35797 40464 52643 34145 14875 34064 42241 19809 23321 18635
73609 4435 77250 93488 59045 44307 25383 16384 29832 97391 34261 10556 18305 5542 61788 21709 39126 30129 12926 35583 8393 31621 26973 46348 106106 3169 46777 23909 41799 29914 42125 11618 40762 10141 86440 3417 73667 82585 11333 74416 8486 3270 89342 72901 48798 24027 0 89625 6323 41404 21965 97472 24931 16176 21561 89131 15488 34358 17264 58296 56675 74218 25673 12273 22778 48998 10976 17601 5984
20548 86423 15451 4724 37932 47869 68775 89279 64002 17673 59991 84037 73193 86419 33162 70396 70965 78730 77925 54493 91522 58029 69198 65389 20326 89849 43587 82075 50843 71483 48161 85901 56612 90304 28205 87259 16517 7506 80514 20317 81459 89092 31804 62763 85454 72137 89625 0 86759 51771 67668 8187 69078 98363 75386 2114 82810 58917 75475 41612 32950 27499 75311 77457 79035 47736 79186 74600 83868
71727 2538 75070 90446 58169 43137 20255 10803 24974 93585 29471 14516 13861 9984 60476 17088 41814 23809 13843 33764 5311 29309 21498 48468 102539 3997 44828 17597 40893 23923 40257 16352 41096 5573 81922 8001 70543 79911 6377 70678 9303 9096 84653 74806 42544 25781 6323 86759 0 40677 19862 94450 25819 13815 15668 86136 9170 29796 18683 57876 53912 73087 19540 11529 16496 44297 7823 12763 7630
33276 39416 37571 56183 17642 4029 30692 47427 28396 63627 27839 33626 30154 37026 20670 29160 22306 45527 28566 9219 45975 14004 32922 20977 70681 42634 9818 44819 1216 38227 7582 35076 6882 45631 58340 38408 37926 44302 35580 42117 32930 39962 62349 40129 62296 20524 41404 51771 40677 0 21268 59947 17767 54252 36264 51814 40852 26143 24987 17246 21431 32857 39181 29441 41169 31440 32974 31840 35426
51929 19035 55404 71563 38479 23386 13142 26205 14253 75954 17227 17887 9349 19047 40631 9673 29553 27297 11093 13905 25067 9660 15896 33916 84433 22432 25019 24871 21328 21530 20416 20326 23126 24504 66170 19653 51792 60621 14360 53000 13867 21538 69431 58651 46349 14495 21965 67668 19862 21268 0 75541 11836 33123 16522 67198 19732 16399 11216 38499 34721 53266 20532 9825 21351 30067 12040 10973 16223
28472 94190 23418 4010 45994 56036 76109 96597 71282 14132 67158 92077 80793 94372 41262 77917 79087 85448 85907 62507 99137 65929 76390 73399 13115 97614 51675 89090 59013 78377 56224 93972 64794 97854 29132 95167 23919 15690 88167 25960 89367 97015 31924 69520 90981 80290 97472 8187 94450 59947 75541 0 77210 105806 82668 8343 90209 66168 83541 49591 40836 34773 82355 85349 86153 54288 86943 82162 91759
51030 23973 55242 73363 35035 21380 24977 34816 25737 79724 28022 16052 20220 19972 38399 21341 17901 38828 12168 15795 31013 15063 27731 23187 87390 26778 25622 35681 18491 33354 21265 17333 15884 31296 72179 21661 54378 61679 22405 57285 16857 22961 75824 49124 58112 3552 24931 69078 25819 17767 11836 77210 0 39600 27770 68968 29130 26856 7700 33771 37150 50333 32081 14414 32367 38743 19126 21596 19191
84444 15676 87500 101797 71600 56508 29766 9767 34657 103715 38989 26692 25465 21673 73662 28008 55061 25822 27520 46873 8592 42166 29885 62007 113029 13382 57698 19539 54399 29785 53241 27754 54899 8624 90693 19481 81929 91789 18783 81133 22861 19312 92976 88454 40163 39371 16176 98363 13815 54252 33123 105806 39600 0 23412 97575 15624 39778 32309 71491 65919 86330 25087 25342 21067 53347 21290 23930 20770
62805 17126 65385 78667 52128 37367 6673 13939 11389 80303 15603 25353 7577 22857 53276 7151 45670 11187 20265 27428 18419 22426 6485 50420 89635 19665 36955 8563 36007 8374 32992 27919 39284 16475 67506 21751 58886 69044 10517 57759 18564 23496 69965 75010 30874 29666 21561 75386 15668 36264 16522 82668 27770 23412 0 74502 7941 16500 23859 52964 43536 65879 4736 16638 4926 29989 12701 6429 19137
21374 85859 16282 4399 38504 47873 67918 88418 63113 15993 59041 83760 72502 86033 33681 69652 71389 77587 77572 54183 90844 57586 68265 65994 19516 89284 43396 81060 50855 70410 47925 85670 56841 89582 26092 86824 15647 7985 79862 18717 81024 88673 29694 64130 83936 72080 89131 2114 86136 51814 67198 8343 68968 97575 74502 0 81993 58011 75237 42287 32493 28738 74307 77007 78067 46508 78613 73884 83416
69430 11307 72278 86201 57603 42558 14142 6733 19037 88149 23399 22065 10760 18342 59217 12693 46566 14641 18871 32647 10697 27720 14411 52315 97424 12971 42998 8574 40796 15449 38729 24330 42768 8612 75446 16688 66351 76313 7096 65519 15531 18082 77895 77937 33639 30151 15488 82810 9170 40852 19732 90209 29130 15624 7941 81993 0 24156 23397 57984 50552 71897 10804 15419 7391 37914 10467 9083 15058
47235 30279 49424 62167 38877 25640 10016 30435 5125 64082 1718 33474 16083 33298 39051 12732 42846 21522 26731 17142 33816 13466 10308 45037 73285 33507 23193 23447 25419 13742 20349 36067 31436 32222 52154 33149 42407 52674 23460 41371 27968 35117 54988 66256 36281 30097 34358 58917 29796 26143 16399 66168 26856 39778 16500 58011 24156 0 27609 40635 27569 51278 16699 24239 20206 14646 23428 17034 29764
58046 16635 62079 79636 42491 28336 22892 28414 25089 85211 28384 8669 16475 12279 45649 18684 23347 35023 4848 21135 23725 18718 25555 29786 93249 19246 31896 30877 25576 30783 27317 10434 23581 24245 76489 13969 60272 68168 16339 62450 9449 15267 79914 56153 54732 7099 17264 75475 18683 24987 11216 83541 7700 32309 23859 75237 23397 27609 0 41390 42960 57776 28514 7982 27922 41129 12947 17431 11644
21121 56540 26181 46322 4257 15599 46985 64604 43952 56665 42341 49810 47241 53642 9005 45980 29995 61455 45376 25542 63182 30549 48941 23816 61803 59700 17684 61447 17196 53847 20402 50901 18152 62872 56288 55181 32113 34303 52824 39023 49880 56619 60643 28952 76677 35797 58296 41612 57876 17246 38499 49591 33771 71491 52964 42287 57984 40635 41390 0 21902 17251 55449 46543 57803 40807 50206 48926 52355
19824 53503 21876 36871 18068 17455 36864 57180 32380 42604 28952 51386 40528 53545 15278 37927 43402 48813 45106 21827 58773 25095 37764 40376 50312 56929 11795 50988 20275 41111 15888 53383 27793 57670 37137 54333 17312 25999 47732 20686 48533 56180 41264 50831 60167 40464 56675 32950 53912 21431 34721 40836 37150 65919 43536 32493 50552 27569 42960 21902 0 25267 44261 44520 47655 21305 46278 42008 50931
8998 72024 13131 32130 15298 29978 59414 78626 55541 44477 52850 66357 61208 69880 12685 59344 47006 72798 61418 39458 78326 44243 60880 40235 47687 75315 28948 74005 32419 65017 33178 67634 35167 77735 48889 71259 24489 21232 67550 32823 65733 72819 53230 35484 85355 52643 74218 27499 73087 32857 53266 34773 50333 86330 65879 28738 71897 51278 57776 17251 25267 0 67523 62130 70460 46546 65280 62855 68234
63866 21269 66122 78376 54295 39886 8498 15320 12006 79190 15413 30046 12092 27384 55059 10866 49967 6765 24995 30099 21475 25182 6643 54410 88704 23500 38813 6776 38805 4741 35170 32595 42738 19306 65676 26157 58801 69246 14990 57005 23245 27830 67898 78520 26239 34145 25673 75311 19540 39181 20532 82355 32081 25087 4736 74307 10804 16699 28514 55449 44261 67523 0 21372 4030 28670 17383 11104 23702
61346 9998 64978 81376 47047 32164 17203 20555 20560 85709 24571 9449 9904 9341 49628 12887 31263 27618 3651 23310 16814 19427 19595 37407 94241 13197 34505 23071 29752 24268 29853 12102 29571 16917 75524 9829 61616 70373 8358 62739 4051 11720 78651 63530 47375 14875 12273 77457 11529 29441 9825 85349 14414 25342 16638 77007 15419 24239 7982 46543 44520 62130 21372 0 20297 38692 4966 10379 6412
67120 18479 69531 82166 56884 42204 11046 11301 15275 83159 19047 28297 12175 25120 57902 12078 50237 7560 23944 32285 17836 27291 9908 55188 92644 20352 41592 3651 40896 8722 37732 30740 44201 15593 69704 23670 62518 72872 12900 60900 21515 25204 71925 79913 27180 34064 22778 79035 16496 41169 21351 86153 32367 21067 4926 78067 7391 20206 27922 57803 47655 70460 4030 20297 0 32640 15789 10777 21580
40361 44886 41174 50372 37757 29066 24127 43693 19324 50521 14825 47732 30705 47864 36085 27324 52164 31178 40921 24787 48058 23722 23505 52327 60055 48074 23980 35230 30341 24358 23931 50268 38081 46308 37650 47778 31521 42444 38012 28540 42512 49747 40373 69147 39279 42241 48998 47736 44297 31440 30067 54288 38743 53347 29989 46508 37914 14646 41129 40807 21305 46546 28670 38692 32640 0 38074 31575 44375
63923 7251 67306 82945 50402 35346 14890 15696 19051 86511 23412 12664 7506 10476 52660 10914 36213 23268 8422 25942 13050 21520 16867 42244 95312 10672 37017 18330 33150 20832 32438 15218 33779 12685 75468 9862 63067 72269 3392 63548 5864 11801 78390 68229 42968 19809 10976 79186 7823 32974 12040 86943 19126 21290 12701 78613 10467 23428 12947 50206 46278 65280 17383 4966 15789 38074 0 7181 6719
60581 13353 63575 78152 48521 33478 7802 15786 12283 80902 16760 19465 1686 17656 50171 4338 39461 17607 13953 23565 17018 18645 9686 44517 89939 16499 33997 14110 31751 13922 29678 22092 34094 15704 69175 16963 58246 67927 6438 58040 12831 18865 71946 69592 37301 23321 17601 74600 12763 31840 10973 82162 21596 23930 6429 73884 9083 17034 17431 48926 42008 62855 11104 10379 10777 31575 7181 0 13899
67663 5240 71345 87784 53067 38324 21585 18289 25606 92006 29879 7084 14144 3763 55806 17516 34360 29140 7050 29673 12246 25839 23585 41238 100596 7604 40864 23564 35816 27409 36207 9273 34931 13114 81526 3477 68013 76782 8738 69029 2503 5432 84561 67708 48590 18635 5984 83868 7630 35426 16223 91759 19191 20770 19137 83416 15058 29764 11644 52355 50931 68234 23702 6412 21580 44375 6719 13899 0
