StringID  Type  x          y          demand  ReadyTime  DueDate  ServiceTime
D0        d     41477.70    -2846.44    0.0     0.0        86400.0  0.0
D1        d     -1810.86    1191.38     0.0     0.0        86400.0  0.0
C1        c     11974.10    7090.67     481.1   3759.6     24073.6  902.0
C2        c     33695.61    -4413.30    437.9   7925.3     27903.3  554.0
C3        c     -46077.91   -22270.08   244.2   5292.3     24344.3  408.0
C4        c     -60000.00   -15632.10   288.4   2163.0     20951.0  774.0
C5        c     -15032.21   -27812.55   658.8   8345.3     28621.3  554.0
C6        c     -21224.43   -18096.04   840.8   5488.7     25840.7  618.0
C7        c     17805.59    -45000.00   149.6   7068.2     27304.2  1148.0
C8        c     12138.33    8898.18     162.7   6110.6     25768.6  478.0
C9        c     -5455.74    -35288.28   290.1   4249.4     24156.4  386.0
C10       c     -29279.69   510.49      690.4   5934.1     26170.1  1148.0
C11       c     16534.34    21585.45    172.7   4122.8     22561.8  390.0
C12       c     8153.39     3785.49     146.9   0.0        18668.0  506.0
C13       c     -49902.51   -5324.03    124.1   7612.9     27270.9  912.0
C14       c     24995.28    -6680.18    178.1   4813.2     24494.2  682.0
C15       c     -17840.25   2781.84     322.1   9730.8     30219.8  1212.0
C16       c     17741.62    -10585.13   308.6   0.0        19482.0  650.0
C17       c     23287.10    -16407.59   186.7   6752.4     27014.4  600.0
C18       c     -31313.07   -15736.48   203.7   7046.9     26732.9  1624.0
C19       c     -33630.80   15516.04    184.9   1633.1     22226.1  1532.0
C20       c     4277.57     -9907.49    556.9   2073.7     21697.7  412.0
C21       c     20681.14    1914.75     175.6   3715.7     22440.7  340.0
C22       c     33592.09    -19306.77   747.2   3695.6     23563.6  1344.0
C23       c     -18010.58   -21500.01   182.8   1123.2     21716.2  1532.0
C24       c     -4632.60    6688.63     465.9   390.1      21633.1  1424.0
C25       c     10006.98    -26003.49   153.4   4717.4     24209.4  944.0
C26       c     -30582.90   -29073.92   577.2   5448.8     24914.8  658.0
C27       c     -23037.70   -37009.94   394.9   4782.5     25018.5  1148.0
C28       c     8834.67     -23031.68   171.3   4749.7     23456.7  500.0
C29       c     14725.99    -18201.65   278.4   5527.7     26037.7  838.0
C30       c     14612.58    17367.63    189.1   4765.6     24257.6  944.0
C31       c     -13252.45   -45000.00   544.8   0.0        21317.0  1378.0
C32       c     -27008.48   -12977.00   168.7   0.0        21317.0  1378.0
C33       c     -27134.28   -45000.00   568.6   2905.2     23281.2  952.0
C34       c     23814.39    -6071.89    468.0   0.0        20593.0  1532.0
C35       c     6557.23     -15410.87   281.8   2059.2     20711.2  280.0
C36       c     13770.18    -696.31     762.2   4030.7     23580.7  1238.0
C37       c     -25575.49   3919.66     689.1   4831.7     23483.7  280.0
C38       c     -24951.13   6839.03     209.9   223.1      20223.1  448.0
C39       c     -32567.45   -226.96     334.4   4837.8     24082.8  622.0
C40       c     17588.68    -1729.32    361.7   0.0        19052.0  408.0
C41       c     -37626.44   -6981.27    488.1   3188.7     24505.7  1378.0
C42       c     -46523.79   -3898.65    122.7   0.0        20593.0  1532.0
C43       c     -12637.90   -8607.08    550.9   1221.4     21457.4  1148.0
C44       c     18791.52    5659.41     555.9   3778.6     22217.6  390.0
C45       c     15205.52    -14720.25   265.3   2482.7     22490.7  692.0
C46       c     -15177.56   31256.10    576.1   2123.9     22101.9  554.0
C47       c     -25652.24   -12217.47   389.2   3681.1     24181.1  764.0
C48       c     -51670.13   -44794.05   165.7   5843.4     25516.4  846.0
C49       c     32866.81    10931.80    744.5   1155.9     20999.9  1644.0
C50       c     25439.17    3469.33     816.4   2594.8     22221.8  848.0
C51       c     26976.25    676.86      687.3   5256.0     25849.0  1532.0
C52       c     -15660.39   -27989.88   362.6   2781.1     22454.1  846.0
C53       c     8506.91     -32714.05   182.3   4009.7     23283.7  1122.0
C54       c     -41666.06   -37365.23   302.9   0.0        21243.0  1424.0
C55       c     20504.70    10964.99    203.7   5120.8     25083.8  1356.0
C56       c     19452.30    -3535.51    185.0   5353.7     26033.7  1162.0
C57       c     -23087.93   -16285.20   438.1   5182.1     24775.1  1040.0
C58       c     2303.07     -34315.99   315.0   3628.5     24824.5  1588.0
C59       c     -9769.15    -11157.89   485.4   889.6      20733.6  1644.0
C60       c     27246.62    10743.39    328.0   3967.4     22980.4  362.0
C61       c     -6509.07    10753.65    258.3   698.7      19241.7  360.0
C62       c     27540.59    21859.37    825.9   2753.1     21126.1  274.0
C63       c     21232.23    -3349.91    155.3   5840.4     26296.4  1120.0
C64       c     -23294.81   -33509.66   281.7   1329.0     21223.0  662.0
C65       c     9009.13     10463.57    270.0   1546.4     22543.4  1580.0
C66       c     38229.90    -21819.33   179.3   3847.9     24161.9  902.0
C67       c     1385.14     -19030.96   282.8   7925.8     28995.8  1236.0
C68       c     35884.96    -9778.73    146.5   10514.6    30064.6  1238.0
C69       c     -29337.76   -25811.88   296.4   4381.0     24657.0  554.0
C70       c     48572.87    -10862.67   538.7   1290.5     21197.5  386.0
C71       c     -19740.74   -34841.53   327.7   0.0        19673.0  846.0
C72       c     -6931.52    -31664.76   627.7   4355.3     23905.3  1238.0
C73       c     -10237.07   -19329.00   136.6   4507.8     24743.8  1148.0
C74       c     -7257.76    -1846.87    661.0   0.0        19907.0  386.0
C75       c     15891.89    2066.86     779.4   5038.3     25038.3  448.0
C76       c     10789.99    -18626.11   293.7   0.0        19652.0  1362.0
C77       c     -26068.80   -27371.69   449.2   2419.1     22294.1  1398.0
C78       c     17433.16    -45000.00   143.7   3666.9     22845.9  1064.0
C79       c     -12709.38   -4419.22    338.8   569.6      20119.6  1238.0
C80       c     -18579.82   -26545.79   431.4   6668.7     26273.7  324.0
C81       c     13452.97    3834.14     244.7   5875.0     25769.0  662.0
C82       c     -1165.79    -24042.23   461.8   1330.4     21592.4  600.0
C83       c     25909.99    -3257.28    303.8   157.9      19707.9  1238.0
C84       c     -24826.67   -16200.21   161.0   6077.1     27383.1  1580.0
C85       c     4178.08     -45000.00   330.2   2860.0     22467.0  1016.0
C86       c     -24373.50   -21465.01   274.7   1864.0     21533.0  248.0
C87       c     -5976.12    14073.94    364.2   3448.8     23530.8  690.0
F1        f     40492.37    -2832.93    0.0     0.0        86400.0  0.0
F2        f     38498.94    -7667.37    0.0     0.0        86400.0  0.0
F3        f     36435.68    -2592.32    0.0     0.0        86400.0  0.0

m numVeh /20/
m numPetrolVeh /10/
m numElectroVeh /10/

DistanceMatrix
0 43476 31132 7938 89684 102280 61779 64530 48346 31603 57055 70837 34915 33978 91414 16922 59584 24966 22689 73923 77321 37864 21335 18252 62344 47086 39072 76685 73003 38380 30845 33621 69082 69231 80527 17955 37112 27791 67394 67131 74091 23915 79212 88008 54421 24228 28831 66127 67781 102157 16248 17237 14923 62426 44488 90025 25112 22036 65949 50249 51916 19678 49877 28366 20252 71664 35091 19249 43236 8907 74446 10705 69075 56338 54278 48746 26053 34507 71861 48529 54210 64564 28810 47621 15573 67636 56287 68433 50380 985 5667 5048
43476 0 14994 35946 50100 60572 31875 27366 50184 15937 36661 27477 27431 10296 48531 27938 16108 22825 30653 34014 34896 12659 22504 40909 27881 6179 29652 41759 43703 26459 25486 23052 47587 28908 52678 26635 18592 15695 23921 23819 30789 19618 36736 45002 14603 21081 23297 32902 27353 67828 36020 27345 28792 32301 35441 55453 24362 21782 27534 35745 14691 30587 10654 35898 23486 40813 14249 46182 20473 39260 38560 51806 40247 33253 22183 6237 17724 23484 37474 50040 12258 32412 15491 25242 28076 28848 46578 31975 13539 42494 41272 38433
31132 14994 0 24580 65055 75476 44131 41671 52416 1815 45823 41775 15195 5052 63110 18952 30124 18593 26080 48937 46377 18659 10129 34120 41431 16612 33153 55848 56309 30286 25442 10610 57878 43845 65138 17704 23144 7991 37683 36926 45139 10455 51558 59521 29192 6966 22049 36348 42291 82113 21243 13944 16316 44658 39955 69668 9369 12994 42140 42521 28386 15703 18843 21458 13954 53780 4491 39053 28186 29263 52813 40765 52575 43121 34516 21207 6371 25744 51331 52376 27235 45442 3577 33792 17358 43552 52671 46223 19261 30196 30354 26308
7938 35946 24580 0 81748 94365 54055 56599 43586 25336 49861 63167 31152 26826 83603 8991 52036 17106 15881 65987 70214 29927 14471 14894 54456 39904 32051 68847 65431 31060 23451 28958 62060 61305 73127 10019 29282 20269 59854 59716 66395 16329 71368 80221 46523 17989 21169 60505 59859 94435 15367 11415 8430 54698 37887 82251 20261 14270 58011 43355 43985 16472 42970 26984 12509 63988 28823 17987 35463 5795 66567 16215 61492 48920 46396 41034 18946 26957 64022 43724 46405 56768 21858 40008 7871 59697 50185 60521 43768 6978 5802 3290
89684 50100 65055 81748 0 15424 31537 25202 67807 66035 42657 28304 76443 60166 17372 72763 37749 64880 69612 16146 39783 51851 71005 79725 28078 50560 56209 16923 27352 54918 60940 72488 39927 21213 29589 71745 53080 63618 33260 35968 25854 66898 17469 18377 36124 70626 61747 61805 22765 23208 85642 76008 76573 30951 55575 15727 74416 68156 23756 49858 37971 80414 51539 85832 69919 25405 64079 84309 47573 82909 17111 95336 29184 40258 35961 43865 66577 56985 20649 67456 37843 27829 65003 44947 74456 22101 55157 21719 54121 88726 85828 84828
102280 60572 75476 94365 15424 0 46588 38854 83164 76195 57978 34703 85104 70866 14430 85465 46006 77905 83291 28687 40811 64532 82567 93664 42397 59697 70771 32343 42699 69231 74770 81584 55207 33098 44075 84358 66558 75267 39589 41634 31462 78824 23988 17868 47880 81618 75211 64866 34517 30328 96591 87548 88492 46030 70604 28433 84785 80368 36918 65044 50430 91146 59645 95231 82156 40827 73778 98425 61479 96063 32308 108678 44607 55437 49900 54514 77928 70853 35905 82815 48602 42834 75989 59432 86797 35178 70578 36101 61652 101304 98820 97313
61779 31875 44131 54055 31537 46588 0 11522 37064 45672 12149 31705 58623 39192 41493 45263 30723 37026 39981 20271 47152 26334 46467 49363 6980 36034 25104 15602 12193 24341 31272 54038 17279 19066 21021 44516 24898 39558 33438 36043 32687 41767 30732 39542 19354 47586 32950 59069 18868 40382 61607 51152 50758 653 24044 28295 52598 42173 14063 18515 17466 57219 39497 65420 43744 10036 45200 53598 18618 54016 14445 65825 8460 8970 9745 27105 43001 27408 11045 36734 23508 3767 42578 14370 47741 15191 25777 11294 42854 60885 57196 57315
64530 27366 41671 56599 25202 38854 11522 0 47404 42916 23329 20275 54775 36631 31394 47609 21150 39683 44544 10361 35829 26784 46438 54830 4681 29826 32217 14425 19001 30462 35951 50418 28060 7724 27545 46616 27911 39082 22442 25212 21165 42123 19813 29011 12797 46536 36586 49721 7360 40494 61388 51406 51727 11351 33131 28092 50851 43204 2598 28577 13393 56402 32386 63043 44945 15552 41590 59571 22629 57712 11196 70171 16811 19708 11056 21427 42239 32019 10464 47098 16111 8854 41030 20921 49415 4071 37001 4612 35601 63576 60627 59708
48346 50184 52416 43586 67807 83164 37064 47404 0 54195 25207 65485 66598 49731 78477 38988 59613 34415 29113 57175 79422 37610 47003 30156 42837 56349 20535 50942 41617 23729 26975 62449 31058 55080 44940 39389 31655 44487 65384 67197 67395 43271 67217 76339 47447 50669 30391 83084 54436 69476 57924 49067 46588 37541 15408 59960 56030 41497 49968 18828 43654 56537 60825 67564 41791 42676 56157 30895 30725 39590 50899 45956 38896 28103 38018 49904 47106 27291 47283 372 50774 40798 49028 28269 42522 51448 13628 48301 63681 47883 42684 46319
31603 15937 1815 25336 66035 76195 45672 42916 54195 0 47560 42259 13427 6482 63650 20199 30596 20273 27653 49949 46245 20382 11034 35437 42814 16916 34967 57158 57835 32100 27223 8823 59579 44844 66688 18985 24942 9732 38041 37147 45628 11944 52237 60042 30336 7400 23817 35299 43290 83393 20828 14366 16963 46190 41770 70959 8618 14425 43302 44319 29702 15221 18739 20130 15255 55262 3499 40303 29928 30211 54084 41448 54124 44822 36020 22174 7795 27557 52681 54158 28192 46903 5232 35526 18369 44680 54483 47487 18839 30685 31134 26877
57055 36661 45823 49861 42657 57978 12149 23329 25207 47560 0 43002 60977 41376 53604 41781 40034 33888 34389 32417 58094 27183 45466 42192 18648 41985 18036 25884 17666 18827 26443 56351 12454 31021 23755 41356 23225 39576 44069 46420 44321 40709 42851 51690 27631 47588 29154 67251 30662 47182 60041 49565 48429 12546 14198 36270 53041 40357 25923 7819 24513 56466 46054 65989 41621 17928 47984 45715 17638 48578 25693 59293 14292 3913 16660 33490 43025 23271 22081 24864 31710 15769 43452 12037 44831 27195 13679 23430 49365 56255 51913 53141
70837 27477 41775 63167 28304 34703 31705 20275 65485 42259 43002 0 50429 37576 21432 54749 11663 48313 55222 16374 15624 35137 49981 65921 24728 25410 47397 29613 38036 44799 47819 47018 48250 13677 45561 53501 39214 43067 5034 7667 3369 46922 11216 17799 18976 48346 47020 33825 13235 50535 63014 54799 56256 31587 50316 39850 50870 48900 17901 47014 22734 57445 24968 60699 50659 34543 39561 71107 36362 65972 26322 78679 36616 39175 27500 22148 45198 44405 28066 65217 17288 29095 42862 37326 55318 17294 56486 22517 26963 69852 68270 65789
34915 27431 15195 31152 76443 85104 58623 54775 66598 13427 60977 50429 0 19674 71680 29505 39181 32193 38588 60682 50531 33794 20103 44307 55224 25883 48035 69184 70706 45277 39828 4635 72944 55593 79628 28599 38318 22453 45665 44028 53729 23339 61233 68013 41983 16085 36330 33154 54059 95174 19500 20186 23371 59112 54890 82840 11338 25290 54810 57684 42000 15241 25462 11010 25374 67984 13429 48525 43350 36853 65960 45600 67081 58191 48895 33394 19529 40620 64899 66592 39134 59579 18017 48941 26553 56022 67722 59387 23731 34209 36581 31315
33978 10296 5052 26826 60166 70866 39192 36631 49731 6482 41376 37576 19674 0 58766 19829 26013 17276 25235 44031 43400 14231 12667 34357 36386 13111 29847 50796 51353 26826 22948 15040 53275 38953 60210 18505 19263 7186 33729 33245 40918 10929 47029 55214 24204 10802 19804 36041 37402 77064 25726 17289 19078 39709 36501 64617 14286 13463 37133 38548 23335 20322 16234 26505 14899 48784 6733 39499 23799 30871 47766 42992 47646 38526 29538 16408 7927 22566 46281 49660 22418 40431 5300 29347 19102 38563 48947 41177 17478 33009 32435 28992
91414 48531 63110 83603 17372 14430 41493 31394 78477 63650 53604 21432 71680 58766 0 74910 33071 67848 74024 21307 26440 54374 70954 84657 35760 46837 63378 30615 41542 61348 65899 68389 54013 24139 45745 73721 57354 63841 26024 27758 18069 67587 12387 3667 37409 69567 65783 50437 25211 39510 84351 75853 77113 41064 64513 33083 72267 69378 28968 59716 40555 78805 46276 82075 71162 38761 60990 89663 53088 85903 29029 98631 42202 50402 42065 42786 66208 62133 32468 78155 37204 37835 64014 52208 75841 27333 67074 30204 48019 90429 88433 86381
16922 27938 18952 8991 72763 85465 45263 47609 38988 20199 41781 54749 29505 19829 74910 0 43868 8238 9876 57032 62687 20968 9617 15275 45488 32504 24455 59920 56807 22990 15434 26193 54141 52384 64699 1328 20401 12720 51670 51744 57923 8909 62622 71573 37682 13811 12668 55254 50949 85617 19291 10159 7619 45902 30816 73385 18208 6373 49033 35759 35052 17568 36006 28653 5025 55243 23441 20108 26645 11322 57603 23946 52862 40541 37434 32613 12625 18561 55097 39059 37772 47890 15613 31398 3543 50723 43609 51535 37282 15968 13540 12149
59584 16108 30124 52036 37749 46006 30723 21150 59613 30596 40034 11663 39181 26013 33071 43868 0 38010 45384 22901 20285 25499 38531 55975 24282 13773 40051 34310 40130 37120 38741 35580 48002 18232 48677 42585 30434 31801 7818 8187 15031 35715 22064 29451 12521 36745 37394 28598 16912 58377 51358 43285 44866 30849 44206 46685 39208 37824 19776 42214 16108 45784 13854 49228 39551 36699 27927 61230 29076 55174 30819 67800 37671 36133 23382 11550 33740 35749 31256 59391 8842 29337 31311 31584 44165 20227 52611 25112 16379 58602 57300 54541
24966 22825 18593 17106 64880 77905 37026 39683 34415 20273 33888 48313 32193 17276 67848 8238 38010 0 8041 49324 57623 13481 12841 18092 37381 28266 17250 51741 48592 15305 8192 28127 46314 44814 56553 7566 12181 10657 45681 46112 51364 8857 55485 64612 30444 16278 4851 53239 43425 77384 26301 16024 14564 37665 23979 65165 21727 7254 41226 28311 27517 23351 32302 33892 8033 47006 22788 23366 18408 18161 49481 30832 44646 32452 29313 26483 12786 10629 46916 34416 31069 39674 15044 23207 10974 42937 36991 43498 34214 24035 20961 20331
22689 30653 26080 15881 69612 83291 39981 44544 29113 27653 34389 55222 38588 25235 74024 9876 45384 8041 0 54604 65259 20090 18507 10705 41610 36235 16384 55339 50700 15898 8747 34871 46397 50412 57964 10349 16760 18369 52922 53547 58151 15746 61639 70923 36762 22520 8256 61248 49118 80152 28969 19993 17478 40633 22008 68251 27514 13431 46375 27587 33471 27438 40318 38503 13218 49622 30429 15893 22059 14235 53459 25887 46810 33852 33651 33838 19900 12693 50559 29186 37940 43077 22504 25617 13409 48114 34390 47928 42255 21916 17544 19072
73923 34014 48937 65987 16146 28687 20271 10361 57175 49949 32417 16374 60682 44031 21307 57032 22901 49324 54604 0 31338 36065 54909 65003 14497 34853 42576 13357 22826 40805 46105 56613 34388 5113 29560 55968 37872 47526 20476 23455 15560 50868 10794 19274 19990 54482 46530 49686 6665 35479 69500 59914 60556 19878 43288 23979 58293 52211 8243 38409 22025 64268 36290 69837 53986 19498 48087 69808 32864 67462 10267 80034 22337 29123 21380 27777 50451 42202 12762 56856 21776 16703 48857 31270 58568 6503 46000 8999 39123 72956 70277 69012
77321 34896 46377 70214 39783 40811 47152 35829 79422 46245 58094 15624 50531 43400 26440 62687 20285 57623 65259 31338 0 45644 55989 75707 40177 30312 60234 44694 53584 57352 58951 48279 63855 29252 60864 61368 50710 50097 14120 12273 15779 54045 22849 23306 31979 53341 57439 24254 28858 62950 66655 60286 62397 47071 64045 53488 54326 56398 33503 61437 35789 61064 27537 61499 58016 50103 42938 80981 49190 73975 41550 86332 52238 54211 41970 31575 51316 56026 43549 79182 28898 44674 48511 51175 62430 32916 71356 38122 27692 76361 75764 72369
37864 12659 18659 29927 51851 64532 26334 26784 37610 20382 27183 35137 33794 14231 54374 20968 25499 13481 20090 36065 45644 0 20220 30785 25123 18837 17085 39782 38479 13893 13340 29168 39227 31436 47098 19910 5957 13227 32900 33686 38096 15623 42006 51155 16965 21283 11941 45530 30019 65933 35378 25035 25045 26916 23195 53523 26438 16458 28099 24488 14102 30887 23307 39374 18179 36295 20913 35981 9571 31608 37188 44306 34621 24475 17304 14073 16682 10882 35013 37477 17852 28272 16523 15147 22632 29777 35093 30894 26082 36899 34295 32980
21335 22504 10129 14471 71005 82567 46467 46438 47003 11034 45466 49981 20103 12667 70954 9617 38531 12841 18507 54909 55989 20220 0 24840 45225 25760 29889 59902 58536 27616 20979 16602 57901 49961 66987 8579 22353 7388 46300 45897 53292 4779 58982 67456 34941 4194 17513 46333 48441 86119 15159 5006 6416 47064 36706 73689 9052 5587 47402 40625 33138 11002 28591 21091 5293 56469 14468 29517 28479 19181 57190 30679 54635 43475 37513 28191 4792 22798 55166 47027 33986 48491 7479 33927 7355 48981 49733 50760 29299 20372 20231 16387
18252 40909 34120 14894 79725 93664 49363 54830 30156 35437 42192 65921 44307 34357 84657 15275 55975 18092 10705 65003 75707 30785 24840 0 51649 46226 24517 64914 59332 25036 18898 41294 53428 60930 65938 16455 27314 27189 63563 64116 68856 23771 72277 81584 47452 29024 18950 70250 59667 88990 30247 24191 21050 50012 28443 77394 32980 21182 56760 34703 44120 30713 50117 41609 20184 58633 38608 5275 32208 9800 63265 17197 55549 42366 43829 44425 27751 22812 60204 30352 48636 52672 30677 35079 17793 58501 39055 58006 51768 17861 12631 16955
62344 27881 41431 54456 28078 42397 6980 4681 42837 42814 18648 24728 55224 36386 35760 45488 24282 37381 41610 14497 40177 25123 45225 51649 0 31202 28377 14677 16304 26889 32902 50744 23977 12394 25209 44580 25311 37984 26521 29177 25777 40721 24404 33508 13968 45739 33901 52832 12023 40934 60335 50113 50156 6902 28791 28483 50373 41547 7278 24019 13224 55568 34243 62888 43237 13121 41854 56241 19552 55155 12120 67428 13453 15036 8071 22402 41289 28944 9971 42527 17885 5078 40395 17036 47559 8634 32320 6363 37554 61409 58178 57636
47086 6179 16612 39904 50560 59697 36034 29826 56349 16916 41985 25410 25883 13111 46837 32504 13773 28266 36235 34853 30312 18837 25760 46226 31202 0 35820 44186 47416 32629 31532 22009 52402 29790 56374 31178 24771 19829 21125 20319 28778 23762 35714 43208 17264 23447 29187 26735 28271 69735 37739 30244 32175 36390 41536 57552 25498 26165 29469 41587 18571 32136 4477 35571 27745 44319 14154 51477 26414 43736 40824 56026 44193 38422 26614 8930 21038 29643 40244 56202 13734 36042 18309 30926 32121 30524 52434 34385 7507 46119 45458 42104
39072 29652 33153 32051 56209 70771 25104 32217 20535 34967 18036 47397 48035 29847 63378 24455 40051 17250 16384 42576 60234 17085 29889 24517 28377 35820 0 40706 34829 3195 9118 43615 30031 39241 41717 24247 11140 25585 46492 47966 49770 25431 51291 60699 28556 32859 12423 62553 38231 64476 43437 33269 31620 25744 6876 52907 38430 24373 34492 11333 24728 40590 40297 50973 25282 34137 36481 28531 11088 30544 39345 41432 31033 17860 21316 29692 28681 7419 36102 20396 31336 28592 30036 11344 27754 36187 19871 34679 43147 38291 33882 35307
76685 41759 55848 68847 16923 32343 15602 14425 50942 57158 25884 29613 69184 50796 30615 59920 34310 51741 55339 13357 44694 39782 59902 64914 14677 44186 40706 0 10950 39878 46595 64803 23537 16489 16295 59061 39574 52654 33371 36352 28915 55392 23188 29798 27220 60368 47985 62266 17563 26302 75009 64788 64793 14962 39259 13841 64908 56176 14823 33301 27463 70212 46538 77282 57849 8532 55953 69194 33508 69212 3492 81224 12281 23793 22559 35852 55943 42672 4824 50588 30452 12266 54974 29844 62112 14102 38236 9821 49671 75765 72322 72061
73003 43703 56309 65431 27352 42699 12193 19001 41617 57835 17666 38036 70706 51353 41542 56807 40130 48592 50700 22826 53584 38479 58536 59332 16304 47416 34829 10950 0 34803 42188 66140 12633 24359 8979 56145 36639 51706 41008 43891 37997 53807 33385 40595 30247 59752 44265 68717 24930 29672 73646 63155 62623 11653 31836 18632 64788 54092 20725 25484 29058 69346 50543 77613 55613 3510 57278 63123 30327 64911 12849 76235 3946 16970 21828 38542 55159 38500 10104 41252 34188 11374 54770 25427 59457 20886 28364 15602 53858 72140 68174 68714
38380 26459 30286 31060 54918 69231 24341 30462 23729 32100 18827 44799 45277 26826 61348 22990 37120 15305 15898 40805 57352 13893 27616 25036 26889 32629 3195 39878 34803 0 7618 40810 31152 37227 42147 22628 7954 22874 43709 45097 47267 23031 49155 58572 25868 30370 10472 59361 36143 64300 41606 31273 29853 24992 9688 52495 35944 22200 32628 13038 22070 38468 37106 48632 23261 33795 33496 29420 8456 30122 38274 41560 30920 17975 19428 26604 26072 4820 35172 23591 28471 27639 27260 10051 26126 34348 22456 33245 39952 37553 33407 34345
30845 25486 25442 23451 60940 74770 31272 35951 26975 27223 26443 47819 39828 22948 65899 15434 38741 8192 8747 46105 58951 13340 20979 18898 32902 31532 9118 46595 42188 7618 0 35569 38742 42060 49703 15157 8632 17531 45973 46918 50594 16719 53541 62898 28997 24205 3514 57795 40819 71523 34320 24174 22505 31924 15789 59559 29734 15409 37862 20347 25488 31537 35907 42061 16214 40987 29230 23781 13367 22774 44716 34633 38273 25501 24988 27400 20302 3959 41813 26935 30703 34335 22073 16931 18666 39603 28799 39235 38344 30002 26002 26739
33621 23052 10610 28958 72488 81584 54038 50418 62449 8823 56351 47018 4635 15040 68389 26193 35580 28127 34871 56613 48279 29168 16602 41294 50744 22009 43615 64803 66140 40810 35569 0 68309 51508 75050 25181 33754 18084 42378 40941 50354 19327 57635 64730 37647 12432 32093 32869 49965 90871 19356 17618 20771 54532 50452 78505 8701 21456 50536 53129 37526 14265 22133 13686 21749 63447 8892 45754 38728 34488 61613 44162 62498 53557 44319 29112 15354 36196 60470 62431 34945 55047 13583 44314 23516 51790 63234 55026 20850 32830 34602 29574
69082 47587 57878 62060 39927 55207 17279 28060 31058 59579 12454 48250 72944 53275 54013 54141 48002 46314 46397 34388 63855 39227 57901 53428 23977 52402 30031 23537 12633 31152 38742 68309 0 34853 13882 53753 35608 51895 50448 53143 48762 53137 45161 52880 36398 59943 41554 76280 35049 38418 72494 62019 60866 17180 24988 29421 65358 52810 30353 18871 34021 68902 56160 78321 54073 15260 59764 56460 29810 60457 25038 70624 12054 14757 25847 43568 55360 35688 21795 30686 40584 19208 55659 24193 57238 31039 17431 26030 59520 68312 63812 65325
69231 28908 43845 61305 21213 33098 19066 7724 55080 44844 31021 13677 55593 38953 24139 52384 18232 44814 50412 5113 29252 31436 49961 60930 12394 29790 39241 16489 24359 37227 42060 51508 34853 0 32023 51290 33654 42588 16957 19923 13909 45994 12194 21524 15020 49446 42250 45788 1554 40256 64472 54966 55685 18819 40631 28454 53205 47410 5130 36256 17335 59214 31359 64724 49192 20866 42974 65835 29032 62975 13045 75611 23041 27428 17934 22671 45462 38218 14425 54777 16664 15974 43815 28112 53804 3892 44700 8888 34265 68259 65722 64288
80527 52678 65138 73127 29589 44075 21021 27545 44940 66688 23755 45561 79628 60210 45745 64699 48677 56553 57964 29560 60864 47098 66987 65938 25209 56374 41717 16295 8979 42147 49703 75050 13882 32023 0 64118 44840 60299 48944 51885 45101 62229 39440 45445 39174 68378 52053 77188 32816 24537 82027 71507 70812 20518 37699 16415 73495 62367 28998 31316 38037 77876 59446 86368 63828 12115 66201 69353 38571 72194 19314 83048 12564 24207 30733 47511 63769 46193 17660 44567 43068 20341 63499 33371 67499 28892 31312 23696 62749 79696 75508 76417
17955 26635 17704 10019 71745 84358 44516 46616 39389 18985 41356 53501 28599 18505 73721 1328 42585 7566 10349 55968 61368 19910 8579 16455 44580 31178 24247 59061 56145 22628 15157 25181 53753 51290 64118 0 19622 11392 50390 50446 56684 7591 61448 70372 36540 12761 12203 53979 49847 84837 19263 9679 7453 45151 30727 72574 17355 5046 48001 35503 33966 17162 34679 28179 3752 54517 22195 21349 25904 12627 56699 25218 52199 40004 36541 31358 11358 18090 54240 39448 36561 47079 14335 30772 3509 49684 43600 50587 35963 16990 14771 13092
37112 18592 23144 29282 53080 66558 24898 27911 31655 24942 23225 39214 38318 19263 57354 20401 30434 12181 16760 37872 50710 5957 22353 27314 25311 24771 11140 39574 36639 7954 8632 33754 35608 33654 44840 19622 0 16387 37499 38572 41968 17575 44981 54315 20365 24365 8676 51480 32367 65221 37231 26702 25995 25531 17413 52986 29837 17530 29658 19378 16871 33348 29246 42771 18995 34910 25990 32314 6313 29864 37372 42261 32698 21122 17245 19361 19814 5315 34749 31525 22181 27493 20443 11582 22853 31394 29685 31518 32038 36191 32867 32512
27791 15695 7991 20269 63618 75267 39558 39082 44487 9732 39576 43067 22453 7186 63841 12720 31801 10657 18369 47526 50097 13227 7388 27189 37984 19829 25585 52654 51706 22874 17531 18084 51895 42588 60299 11392 16387 0 39616 39448 46340 3956 51779 60379 27568 8100 14097 43115 41071 78912 22358 12390 13277 40138 32447 66466 13466 6352 40019 35522 25759 17677 23288 26427 7920 49503 12133 32318 22126 23907 49891 36257 47842 37251 30390 21059 3484 18176 47945 44455 26740 41409 4542 27715 12407 41594 45330 43431 24659 26807 25693 22745
67394 23921 37683 59854 33260 39589 33438 22442 65384 38041 44069 5034 45665 33729 26024 51670 7818 45681 52922 20476 14120 32900 46300 63563 26521 21125 46492 33371 41008 43709 45973 42378 50448 16957 48944 50390 37499 39616 0 2985 8129 43532 16250 22360 18008 44401 44839 29247 16137 55263 58861 51017 52652 33414 50036 44310 46616 45641 20357 47320 21844 53261 20254 56064 47369 37499 35198 68801 35406 62969 29969 75608 39198 40173 27853 19204 41509 42787 31295 65137 15332 31258 39029 37117 51983 20134 57257 25413 22074 66412 65114 62352
67131 23819 36926 59716 35968 41634 36043 25212 67197 37147 46420 7667 44028 33245 27758 51744 8187 46112 53547 23455 12273 33686 45897 64116 29177 20319 47966 36352 43891 45097 46918 40941 53143 19923 51885 50446 38572 39448 2985 0 10389 43394 18753 24097 19753 43759 45578 26300 19069 58137 57963 50503 52292 36047 51806 47259 45643 45599 23199 49361 23545 52344 18853 54598 47294 40383 34153 69377 36917 63065 32944 75625 42005 42512 30021 19710 41121 43885 34229 66961 16632 33987 38521 38979 51854 23040 59463 28310 20308 66154 65087 62107
74091 30789 45139 66395 25854 31462 32687 21165 67395 45628 44321 3369 53729 40918 18069 57923 15031 51364 58151 15560 15779 38096 53292 68856 25777 28778 49770 28915 37997 47267 50594 50354 48762 13909 45101 56684 41968 46340 8129 10389 0 50179 8439 14431 21620 51695 49923 35967 13842 48489 66379 58124 59551 32506 52369 38237 54239 52125 18647 48765 25283 60812 28277 64037 53890 34550 42929 74017 38812 69116 25788 81834 36915 40565 29386 25361 48514 47100 27912 67117 20296 29805 46199 39411 58556 17750 57921 22764 30193 73106 71455 69044
23915 19618 10455 16329 66898 78824 41767 42123 43271 11944 40709 46922 23339 10929 67587 8909 35715 8857 15746 50868 54045 15623 4779 23771 40721 23762 25431 55392 53807 23031 16719 19327 53137 45994 62229 7591 17575 3956 43532 43394 50179 0 55464 64149 30999 7486 13208 46494 44495 81556 19843 9416 9691 42369 32288 69145 13025 2595 43203 35994 28937 15775 27139 25602 3988 51783 14909 28804 23704 19989 52745 32302 49899 38696 32924 24847 4158 18213 50631 43271 30417 43864 6932 29148 8460 44816 45301 46372 28373 22930 21737 18867
79212 36736 51558 71368 17469 23988 30732 19813 67217 52237 42851 11216 61233 47029 12387 62622 22064 55485 61639 10794 22849 42006 58982 72277 24404 35714 51291 23188 33385 49155 53541 57635 45161 12194 39440 61448 44981 51779 16250 18753 8439 55464 0 9416 25041 57817 53396 44340 13069 40336 72734 63926 65055 30395 52825 30651 60838 57183 17261 48390 28169 67251 35816 71264 58971 30152 49792 77294 40830 73565 20574 86287 33107 39388 30044 30800 54278 49797 23438 66910 25048 27305 52212 40255 63645 15774 56507 19632 38014 78229 76128 74192
88008 45002 59521 80221 18377 17868 39542 29011 76339 60042 51690 17799 68013 55214 3667 71573 29451 64612 70923 19274 23306 51155 67456 81584 33508 43208 60699 29798 40595 58572 62898 64730 52880 21524 45445 70372 54315 60379 22360 24097 14431 64149 9416 0 34211 66011 62671 47100 22468 41218 80764 72339 73642 39153 62118 33817 68657 65977 26508 57526 37465 75209 42613 78416 67758 37635 57360 86628 50242 82618 27849 95351 40924 48358 39431 39320 62700 59176 31135 76025 33818 35969 60473 49630 72437 24942 65269 28270 44352 87023 85106 82970
54421 14603 29192 46523 36124 47880 19354 12797 47447 30336 27631 18976 41983 24204 37409 37682 12521 30444 36762 19990 31979 16965 34941 47452 13968 17264 28556 27220 30247 25868 28997 37647 36398 15020 39174 36540 20365 27568 18008 19753 21620 30999 25041 34211 0 34516 28507 39944 13506 53226 49522 39946 40688 19617 32066 40862 38490 32488 12968 29735 3839 44331 20308 50423 34276 27087 28849 52556 17473 48537 23977 61252 27179 23753 10987 8640 30461 25480 23076 47209 4188 18897 28905 19232 38917 14360 40090 17408 23639 53443 51145 49441
24228 21081 6966 17989 70626 81618 47586 46536 50669 7400 47588 48346 16085 10802 69567 13811 36745 16278 22520 54482 53341 21283 4194 29024 45739 23447 32859 60368 59752 30370 24205 12432 59943 49446 68378 12761 24365 8100 44401 43759 51695 7486 57817 66011 34516 0 20693 42533 47904 86663 15030 6999 9582 48158 39728 74204 5575 9219 47281 43242 33144 9866 25808 18412 9334 57493 10898 33659 30209 23033 57505 34057 55902 45330 38302 27109 4617 25570 55709 50678 33074 49333 5642 35784 11410 48789 52725 50980 26158 23303 23790 19478
28831 23297 22049 21169 61747 75211 32950 36586 30391 23817 29154 47020 36330 19804 65783 12668 37394 4851 8256 46530 57439 11941 17513 18950 33901 29187 12423 47985 44265 10472 3514 32093 41554 42250 52053 12203 8676 14097 44839 45578 49923 13208 53396 62671 28507 20693 0 55109 40934 73327 31144 20871 19381 33597 19200 61214 26226 11964 38325 23462 25227 28167 33473 38603 12869 42841 25935 24094 14477 21262 45903 33590 40325 27878 25857 25891 16801 5895 43170 30362 29755 35795 18637 18839 15684 40060 32225 40150 35746 27942 24338 24450
66127 32902 36348 60505 61805 64866 59069 49721 83084 35299 67251 33825 33154 36041 50437 55254 28598 53239 61248 49686 24254 45530 46333 70250 52832 26735 62553 62266 68717 59361 57795 32869 76280 45788 77188 53979 51480 43115 29247 26300 35967 46494 44340 47100 39944 42533 55109 0 44718 84352 52166 49212 52077 59248 68214 73556 41048 49089 48195 67862 42757 47123 22260 43739 50232 65272 31896 75295 52944 65508 58799 76408 66255 63459 50826 34037 42630 56237 59631 82936 35761 57902 39644 57046 53660 48427 78674 53517 19491 65278 66304 61722
67781 27353 42291 59859 22765 34517 18868 7360 54436 43290 30662 13235 54059 37402 25211 50949 16912 43425 49118 6665 28858 30019 48441 59667 12023 28271 38231 17563 24930 36143 40819 49965 35049 1554 32816 49847 32367 41071 16137 19069 13842 44495 13069 22468 13506 47904 40934 44718 0 41691 62931 53445 54185 18671 39837 29814 51652 45933 4809 35635 15918 57667 29902 63172 47716 21422 41423 64600 27883 61586 14085 74237 23384 26994 16976 21116 43931 37001 15160 54139 15111 15979 42271 27192 52335 4067 44323 9336 32839 66807 64312 62830
102157 67828 82113 94435 23208 30328 40382 40494 69476 83393 47182 50535 95174 77064 39510 85617 58377 77384 80152 35479 62950 65933 86119 88990 40934 69735 64476 26302 29672 64300 71523 90871 38418 40256 24537 84837 65221 78912 55263 58137 48489 81556 40336 41218 53226 86663 73327 84352 41691 0 101251 90968 90845 39738 61378 12461 91205 82223 40370 54981 53732 96500 71590 103523 83859 30537 82069 92789 58980 94297 29310 105830 33445 46625 48633 61781 82223 67720 30967 69104 56108 37788 81276 54602 88000 39220 55849 35908 74521 101265 97513 97691
16248 36020 21243 15367 85642 96591 61607 61388 57924 20828 60041 63014 19500 25726 84351 19291 51358 26301 28969 69500 66655 35378 15159 30247 60335 37739 43437 75009 73646 41606 34320 19356 72494 64472 82027 19263 37231 22358 58861 57963 66379 19843 72734 80764 49522 15030 31144 52166 62931 101251 0 10529 11826 62208 49984 88813 12362 19729 62223 54603 48019 5623 39376 12157 18421 71618 23862 33187 43461 20929 72246 26864 69733 58296 52666 42110 19150 36892 70289 58022 48092 63650 20671 48800 15803 63755 62860 65772 38970 15736 19433 13987
17237 27345 13944 11415 76008 87548 51152 51406 49067 14366 49565 54799 20186 17289 75853 10159 43285 16024 19993 59914 60286 25035 5006 24191 50113 30244 33269 64788 63155 31273 24174 17618 62019 54966 71507 9679 26702 12390 51017 50503 58124 9416 63926 72339 39946 6999 20871 49212 53445 90968 10529 0 3188 51758 39949 78553 8974 9215 52394 44306 38126 7495 32768 18510 8013 61176 17857 28339 32937 16871 62112 27213 59236 47773 42339 33126 9650 26511 60035 49126 38956 53278 11992 38272 6743 53977 52927 55705 33157 16319 17163 12557
14923 28792 16316 8430 76573 88492 50758 51727 46588 16963 48429 56256 23371 19078 77113 7619 44866 14564 17478 60556 62397 25045 6416 21050 50156 32175 31620 64793 62623 29853 22505 20771 60866 55685 70812 7453 25995 13277 52652 52292 59551 9691 65055 73642 40688 9582 19381 52077 54185 90845 11826 3188 0 51378 38158 78479 12154 8623 52860 42817 38604 10070 34969 21190 7015 60794 20460 25154 32300 13736 62233 24486 58686 46858 42250 34327 11171 25191 60004 46663 40011 53070 13887 37457 4076 54483 51050 55920 35572 13964 14227 10008
62426 32301 44658 54698 30951 46030 653 11351 37541 46190 12546 31587 59112 39709 41064 45902 30849 37665 40633 19878 47071 26916 47064 50012 6902 36390 25744 14962 11653 24992 31924 54532 17180 18819 20518 45151 25531 40138 33414 36047 32506 42369 30395 39153 19617 48158 33597 59248 18671 39738 62208 51758 51378 0 24625 27644 53154 42789 13862 19045 17833 57804 39810 65964 44364 9421 45686 54242 19256 54668 13850 66477 7975 9471 10219 27460 43577 28059 10427 37209 23755 3257 43132 15023 48371 14934 26133 10885 43164 61531 57847 57957
44488 35441 39955 37887 55575 70604 24044 33131 15408 41770 14198 50316 54890 36501 64513 30816 44206 23979 22008 43288 64045 23195 36706 28443 28791 41536 6876 39259 31836 9688 15789 50452 24988 40631 37699 30727 17413 32447 50036 51806 52369 32288 52825 62118 32066 39728 19200 68214 39837 61378 49984 39949 38158 24625 0 50388 45297 31164 35611 6407 28261 47326 45988 57797 32003 31812 43181 31657 15426 35715 38469 45637 28328 15474 23033 34660 35556 14272 34986 15186 35366 27780 36881 12991 34214 37200 13026 34751 48978 43772 39075 41077
90025 55453 69668 82251 15727 28433 28295 28092 59960 70959 36270 39850 82840 64617 33083 73385 46685 65165 68251 23979 53488 53523 73689 77394 28483 57552 52907 13841 18632 52495 59559 78505 29421 28454 16415 72574 52986 66466 44310 47259 38237 69145 30651 33817 40862 74204 61214 73556 29814 12461 88813 78553 78479 27644 50388 0 78747 69856 28098 44075 41282 84044 59594 91088 71507 18771 69682 81394 46793 82311 16896 94050 22070 35199 36237 49452 69770 55703 18524 59590 43863 25496 68815 42635 75696 27047 46476 23491 62608 89121 85489 85493
25112 24362 9369 20261 74416 84785 52598 50851 56030 8618 53041 50870 11338 14286 72267 18208 39208 21727 27514 58293 54326 26438 9052 32980 50373 25498 38430 64908 64788 35944 29734 8701 65358 53205 73495 17355 29837 13466 46616 45643 54239 13025 60838 68657 38490 5575 26226 41048 51652 91205 12362 8974 12154 53154 45297 78747 0 14539 51409 48802 37496 6746 27015 12969 14333 62421 11507 37269 35571 25824 61942 35557 60975 50696 43160 30576 10023 31145 60322 56049 36604 54172 10029 41172 15215 52848 58298 55369 26663 24288 25903 20919
22036 21782 12994 14270 68156 80368 42173 43204 41497 14425 40357 48900 25290 13463 69378 6373 37824 7254 13431 52211 56398 16458 5587 21182 41547 26165 24373 56176 54092 22200 15409 21456 52810 47410 62367 5046 17530 6352 45641 45599 52125 2595 57183 65977 32488 9219 11964 49089 45933 82223 19729 9215 8623 42789 31164 69856 14539 0 44410 35235 30199 16268 29634 26652 1790 52209 17465 26209 23802 17579 53635 30028 50161 38566 33629 26763 6638 17400 51384 41514 32174 44451 9503 29080 6464 46055 44188 47352 30931 21052 19490 17010
65949 27534 42140 58011 23756 36918 14063 2598 49968 43302 25923 17901 54810 37133 28968 49033 19776 41226 46375 8243 33503 28099 47402 56760 7278 29469 34492 14823 20725 32628 37862 50536 30353 5130 28998 48001 29658 40019 20357 23199 18647 43203 17261 26508 12968 47281 38325 48195 4809 40370 62223 52394 52860 13862 35611 28098 51409 44410 0 31142 14272 57132 31717 63390 46169 17226 41782 61567 24627 59331 11394 71866 18856 22306 13206 21426 43084 33959 11480 49664 15764 11207 41714 23254 50700 1741 39598 5337 34850 64988 62187 61078
50249 35745 42521 43355 49858 65044 18515 28577 18828 44319 7819 47014 57684 38548 59716 35759 42214 28311 27587 38409 61437 24488 40625 34703 24019 41587 11333 33301 25484 13038 20347 53129 18871 36256 31316 35503 19378 35522 47320 49361 48765 35994 48390 57526 29735 43242 23462 67862 35635 54981 54603 44306 42817 19045 6407 44075 48802 35235 31142 0 26116 51503 45923 61584 36293 25611 45279 38038 15313 41591 32764 51874 22050 9608 19541 33847 38838 17838 29209 18522 33454 22282 39746 10844 39012 32622 10847 29611 49093 49493 44948 46599
51916 14691 28386 43985 37971 50430 17466 13393 43654 29702 24513 22734 42000 23335 40555 35052 16108 27517 33471 22025 35789 14102 33138 44120 13224 18571 24728 27463 29058 22070 25488 37526 34021 17335 38037 33966 16871 25759 21844 23545 25283 28937 28169 37465 3839 33144 25227 42757 15918 53732 48019 38126 38604 17833 28261 41282 37496 30199 14272 26116 0 43010 22153 49821 31970 26126 28638 49169 13653 45675 24447 58343 25697 20702 8184 9644 28868 21874 22991 43420 7352 17732 27641 15493 36543 15879 36603 17875 25515 50946 48394 46992
19678 30587 15703 16472 80414 91146 57219 56402 56537 15221 56466 57445 15241 20322 78805 17568 45784 23351 27438 64268 61064 30887 11002 30713 55568 32136 40590 70212 69346 38468 31537 14265 68902 59214 77876 17162 33348 17677 53261 52344 60812 15775 67251 75209 44331 9866 28167 47123 57667 96500 5623 7495 10070 57804 47326 84044 6746 16268 57132 51503 43010 0 33756 11120 15323 67177 18240 34365 39438 22266 67365 30358 65466 54466 48056 36730 14290 33666 65538 56601 42736 59081 15427 44914 14064 58631 60328 60844 33389 18968 21577 16195
49877 10654 18843 42970 51539 59645 39497 32386 60825 18739 46054 24968 25462 16234 46276 36006 13854 32302 40318 36290 27537 23307 28591 50117 34243 4477 40297 46538 50543 37106 35907 22133 56160 31359 59446 34679 29246 23288 20254 18853 28277 27139 35816 42613 20308 25808 33473 22260 29902 71590 39376 32768 34969 39810 45988 59594 27015 29634 31717 45923 22153 33756 0 35815 31121 47339 15521 55341 30813 47104 43107 59172 47476 42421 30313 12623 24026 34094 42850 60677 16391 39204 21127 35204 35317 32589 56769 36840 3363 48926 48632 44971
28366 35898 21458 26984 85832 95231 65420 63043 67564 20130 65989 60699 11010 26505 82075 28653 49228 33892 38503 69837 61499 39374 21091 41609 62888 35571 50973 77282 77613 48632 42061 13686 78321 64724 86368 28179 42771 26427 56064 54598 64037 25602 71264 78416 50423 18412 38603 43739 63172 103523 12157 18510 21190 65964 57797 91088 12969 26652 63390 61584 49821 11120 35815 0 25987 75166 21755 44968 48540 32720 74214 38898 73828 63664 55889 42106 22966 43814 72785 67619 48069 66859 22877 54139 25170 64737 70824 67617 34409 27883 31495 26019
20252 23486 13954 12509 69919 82156 43744 44945 41791 15255 41621 50659 25374 14899 71162 5025 39551 8033 13218 53986 58016 18179 5293 20184 43237 27745 25282 57849 55613 23261 16214 21749 54073 49192 63828 3752 18995 7920 47369 47294 53890 3988 58971 67758 34276 9334 12869 50232 47716 83859 18421 8013 7015 44364 32003 71507 14333 1790 46169 36293 31970 15323 31121 25987 0 53780 18445 25101 25294 16001 55334 28354 51677 39937 35294 28530 7607 18504 53051 41823 33958 46077 10589 30493 4679 47818 45006 49072 32309 19267 17798 15222
71664 40813 53780 63988 25405 40827 10036 15552 42676 55262 17928 34543 67984 48784 38761 55243 36699 47006 49622 19498 50103 36295 56469 58633 13121 44319 34137 8532 3510 33795 40987 63447 15260 20866 12115 54517 34910 49503 37499 40383 34550 51783 30152 37635 27087 57493 42841 65272 21422 30537 71618 61176 60794 9421 31812 18771 62421 52209 17226 25611 26126 67177 47339 75166 53780 0 54564 62626 28614 63761 9786 75352 3795 16467 19277 35493 52927 37193 6736 42318 30957 8410 52392 24069 57761 17377 29779 12093 50637 70780 66980 67258
35091 14249 4491 28823 64079 73778 45200 41590 56157 3499 47984 39561 13429 6733 60990 23441 27927 22788 30429 48087 42938 20913 14468 38608 41854 14154 36481 55953 57278 33496 29230 8892 59764 42974 66201 22195 25990 12133 35198 34153 42929 14909 49792 57360 28849 10898 25935 31896 41423 82069 23862 17857 20460 45686 43181 69682 11507 17465 41782 45279 28638 18240 15521 21755 18445 54564 0 43544 30464 33646 52786 44946 53657 45043 35468 20400 10857 29144 51594 56100 26329 46161 7981 35975 21769 43079 55674 46193 15414 34176 34618 30376
19249 46182 39053 17987 84309 98425 53598 59571 30895 40303 45715 71107 48525 39499 89663 20108 61230 23366 15893 69808 80981 35981 29517 5275 56241 51477 28531 69194 63123 29420 23781 45754 56460 65835 69353 21349 32314 32318 68801 69377 74017 28804 77294 86628 52556 33659 24094 75295 64600 92789 33187 28339 25154 54242 31657 81394 37269 26209 61567 38038 49169 34365 55341 44968 25101 62626 43544 0 36950 12267 67686 15067 59415 46222 48531 49679 32704 27625 64538 31142 53829 57006 35665 39458 22278 63306 41193 62604 56943 19121 14155 19311
43236 20473 28186 35463 47573 61479 18618 22629 30725 29928 17638 36362 43350 23799 53088 26645 29076 18408 22059 32864 49190 9571 28479 32208 19552 26414 11088 33508 30327 8456 13367 38728 29810 29032 38571 25904 6313 22126 35406 36917 38812 23704 40830 50242 17473 30209 14477 52944 27883 58980 43461 32937 32300 19256 15426 46793 35571 23802 24627 15313 13653 39438 30813 48540 25294 28614 30464 36950 0 35719 31462 47889 26387 15125 11626 19235 25604 9414 28693 30528 20302 21332 25854 5623 29160 26364 26119 25873 33913 42329 38815 38714
8907 39260 29263 5795 82909 96063 54016 57712 39590 30211 48578 65972 36853 30871 85903 11322 55174 18161 14235 67462 73975 31608 19181 9800 55155 43736 30544 69212 64911 30122 22774 34488 60457 62975 72194 12627 29864 23907 62969 63065 69116 19989 73565 82618 48537 23033 21262 65508 61586 94297 20929 16871 13736 54668 35715 82311 25824 17579 59331 41591 45675 22266 47104 32720 16001 63761 33646 12267 35719 0 67164 12734 61011 48086 47100 43866 23239 26609 64403 39762 48889 56987 26239 39701 11918 61050 47391 61381 48180 8335 3360 7207
74446 38560 52813 66567 17111 32308 14445 11196 50899 54084 25693 26322 65960 47766 29029 57603 30819 49481 53459 10267 41550 37188 57190 63265 12120 40824 39345 3492 12849 38274 44716 61613 25038 13045 19314 56699 37372 49891 29969 32944 25788 52745 20574 27849 23977 57505 45903 58799 14085 29310 72246 62112 62233 13850 38469 16896 61942 53635 11394 32764 24447 67365 43107 74214 55334 9786 52786 67686 31462 67164 0 79332 13177 23158 20171 32586 53131 40766 3622 50554 27095 10783 52057 28228 59674 10618 38620 6598 46224 73514 70221 69752
10705 51806 40765 16215 95336 108678 65825 70171 45956 41448 59293 78679 45600 42992 98631 23946 67800 30832 25887 80034 86332 44306 30679 17197 67428 56026 41432 81224 76235 41560 34633 44162 70624 75611 83048 25218 42261 36257 75608 75625 81834 32302 86287 95351 61252 34057 33590 76408 74237 105830 26864 27213 24486 66477 45637 94050 35557 30028 71866 51874 58343 30358 59172 38898 28354 75352 44946 15067 47889 12734 79332 0 72400 59274 59416 56554 35146 38572 76446 46206 61620 68960 38071 51455 23905 73593 56002 73713 59979 11392 10569 14687
69075 40247 52575 61492 29184 44607 8460 16811 38896 54124 14292 36616 67081 47646 42202 52862 37671 44646 46810 22337 52238 34621 54635 55549 13453 44193 31033 12281 3946 30920 38273 62498 12054 23041 12564 52199 32698 47842 39198 42005 36915 49899 33107 40924 27179 55902 40325 66255 23384 33445 69733 59236 58686 7975 28328 22070 60975 50161 18856 22050 25697 65466 47476 73828 51677 3795 53657 59415 26387 61011 13177 72400 0 13197 18192 35277 51302 34570 9790 38537 31224 8377 50967 21486 55512 19323 25987 14156 50815 68210 64267 64775
56338 33253 43121 48920 40258 55437 8970 19708 28103 44822 3913 39175 58191 38526 50402 40541 36133 32452 33852 29123 54211 24475 43475 42366 15036 38422 17860 23793 16970 17975 25501 53557 14757 27428 24207 40004 21122 37251 40173 42512 40565 38696 39388 48358 23753 45330 27878 63459 26994 46625 58296 47773 46858 9471 15474 35199 50696 38566 22306 9608 20702 54466 42421 63664 39937 16467 45043 46222 15125 48086 23158 59274 13197 0 12771 29820 40728 22001 19613 27775 27851 12723 40935 9558 43423 23651 17357 20205 45749 55500 51379 52210
54278 22183 34516 46396 35961 49900 9745 11056 38018 36020 16660 27500 48895 29538 42065 37434 23382 29313 33651 21380 41970 17304 37513 43829 8071 26614 21316 22559 21828 19428 24988 44319 25847 17934 30733 36541 17245 30390 27853 30021 29386 32924 30044 39431 10987 38302 25857 50826 16976 48633 52666 42339 42250 10219 23033 36237 43160 33629 13206 19541 8184 48056 30313 55889 35294 19277 35468 48531 11626 47100 20171 59416 18192 12771 0 17734 33771 21039 17757 37744 15113 11031 33132 10223 39559 14921 29441 14297 33674 53344 50112 49583
48746 6237 21207 41034 43865 54514 27105 21427 49904 22174 33490 22148 33394 16408 42786 32613 11550 26483 33838 27777 31575 14073 28191 44425 22402 8930 29692 35852 38542 26604 27400 29112 43568 22671 47511 31358 19361 21059 19204 19710 25361 24847 30800 39320 8640 27109 25891 34037 21116 61781 42110 33126 34327 27460 34660 49452 30576 26763 21426 33847 9644 36730 12623 42106 28530 35493 20400 49679 19235 43866 32586 56554 35277 29820 17734 0 23478 24643 31708 49718 6028 27170 21476 23016 33198 22687 44643 26035 15972 47760 46125 43700
26053 17724 6371 18946 66577 77928 43001 42239 47106 7795 43025 45198 19529 7927 66208 12625 33740 12786 19900 50451 51316 16682 4792 27751 41289 21038 28681 55943 55159 26072 20302 15354 55360 45462 63769 11358 19814 3484 41509 41121 48514 4158 54278 62700 30461 4617 16801 42630 43931 82223 19150 9650 11171 43577 35556 69770 10023 6638 43084 38838 28868 14290 24026 22966 7607 52927 10857 32704 25604 23239 53131 35146 51302 40728 33771 23478 0 21313 51257 47092 29327 44799 3012 31187 11345 44628 48503 46637 24948 25084 24614 21065
34507 23484 25744 26957 56985 70853 27408 32019 27291 27557 23271 44405 40620 22566 62133 18561 35749 10629 12693 42202 56026 10882 22798 22812 28944 29643 7419 42672 38500 4820 3959 36196 35688 38218 46193 18090 5315 18176 42787 43885 47100 18213 49797 59176 25480 25570 5895 56237 37001 67720 36892 26511 25191 28059 14272 55703 31145 17400 33959 17838 21874 33666 34094 43814 18504 37193 29144 27625 9414 26609 40766 38572 34570 22001 21039 24643 21313 0 37882 27198 27460 30419 22618 13125 21560 35699 27190 35278 36748 33640 29797 30245
71861 37474 51331 64022 20649 35905 11045 10464 47283 52681 22081 28066 64899 46281 32468 55097 31256 46916 50559 12762 43549 35013 55166 60204 9971 40244 36102 4824 10104 35172 41813 60470 21795 14425 17660 54240 34749 47945 31295 34229 27912 50631 23438 31135 23076 55709 43170 59631 15160 30967 70289 60035 60004 10427 34986 18524 60322 51384 11480 29209 22991 65538 42850 72785 53051 6736 51594 64538 28693 64403 3622 76446 9790 19613 17757 31708 51257 37882 0 46938 26557 7534 50356 25125 57300 11240 35009 6145 46059 70940 67507 67237
48529 50040 52376 43724 67456 82815 36734 47098 372 54158 24864 65217 66592 49660 78155 39059 59391 34416 29186 56856 79182 37477 47027 30352 42527 56202 20396 50588 41252 23591 26935 62431 30686 54777 44567 39448 31525 44455 65137 66961 67117 43271 66910 76025 47209 50678 30362 82936 54139 69104 58022 49126 46663 37209 15186 59590 56049 41514 49664 18522 43420 56601 60677 67619 41823 42318 56100 31142 30528 39762 50554 46206 38537 27775 37744 49718 47092 27198 46938 0 50551 40466 48996 28021 42595 51140 13255 47976 63543 48060 42866 46470
54210 12258 27235 46405 37843 48602 23508 16111 50774 28192 31710 17288 39134 22418 37204 37772 8842 31069 37940 21776 28898 17852 33986 48636 17885 13734 31336 30452 34188 28471 30703 34945 40584 16664 43068 36561 22181 26740 15332 16632 20296 30417 25048 33818 4188 33074 29755 35761 15111 56108 48092 38956 40011 23755 35366 43863 36604 32174 15764 33454 7352 42736 16391 48069 33958 30957 26329 53829 20302 48889 27095 61620 31224 27851 15113 6028 29327 27460 26557 50551 0 22892 27433 22767 38637 16900 43954 20655 19681 53225 51311 49179
64564 32412 45442 56768 27829 42834 3767 8854 40798 46903 15769 29095 59579 40431 37835 47890 29337 39674 43077 16703 44674 28272 48491 52672 5078 36042 28592 12266 11374 27639 34335 55047 19208 15974 20341 47079 27493 41409 31258 33987 29805 43864 27305 35969 18897 49333 35795 57902 15979 37788 63650 53278 53070 3257 27780 25496 54172 44451 11207 22282 17732 59081 39204 66859 46077 8410 46161 57006 21332 56987 10783 68960 8377 12723 11031 27170 44799 30419 7534 40466 22892 0 44148 17593 50217 12085 29300 7706 42530 63654 60120 60004
28810 15491 3577 21858 65003 75989 42578 41030 49028 5232 43452 42862 18017 5300 64014 15613 31311 15044 22504 48857 48511 16523 7479 30677 40395 18309 30036 54974 54770 27260 22073 13583 55659 43815 63499 14335 20443 4542 39029 38521 46199 6932 52212 60473 28905 5642 18637 39644 42271 81276 20671 11992 13887 43132 36881 68815 10029 9503 41714 39746 27641 15427 21127 22877 10589 52392 7981 35665 25854 26239 52057 38071 50967 40935 33132 21476 3012 22618 50356 48996 27433 44148 0 31477 14334 43205 49707 45507 21962 27849 27561 23864
47621 25242 33792 40008 44947 59432 14370 20921 28269 35526 12037 37326 48941 29347 52208 31398 31584 23207 25617 31270 51175 15147 33927 35079 17036 30926 11344 29844 25427 10051 16931 44314 24193 28112 33371 30772 11582 27715 37117 38979 39411 29148 40255 49630 19232 35784 18839 57046 27192 54602 48800 38272 37457 15023 12991 42635 41172 29080 23254 10844 15493 44914 35204 54139 30493 24069 35975 39458 5623 39701 28228 51455 21486 9558 10223 23016 31187 13125 25125 28021 22767 17593 31477 0 34134 24927 21628 23350 38419 46747 42912 43289
15573 28076 17358 7871 74456 86797 47741 49415 42522 18369 44831 55318 26553 19102 75841 3543 44165 10974 13409 58568 62430 22632 7355 17793 47559 32121 27754 62112 59457 26126 18666 23516 57238 53804 67499 3509 22853 12407 51983 51854 58556 8460 63645 72437 38917 11410 15684 53660 52335 88000 15803 6743 4076 48371 34214 75696 15215 6464 50700 39012 36543 14064 35317 25170 4679 57761 21769 22278 29160 11918 59674 23905 55512 43423 39559 33198 11345 21560 57300 42595 38637 50217 14334 34134 0 52362 47061 53479 36292 14589 13339 10547
67636 28848 43552 59697 22101 35178 15191 4071 51448 44680 27195 17294 56022 38563 27333 50723 20227 42937 48114 6503 32916 29777 48981 58501 8634 30524 36187 14102 20886 34348 39603 51790 31039 3892 28892 49684 31394 41594 20134 23040 17750 44816 15774 24942 14360 48789 40060 48427 4067 39220 63755 53977 54483 14934 37200 27047 52848 46055 1741 32622 15879 58631 32589 64737 47818 17377 43079 63306 26364 61050 10618 73593 19323 23651 14921 22687 44628 35699 11240 51140 16900 12085 43205 24927 52362 0 40874 5284 35663 66673 63898 62755
56287 46578 52671 50185 55157 70578 25777 37001 13628 54483 13679 56486 67722 48947 67074 43609 52611 36991 34390 46000 71356 35093 49733 39055 32320 52434 19871 38236 28364 22456 28799 63234 17431 44700 31312 43600 29685 45330 57257 59463 57921 45301 56507 65269 40090 52725 32225 78674 44323 55849 62860 52927 51050 26133 13026 46476 58298 44188 39598 10847 36603 60328 56769 70824 45006 29779 55674 41193 26119 47391 38620 56002 25987 17357 29441 44643 48503 27190 35009 13255 43954 29300 49707 21628 47061 40874 0 37001 59940 55649 50711 53282
68433 31975 46223 60521 21719 36101 11294 4612 48301 47487 23430 22517 59387 41177 30204 51535 25112 43498 47928 8999 38122 30894 50760 58006 6363 34385 34679 9821 15602 33245 39235 55026 26030 8888 23696 50587 31518 43431 25413 28310 22764 46372 19632 28270 17408 50980 40150 53517 9336 35908 65772 55705 55920 10885 34751 23491 55369 47352 5337 29611 17875 60844 36840 67617 49072 12093 46193 62604 25873 61381 6598 73713 14156 20205 14297 26035 46637 35278 6145 47976 20655 7706 45507 23350 53479 5284 37001 0 40019 67489 64369 63671
50380 13539 19261 43768 54121 61652 42854 35601 63681 18839 49365 26963 23731 17478 48019 37282 16379 34214 42255 39123 27692 26082 29299 51768 37554 7507 43147 49671 53858 39952 38344 20850 59520 34265 62749 35963 32038 24659 22074 20308 30193 28373 38014 44352 23639 26158 35746 19491 32839 74521 38970 33157 35572 43164 48978 62608 26663 30931 34850 49093 25515 33389 3363 34409 32309 50637 15414 56943 33913 48180 46224 59979 50815 45749 33674 15972 24948 36748 46059 63543 19681 42530 21962 38419 36292 35663 59940 40019 0 49449 49505 45569
985 42494 30196 6978 88726 101304 60885 63576 47883 30685 56255 69852 34209 33009 90429 15968 58602 24035 21916 72956 76361 36899 20372 17861 61409 46119 38291 75765 72140 37553 30002 32830 68312 68259 79696 16990 36191 26807 66412 66154 73106 22930 78229 87023 53443 23303 27942 65278 66807 101265 15736 16319 13964 61531 43772 89121 24288 21052 64988 49493 50946 18968 48926 27883 19267 70780 34176 19121 42329 8335 73514 11392 68210 55500 53344 47760 25084 33640 70940 48060 53225 63654 27849 46747 14589 66673 55649 67489 49449 0 5229 4064
5667 41272 30354 5802 85828 98820 57196 60627 42684 31134 51913 68270 36581 32435 88433 13540 57300 20961 17544 70277 75764 34295 20231 12631 58178 45458 33882 72322 68174 33407 26002 34602 63812 65722 75508 14771 32867 25693 65114 65087 71455 21737 76128 85106 51145 23790 24338 66304 64312 97513 19433 17163 14227 57847 39075 85489 25903 19490 62187 44948 48394 21577 48632 31495 17798 66980 34618 14155 38815 3360 70221 10569 64267 51379 50112 46125 24614 29797 67507 42866 51311 60120 27561 42912 13339 63898 50711 64369 49505 5229 0 5478
5048 38433 26308 3290 84828 97313 57315 59708 46319 26877 53141 65789 31315 28992 86381 12149 54541 20331 19072 69012 72369 32980 16387 16955 57636 42104 35307 72061 68714 34345 26739 29574 65325 64288 76417 13092 32512 22745 62352 62107 69044 18867 74192 82970 49441 19478 24450 61722 62830 97691 13987 12557 10008 57957 41077 85493 20919 17010 61078 46599 46992 16195 44971 26019 15222 67258 30376 19311 38714 7207 69752 14687 64775 52210 49583 43700 21065 30245 67237 46470 49179 60004 23864 43289 10547 62755 53282 63671 45569 4064 5478 0
