StringID  Type  x          y          demand  ReadyTime  DueDate  ServiceTime
D0        d     27347.09    23976.04    0.0     0.0        86400.0  0.0
D1        d     -6006.07    -48347.78   0.0     0.0        86400.0  0.0
C001      c     28701.59    -54161.35   561.0   1496.0     20780.0  1122.0
C002      c     -30580.26   -43867.74   605.0   2654.0     22842.0  1210.0
C003      c     46953.86    6121.25     365.0   4649.0     24733.0  730.0
C004      c     -21847.33   -58533.21   263.0   2787.0     22861.0  526.0
C005      c     49833.33    -49253.02   753.0   2889.0     22820.0  1506.0
C006      c     -18067.24   -51640.71   663.0   4991.0     26010.0  1326.0
C007      c     -71072.41   6976.71     102.0   3934.0     22643.0  204.0
C008      c     -33901.15   -25572.83   290.0   4823.0     23559.0  580.0
C009      c     27127.15    -44726.81   517.0   2258.0     22703.0  1034.0
C010      c     63841.58    26924.70    104.0   1402.0     20164.0  208.0
C011      c     68812.33    37536.25    573.0   1144.0     21293.0  1146.0
C012      c     56985.03    -15905.03   336.0   2261.0     21190.0  672.0
C013      c     -22869.03   12846.79    766.0   3868.0     24858.0  1532.0
C014      c     -22157.00   5953.59     780.0   2201.0     22606.0  1560.0
C015      c     -7529.71    -55811.77   381.0   3547.0     22996.0  762.0
C016      c     -13827.06   -9138.35    316.0   2340.0     21250.0  632.0
C017      c     -15748.38   61997.10    701.0   3684.0     23850.0  1402.0
C018      c     81544.27    25091.26    207.0   654.0      19255.0  414.0
C019      c     -4482.44    -7163.87    825.0   2551.0     23246.0  1650.0
C020      c     49959.13    -7623.97    617.0   4728.0     24562.0  1234.0
C021      c     -38155.89   63232.76    243.0   3541.0     22723.0  486.0
C022      c     40246.38    45084.99    206.0   3317.0     23286.0  412.0
C023      c     -10764.69   -29803.46   323.0   34532.0    54429.0  646.0
C024      c     56762.01    22398.85    775.0   33814.0    53845.0  1550.0
C025      c     -8463.01    -27066.37   462.0   33460.0    54075.0  924.0
C026      c     83526.11    44380.69    593.0   35901.0    55840.0  1186.0
C027      c     6104.91     3703.91     699.0   36517.0    56169.0  1398.0
C028      c     16583.26    14493.79    525.0   37611.0    57459.0  1050.0
C029      c     57709.42    48789.56    360.0   35380.0    55555.0  720.0
C030      c     7201.18     -30892.81   397.0   33763.0    54124.0  794.0
C031      c     -33711.15   -33594.87   114.0   36714.0    56653.0  228.0
C032      c     -24146.21   -26447.02   329.0   35908.0    54976.0  658.0
C033      c     52709.41    44711.28    365.0   37614.0    57439.0  730.0
C034      c     38394.36    -60808.32   126.0   36551.0    55512.0  252.0
C035      c     -50.05      -40952.05   819.0   36764.0    57123.0  1638.0
C036      c     -31399.77   43738.23    600.0   33879.0    53101.0  1200.0
C037      c     80042.34    62233.50    656.0   37498.0    58749.0  1312.0
C038      c     -54966.60   -6001.32    330.0   34875.0    54837.0  660.0
C039      c     -57908.91   35862.97    391.0   35196.0    54012.0  782.0
C040      c     43306.49    37022.68    126.0   35093.0    53742.0  252.0
C041      c     4893.90     -18496.30   195.0   33799.0    53053.0  390.0
C042      c     -29820.85   35816.87    127.0   33310.0    53288.0  254.0
C043      c     -23030.79   -31668.31   409.0   35235.0    54391.0  818.0
C044      c     -34170.35   17673.25    704.0   36411.0    56461.0  1408.0
C045      c     -9501.87    24084.10    569.0   66035.0    86095.0  1138.0
C046      c     -34873.44   39084.32    449.0   65847.0    85380.0  898.0
C047      c     24875.64    -26597.20   490.0   65664.0    84854.0  980.0
C048      c     30431.20    -38202.48   586.0   65955.0    86086.0  1172.0
C049      c     25125.74    -20900.21   126.0   66251.0    85928.0  252.0
C050      c     64527.61    -57624.03   614.0   65822.0    85769.0  1228.0
F1        f     27347.09    23976.04    0.0     0.0        86400.0  0.0
F2        f     -7529.71    -55811.77   0.0     0.0        86400.0  0.0
F3        f     -31270.60   -15943.42   0.0     0.0        86400.0  0.0
F4        f     -24312.74   28099.94    0.0     0.0        86400.0  0.0
F5        f     -30580.26   -43867.74   0.0     0.0        86400.0  0.0
F6        f     45821.27    16985.85    0.0     0.0        86400.0  0.0

m numVeh /7/
m numPetrolVeh /4/
m numElectroVeh /3/

DistanceMatrix
0 79644 78149 89210 26518 96062 76604 88206 99877 78781 68703 36613 43626 49688 51435 52683 87077 52838 57470 54209 44529 38857 76366 24738 65915 29457 62351 59770 29363 14345 39212 58450 83920 72070 32760 85501 70472 61982 65119 87602 86081 20614 48042 58381 75061 61839 36849 64029 50634 62255 44931 89671 0 87077 70920 51824 89210 19752
79644 0 35191 24979 75971 18833 55847 12503 85407 36012 33330 102687 113903 70855 63475 56652 7618 39982 110774 114273 41212 69214 116120 104254 19145 94578 21423 128898 53442 66778 116169 21889 31388 28438 110034 46116 9496 95523 140116 64733 98921 98589 31779 87469 23834 71777 72516 92074 37773 37823 41504 71141 79644 7618 41089 78609 24979 83394
78149 35191 0 60169 62985 50738 21694 46837 117016 68822 9565 88373 100087 47576 84555 78743 36269 61933 124373 95254 57532 51163 135097 99916 46378 81540 45993 112766 62121 69716 106960 31681 65714 59674 101746 11753 31641 114876 127215 96539 124923 92346 42881 107336 56411 95463 87074 112856 27828 16052 33453 35993 78149 36269 71115 97864 60169 73178
89210 24979 60169 0 92252 17069 80594 14731 64998 18594 57714 118013 128474 91922 57236 50528 25961 38559 106899 131633 45036 88319 107368 113706 24299 109635 27775 144250 60074 75036 127986 39947 10739 18571 121587 71025 30669 87610 153280 45040 84284 109556 43613 79688 14346 61646 71146 83063 58083 61274 60255 96098 89210 25961 27933 72240 0 97675
26518 75971 62985 92252 0 94413 55449 86972 118029 86845 54577 26795 38271 24203 70146 69111 82487 62667 83986 39451 53124 14070 102496 39537 67985 19004 64594 52927 40920 31504 44003 54317 89912 78204 39017 67475 66523 86916 65142 102639 108999 31116 48735 82318 79536 81943 59245 88217 39471 47303 34737 66123 26518 82487 81277 74579 92252 10923
96062 18833 50738 17069 94413 0 72279 7861 81943 35095 50883 121019 132093 89620 71387 64488 14574 50042 120685 132977 54225 88022 122853 120799 30793 112825 34195 147292 68226 82522 133594 40097 27616 32168 127350 60285 28004 102717 158007 62101 101050 115654 48146 94686 26891 77196 83535 98483 56595 56093 60189 86380 96062 14574 43620 86668 17069 101401
76604 55847 21694 80594 55449 72279 0 67943 133342 87018 23153 77455 88840 34106 95614 90721 57737 75245 129142 80825 68715 41629 142812 94824 63643 71986 62376 99511 68678 71897 98358 46418 84999 77415 94008 16260 50569 123475 115507 113374 137307 86522 54457 116540 74956 107405 94335 122388 33707 22328 37608 16911 76604 57737 87678 107150 80594 66360
88206 12503 46837 14731 86972 7861 67943 0 79029 30500 45720 113497 124501 83126 64666 57739 11333 42713 113661 125739 46505 81025 116617 112944 23026 105268 26384 139790 60393 74662 125811 32695 23883 25917 119554 57201 20949 96306 150309 58690 96147 107833 40321 88244 20580 71160 76208 92269 49712 50326 53015 82811 88206 11333 38061 79985 14731 93762
99877 85407 117016 64998 118029 81943 133342 79029 0 49408 110979 136381 143184 130086 48559 48926 89331 59470 78026 153688 68075 121909 65179 117661 70639 128761 71266 159059 77247 87977 135400 86953 55154 57613 129406 128755 85682 54086 160901 20684 31744 118259 80123 50333 61656 38421 63903 48387 101653 111104 100156 150202 99877 89331 45929 51309 64998 117321
78781 36012 68822 18594 86845 35095 87018 30500 49408 0 63963 110949 120552 91399 39972 33643 40123 25943 89432 126073 34704 85760 88907 102423 23520 102572 25482 136685 49574 64452 117993 41445 8024 9794 111540 80425 37181 69356 143851 28754 65960 99394 39435 61525 12463 43247 55328 64664 58786 65560 59212 103516 78781 40123 9982 54523 18594 90371
68703 33330 9565 57714 54577 50883 23153 45720 110979 63963 0 80510 92222 41499 76252 70693 36386 54257 115014 88520 49093 43565 126163 90765 40725 73376 39731 105456 52796 60152 98390 24257 61848 54434 93025 19636 27438 106073 119334 90769 117157 83335 34385 98643 51830 87471 77953 104252 18269 7313 23911 39562 68703 36386 65106 89162 57714 64482
36613 102687 88373 118013 26795 121019 77455 113497 136381 110949 80510 0 11718 43375 87846 88519 109267 85633 86975 17797 76356 37233 108267 29775 93724 8403 90239 26310 62231 48866 22708 80938 114800 102910 20983 91349 93217 96714 38848 123286 122078 22884 74417 94084 104785 98448 73398 99461 66204 73197 61532 84552 36613 109267 104326 88162 118013 20579
43626 113903 100087 128474 38271 132093 88840 124501 143184 120552 92222 11718 0 54734 94948 96296 120590 94909 88028 17804 85850 48938 110011 29547 104246 19348 100722 16228 71252 57086 15809 92079 124783 112850 17629 102941 104415 100404 27131 131213 126732 25511 85001 98648 114998 104881 79461 103697 77740 84909 72961 95257 43626 120590 113475 93602 128474 30837
49688 70855 47576 91922 24203 89620 34106 83126 130086 91399 41499 43375 54734 0 84872 82105 75860 71135 106578 47790 62086 10860 123752 63245 69161 38305 66393 65870 54528 50561 64699 51991 92405 81813 60767 48600 62292 106626 81469 112389 126018 54667 52156 101047 81554 97143 77586 107060 33843 34674 32249 42395 49688 75860 88256 92443 91922 34734
51435 63475 84555 57236 70146 71387 95614 64666 48559 39972 76252 87846 94948 84872 0 6930 70351 23772 49663 105129 27175 75650 52654 70872 44335 80202 42433 110970 30382 39487 88231 53079 47690 39315 82021 95803 58438 32048 114148 37222 41923 70453 41871 23999 44515 12289 17463 28853 61930 73803 58672 112269 51435 70351 29991 15321 57236 68815
52683 56652 78743 50528 69111 64488 90721 57739 48926 33643 70693 88519 96296 82105 6930 0 63474 17238 56409 105452 22010 73383 59472 73658 37528 80614 35747 112452 28351 39670 90629 47112 41202 32462 84304 90131 51854 38899 116671 34920 46613 72462 36463 30831 37632 16783 22110 35487 57198 68668 54376 107500 52683 63474 23718 22251 50528 68868
87077 7618 36269 25961 82487 14574 57737 11333 89331 40123 36386 109267 120590 75860 70351 63474 0 47096 118095 120331 48743 75014 122921 111637 26209 101244 28761 135387 61058 74326 123278 28947 34337 33740 117191 46195 16636 102372 146981 68785 104606 105842 39329 94301 28691 78165 79920 98757 43630 41846 47804 72080 87077 0 46402 85574 25961 90254
52838 39982 61933 38559 62667 50042 75245 42713 59470 25943 54257 85633 94909 71135 23772 17238 47096 0 71161 101328 9551 63804 76351 76577 20891 77314 18713 111094 23711 38513 92050 30256 31520 20151 85597 73463 34669 55720 117921 41259 62995 73451 20930 47716 24337 33656 33503 52615 42458 52948 40690 92143 52838 47096 18724 38686 38559 65118
57470 110774 124373 106899 83986 120685 129142 113661 78026 89432 115014 86975 88028 106578 49663 56409 118095 71161 0 104057 70073 95732 22442 58493 91936 82618 89361 100825 62255 57462 74636 95683 97265 88842 70606 134211 104139 24049 95791 78497 49603 64119 83098 29723 93948 48000 38424 29846 97464 110329 92426 144061 57470 118095 79471 34962 106899 76268
54209 114273 95254 131633 39451 132977 80825 125739 153688 126073 88520 17797 17804 47790 105129 105452 120331 101328 104057 0 91875 45474 125630 45883 107398 24928 104028 19391 78412 65820 33611 93065 129336 117587 34877 96128 104973 114473 37173 140007 139869 40056 88177 111880 118986 115952 91052 117256 76701 81355 72789 84448 54209 120331 120046 105900 131633 36631
44529 41212 57532 45036 53124 54225 68715 46505 68075 34704 49093 76356 85850 62086 27175 22010 48743 9551 70073 91875 0 54444 78036 68779 23495 68006 20297 101992 15172 30213 83658 26449 39407 27541 77214 68674 34078 57581 109364 50498 68598 65086 14708 49894 30733 38707 31649 55340 35207 46716 32639 85490 44529 48743 28190 40457 45036 55800
38857 69214 51163 88319 14070 88022 41629 81025 121909 85760 43565 37233 48938 10860 75650 73383 75014 63804 95732 45474 54444 0 113070 53596 64648 30784 61572 61897 45294 40039 56943 48679 87608 76459 52407 54427 60097 96215 76060 104938 116304 45140 46358 90840 76848 87851 67387 96841 31451 36282 28159 52079 38857 75014 81655 82417 88319 24955
76366 116120 135097 107368 102496 122853 142812 116617 65179 88907 126163 108267 110011 123752 52654 59472 122921 76351 22442 125630 78036 113070 0 80475 96985 103329 95056 123134 74180 73293 96947 104484 96930 90767 92734 145761 110935 20632 118202 71246 33753 85575 92374 28655 96099 45734 48515 24371 109738 122447 105275 158588 76366 122921 79475 37762 107368 95869
24738 104254 99916 113706 39537 120799 94824 112944 117661 102423 90765 29775 29547 63245 70872 73658 111637 76577 58493 45883 68779 53596 80475 0 90611 28061 87054 43285 53647 38675 17852 82853 107983 96246 12469 105910 95006 71659 43333 108052 98588 8624 72749 70678 99474 79305 53999 75359 73312 83864 67695 105540 24738 111637 94017 66756 113706 28647
65915 19145 46378 24299 67985 30793 63643 23026 70639 23520 40725 93724 104246 69161 44335 37528 26209 20891 91936 107398 23495 64648 96985 90611 0 85352 3576 119975 37514 52059 104238 17999 23258 13796 97885 58120 15463 76382 129293 50203 80837 85962 19314 68331 12407 52933 53902 72985 35784 42043 36978 80268 65915 26209 24751 59467 24299 73425
29457 94578 81540 109635 19004 112825 71986 105268 128761 102572 73376 8403 19348 38305 80202 80614 101244 77314 82618 24928 68006 30784 103329 28061 85352 0 81860 34634 53997 40949 26408 72776 106399 94510 22677 85210 85094 90708 46139 115282 115459 19872 66051 87616 96385 91055 66285 93142 58458 66074 53625 80399 29457 101244 96020 81275 109635 12207
62351 21423 45993 27775 64594 34195 62376 26384 71266 25482 39731 90239 100722 66393 42433 35747 28761 18713 89361 104028 20297 61572 95056 87054 3576 81860 0 116476 34045 48524 100662 16125 26079 15695 94309 57742 16235 74427 125729 51052 80031 82386 15870 66411 15277 51599 51161 71228 33342 40457 34150 79129 62351 28761 25375 57398 27775 69910
59770 128898 112766 144250 52927 147292 99511 139790 159059 136685 105456 26310 16228 65870 110970 112452 135387 111094 100825 19391 101992 61897 123134 43285 119975 34634 116476 0 87457 73311 26190 107199 140800 128879 30818 114462 119443 114928 18190 147372 141691 40887 100680 113670 130912 120689 95216 118518 92075 98179 87591 103759 59770 135387 129681 109061 144250 46606
29363 53442 62121 60074 40920 68226 68678 60393 77247 49574 52796 62231 71252 54528 30382 28351 61058 23711 62255 78412 15172 45294 74180 53647 37514 53997 34045 87457 0 15041 68525 34614 54557 42711 62077 72142 45078 54858 94300 61838 71638 49941 22233 48186 45827 42629 25670 54139 35644 48455 31099 84701 29363 61058 42225 38992 60074 41878
14345 66778 69716 75036 31504 82522 71897 74662 87977 64452 60152 48866 57086 50561 39487 39670 74326 38513 57462 65820 30213 40039 73293 38675 52059 40949 48524 73311 15041 0 53550 46346 69585 57750 47098 78397 57887 56193 79411 74427 77497 34953 35000 51069 60829 50853 27792 57031 41919 54485 36410 86600 14345 74326 56713 43100 75036 29344
39212 116169 106960 127986 44003 133594 98358 125811 135400 117993 98390 22708 15809 64699 88231 90629 123278 92050 74636 33611 83658 56943 96947 17852 104238 26408 100662 26190 68525 53550 0 94342 123065 111180 6452 111287 106723 89252 26067 125291 116339 18598 85539 88486 113984 97006 71608 93090 82227 91169 76931 106632 39212 123278 110035 84591 127986 33953
58450 21889 31681 39947 54317 40097 46418 32695 86953 41445 24257 80938 92079 51991 53079 47112 28947 30256 95683 93065 26449 48679 104484 82853 17999 72776 16125 107199 34614 46346 94342 0 41001 31661 88244 43220 12400 84023 118230 66966 93251 76916 12609 76294 30242 63799 57458 81652 18189 24353 20522 63252 58450 28947 41274 66883 39947 61513
83920 31388 65714 10739 89912 27616 84999 23883 55154 8024 61848 114800 124783 92405 47690 41202 34337 31520 97265 129336 39407 87608 96930 107983 23258 106399 26079 140800 54557 69585 123065 41001 0 11941 116621 77070 34456 77368 148738 34831 73552 104492 41453 69521 10853 51270 62554 72688 59003 64308 60191 101135 83920 34337 17819 62407 10739 94254
72070 28438 59674 18571 78204 32168 77415 25917 57613 9794 54434 102910 112850 81813 39315 32462 33740 20151 88842 117587 27541 76459 90767 96246 13796 94510 15695 128879 42711 57750 111180 31661 11941 0 104739 71358 28125 70559 136819 36985 70869 92619 30109 62522 5339 45245 52610 66404 49022 55829 49583 93995 72070 33740 12692 54547 18571 82352
32760 110034 101746 121587 39017 127350 94008 119554 129406 111540 93025 20983 17629 60767 82021 84304 117191 85597 70606 34877 77214 52407 92734 12469 97885 22677 94309 30818 62077 47098 6452 88244 116621 104739 0 106486 100607 84115 32467 119021 110972 12146 79256 83008 107566 90990 65542 87763 76548 85855 71174 103015 32760 117191 103594 78793 121587 28568
85501 46116 11753 71025 67475 60285 16260 57201 128755 80425 19636 91349 102941 48600 95803 90131 46195 73463 134211 96128 68674 54427 145761 105910 58120 85210 57742 114462 72142 78397 111287 43220 77070 71358 106486 0 43269 125703 129899 108259 136454 97954 53968 118278 67987 106888 97472 123882 36785 23967 42056 26327 85501 46195 82862 108797 71025 78148
70472 9496 31641 30669 66523 28004 50569 20949 85682 37181 27438 93217 104415 62292 58438 51854 16636 34669 104139 104973 34078 60097 110935 95006 15463 85094 16235 119443 45078 57887 106723 12400 34456 28125 100607 43269 0 90306 130622 65095 96168 89218 22994 82339 24785 67832 65719 87284 28764 30605 32185 66695 70472 16636 40002 73191 30669 73898
61982 95523 114876 87610 86916 102717 123475 96306 54086 69356 106073 96714 100404 106626 32048 38899 102372 55720 24049 114473 57581 96215 20632 71659 76382 90708 74427 114928 54858 56193 89252 84023 77368 70559 84115 125703 90306 0 112966 55040 27654 75007 72044 8077 75870 26212 29425 5807 90078 102652 85868 139558 61982 102372 59682 17169 87610 81724
65119 140116 127215 153280 65142 158007 115507 150309 160901 143851 119334 38848 27131 81469 114148 116671 146981 117921 95791 37173 109364 76060 118202 43333 129293 46139 125729 18190 94300 79411 26067 118230 148738 136819 32467 129899 130622 112966 0 151273 140449 44555 110293 112995 139433 122598 97332 117224 104567 112021 99635 120857 65119 146981 136023 109796 153280 56731
87602 64733 96539 45040 102639 62101 113374 58690 20684 28754 90769 123286 131213 112389 37222 34920 68785 41259 78497 140007 50498 104938 71246 108052 50203 115282 51052 147372 61838 74427 125291 66966 34831 36985 119021 108259 65095 55040 151273 0 41968 107278 61151 48796 40972 31511 54518 49360 82456 91267 81466 130168 87602 68785 25697 45854 45040 103376
86081 98921 124923 84284 108999 101050 137307 96147 31744 65960 117157 122078 126732 126018 41923 46613 104606 62995 49603 139869 68598 116304 33753 98588 80837 115459 80031 141691 71638 77497 116339 93251 73552 70869 110972 136454 96168 27654 140449 41968 0 101222 83061 28088 76006 29906 49820 23260 103704 115281 100582 154047 86081 104606 58254 34481 84284 105434
20614 98589 92346 109556 31116 115654 86522 107833 118259 99394 83335 22884 25511 54667 70453 72462 105842 73451 64119 40056 65086 45140 85575 8624 85962 19872 82386 40887 49941 34953 18598 76916 104492 92619 12146 97954 89218 75007 44555 107278 101222 0 67512 73137 95494 79857 54370 78207 66236 76319 60709 96997 20614 105842 91472 68205 109556 20194
48042 31779 42881 43613 48735 48146 54457 40321 80123 39435 34385 74417 85001 52156 41871 36463 39329 20930 83098 88177 14708 46358 92374 72749 19314 66051 15870 100680 22233 35000 85539 12609 41453 30109 79256 53968 22994 72044 110293 61151 83061 67512 0 64460 30875 53238 44948 69978 21561 32257 20374 71324 48042 39329 36254 54993 43613 54167
58381 87469 107336 79688 82318 94686 116540 88244 50333 61525 98643 94084 98648 101047 23999 30831 94301 47716 29723 111880 49894 90840 28655 70678 68331 87616 66411 113670 48186 51069 88486 76294 69521 62522 83008 118278 82339 8077 112995 48796 28088 73137 64460 0 67826 18658 23463 6017 82989 95442 78968 132789 58381 94301 51781 9481 79688 77951
75061 23834 56411 14346 79536 26891 74956 20580 61656 12463 51830 104785 114998 81554 44515 37632 28691 24337 93948 118986 30733 76848 96099 99474 12407 96385 15277 130912 45827 60829 113984 30242 10853 5339 107566 67987 24785 75870 139433 40972 76006 95494 30875 67826 0 50583 57370 71737 48174 53860 49346 91325 75061 28691 17753 59782 14346 84308
61839 71777 95463 61646 81943 77196 107405 71160 38421 43247 87471 98448 104881 97143 12289 16783 78165 33656 48000 115952 38707 87851 45734 79305 52933 91055 51599 120689 42629 50853 97006 63799 51270 45245 90990 106888 67832 26212 122598 31511 29906 79857 53238 18658 50583 0 25488 21423 73799 85413 70739 124141 61839 78165 33742 14349 61646 79995
36849 72516 87074 71146 59245 83535 94335 76208 63903 55328 77953 73398 79461 77586 17463 22110 79920 33503 38424 91052 31649 67387 48515 53999 53902 66285 51161 95216 25670 27792 71608 57458 62554 52610 65542 97472 65719 29425 97332 54518 49820 54370 44948 23463 57370 25488 0 29474 61241 73988 56768 110257 36849 79920 45564 15346 71146 55777
64029 92074 112856 83063 88217 98483 122388 92269 48387 64664 104252 99461 103697 107060 28853 35487 98757 52615 29846 117256 55340 96841 24371 75359 72985 93142 71228 118518 54139 57031 93090 81652 72688 66404 87763 123882 87284 5807 117224 49360 23260 78207 69978 6017 71737 21423 29474 0 88792 101183 84841 138683 64029 98757 55146 15238 83063 83666
50634 37773 27828 58083 39471 56595 33707 49712 101653 58786 18269 66204 77740 33843 61930 57198 43630 42458 97464 76701 35207 31451 109738 73312 35784 58458 33342 92075 35644 41919 82227 18189 59003 49022 76548 36785 28764 90078 104567 82456 103704 66236 21561 82989 48174 73799 61241 88792 0 12866 5702 50348 50634 43630 57148 73561 58083 48355
62255 37823 16052 61274 47303 56093 22328 50326 111104 65560 7313 73197 84909 34674 73803 68668 41846 52948 110329 81355 46716 36282 122447 83864 42043 66074 40457 98179 48455 54485 91169 24353 64308 55829 85855 23967 30605 102652 112021 91267 115281 76319 32257 95442 53860 85413 73988 101183 12866 0 18097 39240 62255 41846 65594 85982 61274 57294
44931 41504 33453 60255 34737 60189 37608 53015 100156 59212 23911 61532 72961 32249 58672 54376 47804 40690 92426 72789 32639 28159 105275 67695 36978 53625 34150 87591 31099 36410 76931 20522 60191 49583 71174 42056 32185 85868 99635 81466 100582 60709 20374 78968 49346 70739 56768 84841 5702 18097 0 53862 44931 47804 56614 69607 60255 43170
89671 71141 35993 96098 66123 86380 16911 82811 150202 103516 39562 84552 95257 42395 112269 107500 72080 92143 144061 84448 85490 52079 158588 105540 80268 80399 79129 103759 84701 86600 106632 63252 101135 93995 103015 26327 66695 139558 120857 130168 154047 96997 71324 132789 91325 124141 110257 138683 50348 39240 53862 0 89671 72080 104473 123455 96098 76919
0 79644 78149 89210 26518 96062 76604 88206 99877 78781 68703 36613 43626 49688 51435 52683 87077 52838 57470 54209 44529 38857 76366 24738 65915 29457 62351 59770 29363 14345 39212 58450 83920 72070 32760 85501 70472 61982 65119 87602 86081 20614 48042 58381 75061 61839 36849 64029 50634 62255 44931 89671 0 87077 70920 51824 89210 19752
87077 7618 36269 25961 82487 14574 57737 11333 89331 40123 36386 109267 120590 75860 70351 63474 0 47096 118095 120331 48743 75014 122921 111637 26209 101244 28761 135387 61058 74326 123278 28947 34337 33740 117191 46195 16636 102372 146981 68785 104606 105842 39329 94301 28691 78165 79920 98757 43630 41846 47804 72080 87077 0 46402 85574 25961 90254
70920 41089 71115 27933 81277 43620 87678 38061 45929 9982 65106 104326 113475 88256 29991 23718 46402 18724 79471 120046 28190 81655 79475 94017 24751 96020 25375 129681 42225 56713 110035 41274 17819 12692 103594 82862 40002 59682 136023 25697 58254 91472 36254 51781 17753 33742 45564 55146 57148 65594 56614 104473 70920 46402 0 44590 27933 83830
51824 78609 97864 72240 74579 86668 107150 79985 51309 54523 89162 88162 93602 92443 15321 22251 85574 38686 34962 105900 40457 82417 37762 66756 59467 81275 57398 109061 38992 43100 84591 66883 62407 54547 78793 108797 73191 17169 109796 45854 34481 68205 54993 9481 59782 14349 15346 15238 73561 85982 69607 123455 51824 85574 44590 0 72240 71009
89210 24979 60169 0 92252 17069 80594 14731 64998 18594 57714 118013 128474 91922 57236 50528 25961 38559 106899 131633 45036 88319 107368 113706 24299 109635 27775 144250 60074 75036 127986 39947 10739 18571 121587 71025 30669 87610 153280 45040 84284 109556 43613 79688 14346 61646 71146 83063 58083 61274 60255 96098 89210 25961 27933 72240 0 97675
19752 83394 73178 97675 10923 101401 66360 93762 117321 90371 64482 20579 30837 34734 68815 68868 90254 65118 76268 36631 55800 24955 95869 28647 73425 12207 69910 46606 41878 29344 33953 61513 94254 82352 28568 78148 73898 81724 56731 103376 105434 20194 54167 77951 84308 79995 55777 83666 48355 57294 43170 76919 19752 90254 83830 71009 97675 0
