StringID  Type  x          y          demand  ReadyTime  DueDate  ServiceTime
D0        d     14815.84    36525.13    0.0     0.0        32400.0  0.0
D1        d     -60472.11   21659.01    0.0     0.0        32400.0  0.0
C1        c     31772.07    -13523.41   709.0   3968.0     23457.0  1418.0
C2        c     -18751.95   -46787.50   795.0   3052.0     22976.0  1590.0
C3        c     -56593.79   29274.19    174.0   1808.0     21624.0  348.0
C4        c     -65896.52   17859.99    122.0   4640.0     23429.0  244.0
C5        c     -5330.24    -22426.78   597.0   1808.0     21360.0  1194.0
C6        c     -61250.07   24470.67    430.0   2831.0     23429.0  860.0
C7        c     28062.66    -53204.95   286.0   2589.0     21980.0  572.0
C8        c     49981.28    62863.86    136.0   2767.0     21891.0  272.0
C9        c     4698.24     -53680.35   698.0   936.0      22237.0  1396.0
C10       c     -47355.19   -24593.04   726.0   784.0      21834.0  1452.0
C11       c     -19896.27   -39256.46   408.0   3343.0     23878.0  816.0
C12       c     -62358.20   27706.04    732.0   2410.0     21997.0  1464.0
C13       c     68136.83    -25603.98   136.0   1085.0     19488.0  272.0
C14       c     30429.42    -3519.31    626.0   657.0      21232.0  1252.0
C15       c     68746.87    38464.47    332.0   1314.0     21262.0  664.0
C16       c     -1132.62    6312.84     232.0   4137.0     24116.0  464.0
C17       c     90534.64    13797.65    590.0   3753.0     23237.0  1180.0
C18       c     3757.37     -6358.37    271.0   3549.0     22163.0  542.0
C19       c     -56261.97   8984.14     654.0   2650.0     23118.0  1308.0
C20       c     4575.43     22748.48    109.0   906.0      19268.0  218.0
F1        f     14815.84    36525.13    0.0     0.0        32400.0  0.0
F2        f     -47355.19   -24593.04   0.0     0.0        32400.0  0.0
F3        f     -65896.52   17859.99    0.0     0.0        32400.0  0.0

m numVeh /3/
m numPetrolVeh /2/
m numElectroVeh /1/

DistanceMatrix
0 76742 52843 89821 71777 82842 62299 77015 90703 43936 90771 87182 83353 77676 81873 42981 53966 34163 79056 44286 76227 17166 0 87182 82842
76742 0 98726 80159 8546 6622 70599 2917 115944 117889 99615 48076 73192 6334 137018 94324 130307 61292 151211 70074 13356 65057 76742 48076 6622
52843 98726 0 60491 98184 102587 38156 100482 39855 78528 48431 79898 57722 102764 38319 10094 63796 38421 64803 28916 90866 45335 52843 79898 102587
89821 80159 60491 0 84955 80012 27813 82969 47252 129413 24442 36204 7617 86318 89434 65505 122164 55947 124956 46273 67212 73345 89821 36204 80012
71777 8546 98184 84955 0 14725 72808 6690 118193 111743 103141 54654 77738 5974 136269 92997 125677 60026 147940 70085 20293 61516 71777 54654 14725
82842 6622 102587 80012 14725 0 72741 8080 117807 124310 100507 46325 73337 10463 140904 98670 136211 65785 156484 73744 13100 70641 82842 46325 0
62299 70599 38156 27813 72808 72741 0 72982 45413 101656 32823 42081 22258 75931 73536 40451 95891 29045 102481 18460 59839 46249 62299 42081 72741
77015 2917 100482 82969 6690 8080 72982 0 118365 117671 102258 50993 75969 3420 138739 95857 130748 62800 152159 71947 16270 65848 77015 50993 8080
90703 115944 39855 47252 118193 117807 45413 118365 0 118120 23369 80663 49946 121336 48660 49742 100292 66293 91608 52776 104777 79502 90703 80663 117807
43936 117889 78528 129413 111743 124310 101656 117671 118120 0 125032 130855 123739 117712 90312 69203 30781 76228 63656 83237 119125 60588 43936 130855 124310
90771 99615 48431 24442 103141 100507 32823 102258 23369 125032 0 59629 28512 105453 69374 56376 112218 60276 109184 47331 87424 76429 90771 59629 100507
87182 48076 79898 36204 54654 46325 42081 50993 80663 130855 59629 0 31129 54408 115496 80589 132121 55603 143134 54268 34738 70271 87182 0 46325
83353 73192 57722 7617 77738 73337 22258 75969 49946 123739 28512 31129 0 79291 89085 61724 117890 49281 122514 40519 60412 66659 83353 31129 73337
77676 6334 102764 86318 5974 10463 75931 3420 121336 117712 105453 54408 79291 0 140964 97901 131546 64856 153524 74375 19689 67117 77676 54408 10463
81873 137018 38319 89434 136269 140904 73536 138739 48660 90312 69374 115496 89085 140964 0 43699 64071 76269 45323 67195 129118 79862 81873 115496 140904
42981 94324 10094 65505 92997 98670 40451 95857 49742 69203 56376 80589 61724 97901 43699 0 56841 33058 62550 26823 87588 36857 42981 80589 98670
53966 130307 63796 122164 125677 136211 95891 130748 100292 30781 112218 132121 117890 131546 64071 56841 0 76921 32911 78948 128438 66068 53966 132121 136211
34163 61292 38421 55947 60026 65785 29045 62800 66293 76228 60276 55603 49281 64856 76269 33058 76921 0 91972 13582 55194 17399 34163 55603 65785
79056 151211 64803 124956 147940 156484 102481 152159 91608 63656 109184 143134 122514 153524 45323 62550 32911 91972 0 89087 146876 86424 79056 143134 156484
44286 70074 28916 46273 70085 73744 18460 71947 52776 83237 47331 54268 40519 74375 67195 26823 78948 13582 89087 0 61949 29118 44286 54268 73744
76227 13356 90866 67212 20293 13100 59839 16270 104777 119125 87424 34738 60412 19689 129118 87588 128438 55194 146876 61949 0 62375 76227 34738 13100
17166 65057 45335 73345 61516 70641 46249 65848 79502 60588 76429 70271 66659 67117 79862 36857 66068 17399 86424 29118 62375 0 17166 70271 70641
0 76742 52843 89821 71777 82842 62299 77015 90703 43936 90771 87182 83353 77676 81873 42981 53966 34163 79056 44286 76227 17166 0 87182 82842
87182 48076 79898 36204 54654 46325 42081 50993 80663 130855 59629 0 31129 54408 115496 80589 132121 55603 143134 54268 34738 70271 87182 0 46325
82842 6622 102587 80012 14725 0 72741 8080 117807 124310 100507 46325 73337 10463 140904 98670 136211 65785 156484 73744 13100 70641 82842 46325 0
