StringID  Type  x          y          demand  ReadyTime  DueDate  ServiceTime
D0        d     -25621.08   -1358.14    0.0     0.0        86400.0  0.0
D1        d     44384.09    -12946.24   0.0     0.0        86400.0  0.0
C1        c     29287.87    8768.08     245.9   2880.6     22593.6  1112.0
C2        c     18902.40    -16820.01   804.1   7940.2     28310.2  618.0
C3        c     -34429.27   -26329.46   732.4   4433.8     23782.8  1150.0
C4        c     -14564.86   -14807.22   336.1   0.0        20148.0  298.0
C5        c     -19316.97   11794.52    188.6   790.7      21794.7  1446.0
C6        c     -25067.45   -17545.96   219.0   4514.1     25908.1  1482.0
C7        c     15312.05    -13047.90   665.6   0.0        19892.0  588.0
C8        c     22213.52    -12592.21   740.7   233.5      19891.5  912.0
C9        c     -18808.10   -40125.08   451.5   4530.2     23182.2  280.0
C10       c     -12170.12   2862.70     125.5   0.0        19872.0  644.0
C11       c     1707.51     -436.28     799.4   0.0        19492.0  944.0
C12       c     11424.02    9584.21     708.7   1228.8     21228.8  448.0
C13       c     -60000.00   -38738.62   730.8   6869.0     26542.0  846.0
C14       c     35525.01    15332.41    659.1   558.1      20910.1  618.0
C15       c     -24173.67   -28608.22   595.4   6870.9     26475.9  324.0
C16       c     11625.10    -30209.16   400.9   7494.7     27502.7  692.0
C17       c     29806.83    -38590.11   269.3   4883.3     24614.3  540.0
C18       c     -17002.66   -19310.04   721.4   1112.9     19900.9  774.0
C19       c     -1862.05    -4524.78    707.9   1415.3     19800.3  348.0
C20       c     19946.65    -26061.63   583.0   2207.0     23211.0  1446.0
C21       c     49525.34    9520.24     310.2   6090.7     25640.7  1238.0
C22       c     36158.37    15065.72    122.4   2811.3     21250.3  390.0
C23       c     11930.47    -30641.60   317.9   6651.5     25925.5  1122.0
C24       c     -33631.39   -15735.88   538.6   3858.9     24368.9  838.0
C25       c     26630.65    -42465.94   497.1   4873.7     23925.7  408.0
C26       c     -43393.19   -30195.81   754.1   1809.4     21843.4  1420.0
C27       c     -31570.96   -17284.86   360.0   931.0      22248.0  1378.0
C28       c     -11085.39   -45000.00   125.1   0.0        20034.0  1420.0
C29       c     6838.05     -3961.13    115.8   0.0        20967.0  1516.0
C30       c     -11206.28   -1107.63    715.2   888.8      20354.8  658.0
C31       c     -39372.51   -21347.33   526.1   0.0        19492.0  944.0
C32       c     -25611.94   7554.77     884.9   1166.9     22304.9  1280.0
C33       c     -46245.51   -23636.84   584.0   3454.4     22178.4  264.0
C34       c     5306.38     -13612.07   555.5   4360.4     24033.4  846.0
C35       c     28541.85    35400.73    347.3   8345.4     29648.4  1508.0
C36       c     46887.68    20233.25    260.4   4163.1     25160.1  1580.0
C37       c     -60000.00   -30470.45   191.7   1450.8     21163.8  1112.0
C38       c     -30871.91   3458.19     710.0   3802.6     24154.6  618.0
C39       c     -60000.00   -8657.11    305.9   5652.8     26766.8  1292.0
C40       c     22266.17    -40186.27   306.0   2288.7     21946.7  478.0
C41       c     -36199.02   -15749.88   647.5   3823.9     23435.9  794.0
C42       c     -34182.01   -16339.91   186.1   1129.3     21023.3  662.0
C43       c     7381.64     -7056.22    417.4   0.0        20262.0  600.0
C44       c     36359.09    918.25      591.5   4818.2     24063.2  622.0
C45       c     50649.99    9367.30     327.0   0.0        21243.0  1424.0
C46       c     -2400.79    -19731.53   599.8   8634.8     28116.8  650.0
C47       c     -24876.18   -15931.33   195.5   3320.0     22989.0  248.0
C48       c     -13134.23   -16099.88   267.9   1032.9     20084.9  408.0
C49       c     20912.98    -7835.31    413.5   4771.6     26014.6  1424.0
C50       c     32286.23    -11421.30   625.8   1234.3     22628.3  1482.0
C51       c     11906.58    5610.58     182.8   4179.2     25317.2  1280.0
C52       c     42370.71    -24980.77   208.2   5137.7     25452.7  734.0
C53       c     -1102.86    -38301.11   119.1   2053.8     21066.8  362.0
C54       c     -54029.63   -18010.14   182.0   2883.1     22596.1  1112.0
C55       c     37558.62    -1187.65    840.9   2027.5     23024.5  1580.0
C56       c     30096.15    349.43      752.2   6963.8     25348.8  348.0
C57       c     -32808.84   -45000.00   442.3   2122.7     21803.7  682.0
C58       c     -28704.82   -2607.70    324.2   3339.8     22352.8  362.0
C59       c     -33385.52   -11073.59   737.5   6316.8     27142.8  890.0
C60       c     13511.72    -6122.12    696.9   10181.4    29108.4  860.0
C61       c     -9823.16    -10067.76   294.8   0.0        19797.0  1128.0
C62       c     23091.32    10397.78    659.4   152.8      20056.8  1058.0
C63       c     34591.75    23091.22    427.0   2872.9     22484.9  794.0
C64       c     -60000.00   -13231.13   338.5   2828.6     22358.6  1084.0
C65       c     -29052.81   -2273.44    148.6   1409.4     21870.4  1260.0
F1        f     37694.22    -10149.61   0.0     0.0        86400.0  0.0
F2        f     34920.94    -3526.08    0.0     0.0        86400.0  0.0
F3        f     40368.67    -16313.42   0.0     0.0        86400.0  0.0

m numVeh /20/
m numPetrolVeh /10/
m numElectroVeh /10/

DistanceMatrix
0 70958 55835 47132 26479 17410 14585 16197 42570 49136 39361 14098 27344 38627 50786 63383 27288 47113 66772 19914 23969 51833 75930 63925 47620 16459 66484 33874 17002 45999 32563 14417 24263 8913 30360 33267 65459 75655 45049 7125 35145 61651 17861 17255 33491 62022 77021 29610 14592 19319 46983 58775 38169 71979 44339 32929 63180 55743 44230 3327 12437 39422 18040 50111 64987 36371 3552 63923 60581 67663
70958 0 26446 25774 79942 58978 68337 69604 29072 22173 68789 58722 44472 39925 107523 29634 70324 37029 29498 61716 47007 27734 23047 29195 36964 78065 34447 89456 76079 64065 38606 56837 84177 72937 91258 39083 50876 33274 105845 77023 104472 35089 80632 78639 37468 16020 23177 47274 69325 57605 24021 12194 37405 12202 52076 98544 13596 19517 83583 73816 77792 31618 54284 31596 37344 104384 74208 7251 13353 5240
55835 26446 0 27615 72744 49788 48699 60390 25909 22501 68584 41876 29076 17882 101140 9055 65231 42793 47361 54141 33868 36061 20251 9320 43063 67522 51303 82466 66201 67238 25808 41681 74975 54913 82191 32802 26643 21005 97529 60394 90972 49455 69926 68256 27024 10565 21371 42619 59530 49174 18596 20411 17666 36196 56028 87515 12943 8457 82140 59098 65739 21693 43410 6407 15274 91958 59376 20701 13523 27420
47132 25774 27615 0 54173 33528 47744 43976 5208 5370 44331 36782 23751 27443 81890 36195 44660 15239 24348 35991 24132 9300 40393 36256 15480 52545 26785 63715 50476 41151 17632 33962 58451 50751 65504 13969 53103 46434 80074 53747 79324 23607 55112 53087 15102 24887 41154 21501 43788 32045 9207 14432 23496 24847 29354 72942 24340 20496 58891 49683 52603 11979 29508 27538 42884 78984 50113 19941 20816 21472
26479 79942 72744 54173 0 22964 41010 12837 51484 58285 20841 36710 44456 58244 28423 81421 10506 46218 65396 18787 39193 54377 91288 81830 46560 10624 63156 9762 9485 29892 46940 34285 7018 35013 12119 41721 88182 93704 25904 29999 31083 58364 10727 9993 46039 75851 92265 32701 14120 23625 58351 68361 56278 76812 35411 21293 76252 69823 18741 24403 15292 52026 29494 68246 84890 28730 24650 73916 73003 75466
17410 58978 49788 33528 22964 0 27023 10854 29929 36845 25671 17831 21710 35642 51352 58458 16817 30383 50344 5120 16343 36300 68552 58866 30866 19089 49619 32678 17186 30393 23994 14105 25655 24942 32888 19907 66174 70741 48059 24486 45849 44728 21655 19677 23275 53297 69551 13123 10372 1928 36156 46973 33431 57837 27077 39595 53873 47163 35277 18675 19187 29389 6704 45313 62070 45462 19157 52466 50755 54954
14585 68337 48699 47744 41010 27023 0 29899 42618 48161 51922 11439 24323 30820 64875 54956 40694 52170 70369 31191 23895 54541 68880 55572 52699 31029 71101 48403 31556 57388 30534 15240 38738 7590 44503 35381 53364 66740 58664 14248 45534 66567 32306 31820 32683 56728 70009 35778 28278 28571 44764 56585 31830 71818 53304 45752 58338 50721 58375 17192 26849 37400 23835 42431 55080 47764 17108 61089 56360 65973
16197 69604 60390 43976 12837 10854 29899 0 40629 47540 23431 24142 31775 45472 40858 68938 11098 38816 58771 8255 26609 45813 79352 69369 39247 8753 57391 22268 6509 30809 34677 21502 14802 25107 22037 30628 75348 81270 37247 21791 36046 52470 11276 9194 34102 64142 80358 22772 1626 12021 46995 57680 43627 67847 31703 28966 64727 57994 28525 15375 10540 40235 16980 55679 72184 35198 15784 63196 61605 65448
42570 29072 25909 5208 51484 29929 42618 40629 0 6916 43559 31756 18551 22964 79573 34843 42441 17553 29368 32916 19173 13814 40986 34999 17916 49017 31520 61158 47074 41446 12425 29083 55311 45817 62462 10022 50222 45877 77301 49045 75440 28015 51582 49603 9939 25259 41847 18932 40292 28610 7651 17052 18967 29573 30119 69519 25211 19951 57763 45238 48738 7156 25311 24703 40960 75312 45654 22569 21798 25269
49136 22173 22501 5370 58285 36845 48161 47540 6916 0 49405 37697 23838 24662 86271 30935 49074 20554 27084 39787 25391 13659 35141 30975 20773 55933 30199 67927 53989 46466 17632 35338 62205 51896 69344 16938 48408 41065 84135 55459 82308 27594 58498 56520 15831 19561 35928 25629 47208 35521 4931 10141 20918 23660 34707 76435 19119 15153 63857 51888 55620 10844 32136 23007 37769 82216 52294 15672 15610 18533
39361 68789 68584 44331 20841 25671 51922 23431 43559 49405 0 43497 44678 58181 41215 77638 12705 32008 48639 20893 39428 41228 84464 77893 32168 28541 45499 26514 26164 9133 44335 39751 27848 48163 32011 35839 89141 89214 42308 45222 51836 41074 29943 28321 42184 68760 85287 26174 24943 24686 51190 58605 55092 63025 17799 41589 68508 63481 14825 38801 32504 46912 31372 65636 82752 49194 39214 63961 65010 63788
14098 58722 41876 36782 36710 17831 11439 24142 31756 37697 43497 0 14264 24533 63391 49298 33682 40743 58995 22693 12682 43222 62054 49845 41272 28399 59667 45472 27970 47875 20196 4086 36416 14237 43167 24018 52117 61559 58299 18711 49198 55128 30394 29211 21924 48568 63156 24616 22686 18987 34770 46695 24233 61237 42626 46775 49893 42341 52123 17416 25383 27208 13142 36058 50950 50465 17647 51534 47522 55929
27344 44472 29076 23751 44456 21710 24323 31775 18551 23838 44678 14264 0 13958 72628 37313 38256 31381 47384 26576 5427 31454 48843 37778 31888 38509 48864 54034 37301 46364 6225 12931 46096 28464 53271 13658 44770 49684 68628 32811 62253 44752 40883 39255 8719 34678 49915 19728 30770 21578 20581 32492 11857 47497 37969 58442 35859 28400 56368 30490 36670 13102 15024 23972 40434 63020 30815 37275 33357 41794
38627 39925 17882 27443 58244 35642 30820 45472 22964 24662 58181 24533 13958 0 86235 24777 52210 39794 51563 40533 19380 36651 38101 25334 40229 51683 54226 67730 50700 59043 14301 25029 59473 37092 66554 23989 30976 37028 81889 42737 73717 50938 53942 52459 17124 26398 39227 32412 44371 35536 19836 29605 4003 46394 49497 71033 28267 20831 70257 41940 49342 15844 28942 11696 26818 74980 42178 32856 26907 38839
50786 107523 101140 81890 28423 51352 64875 40858 79573 86271 41215 63391 72628 86235 0 109767 37231 72131 89807 47183 67458 80945 119686 110188 72385 34992 86711 18675 35616 49314 75345 61619 26981 57668 20427 69973 115483 122076 8268 51274 30082 82279 33090 34180 74458 104200 120655 60654 41879 52047 86614 96244 84483 103291 58899 21571 104536 98210 27903 47800 38389 80423 57790 96533 113007 25507 47827 101791 101242 102843
63383 29634 9055 36195 81421 58458 54956 68938 34843 30935 77638 49298 37313 24777 109767 0 74126 51432 54225 62923 42333 44228 15159 687 51675 75815 58479 91109 74604 76240 34571 49539 83397 61630 90582 41844 21249 12375 105938 67450 98491 57080 78169 76565 35962 14438 16259 51651 68013 57928 27391 26949 25541 40890 64947 95560 16645 15936 91157 66688 73797 30739 51977 13377 7815 99704 66935 25574 18868 32014
27288 70324 65231 44660 10506 16817 40694 11098 42441 49074 12705 33682 38256 52210 37231 74126 0 35835 54896 11742 32830 44194 82978 74481 36161 15973 52660 19285 13525 20976 39613 30405 16844 36192 22625 33075 82922 86228 35875 32759 41007 47861 17605 15833 38213 67350 83909 23513 12696 16683 49642 59018 49726 66643 25024 31681 67548 61512 18527 26392 19807 43884 23445 61282 78270 38987 26783 64563 64197 65703
47113 37029 42793 15239 46218 30383 52170 38816 17553 20554 32008 40743 31381 39794 72131 51432 35835 0 20020 30632 29010 9298 54908 51495 529 47514 19375 55018 45088 27102 26681 36989 51762 53035 58243 17759 67756 61546 71626 54217 74797 14587 49962 47861 23539 39758 55581 17507 39194 28497 24225 27926 35821 31187 15082 66778 38920 35707 46831 48871 48909 24161 29423 42195 58038 73610 49347 32894 35422 31926
66772 29498 47361 24348 65396 50344 70369 58771 29368 27084 48639 58995 47384 51563 89807 54225 54896 20020 0 50625 46512 15943 51994 54030 19564 67429 5011 73680 64970 41392 41554 55561 71296 72115 77508 34988 74002 61253 90173 73824 94664 7708 69846 67747 38695 40048 52291 37323 59192 48474 32015 27282 47688 18522 30911 86325 38197 38941 62943 68690 68923 36328 48827 49446 61867 93319 69162 29514 35435 24654
19914 61716 54141 35991 18787 5120 31191 8255 32916 39787 20893 22693 26576 40533 47183 62923 11742 30632 50625 0 21162 37561 72506 63307 31073 17009 49397 28548 14708 26363 28354 19103 22462 28211 29561 23025 71187 75138 44422 26660 44297 44473 19524 17434 27290 57067 73480 14608 8568 5027 39614 49916 38168 59644 24768 37050 57492 51037 30163 20394 18337 33242 11703 49901 66782 43425 20867 55459 54270 57450
23969 47007 33868 24132 39193 16343 23895 26609 19173 25391 39428 12682 5427 19380 67458 42333 32830 29010 46512 21162 0 30651 53272 42771 29535 33689 47449 48825 32333 41513 8718 9949 41110 26645 48324 11574 50184 54676 63665 30088 58285 43057 36125 34412 9584 38607 54319 15216 25686 16157 23014 34838 17097 48734 33785 53882 39562 32328 50950 26911 32197 15457 9701 29075 45733 58786 27284 39954 36797 43845
51833 27734 36061 9300 54377 36300 54541 45813 13814 13659 41228 43222 31454 36651 80945 44228 44194 9298 15943 37561 30651 0 46271 44207 9232 54564 17714 63475 52260 36354 25696 39915 59506 56618 66237 19218 62060 53563 80068 58770 81819 14314 57085 54995 22783 31580 46882 23227 45953 34548 18252 19147 32677 22450 24349 74413 30478 28294 56052 54010 55398 20952 33794 36595 51288 80970 54469 23836 27057 22629
75930 23047 20251 40393 91288 68552 68880 79352 40986 35141 84464 62054 48843 38101 119686 15159 82978 54908 51994 72506 53272 46271 0 14472 55012 86908 56804 101051 85411 81524 44766 61655 94104 75163 101348 49904 33318 11033 116598 80625 111023 56690 89371 87611 45287 15727 1135 59599 78634 67695 33465 27124 37821 35235 69643 107152 16058 21485 98749 79165 85430 39264 62497 26449 20179 111863 79458 22954 19583 27408
63925 29195 9320 36256 81830 58866 55572 69369 34999 30975 77893 49845 37778 25334 110188 687 74481 51495 54030 63307 42771 44207 14472 0 51732 76285 58315 91526 75059 76419 34953 50050 83850 62225 91040 42122 21715 11909 106395 68028 99041 56972 78646 77033 36297 14149 15572 51939 68455 58319 27511 26769 26030 40525 65088 96062 16314 15916 91457 67228 74294 31013 52402 13876 8177 100235 67477 25262 18633 31660
47620 36964 43063 15480 46560 30866 52699 39247 17916 20773 32168 41272 31888 40229 72385 51675 36161 529 19564 31073 29535 9232 55012 51732 0 47938 18866 55325 45506 27127 27162 37518 52138 53557 58596 18272 68099 61727 71931 54725 75215 14069 50381 48279 24020 39910 55677 18012 39637 28978 24511 27996 36252 30962 15117 67159 39043 35923 46987 49367 49360 24570 29942 42530 58316 74008 49844 32919 35550 31844
16459 78065 67522 52545 10624 19089 31029 8753 49017 55933 28541 28399 38509 51683 34992 75815 15973 47514 67429 17009 33689 54564 86908 76285 47938 0 65924 17447 2578 36942 42148 26774 8028 24633 14884 38996 80501 88188 30206 19391 27302 61011 2568 817 41921 71945 87940 31485 8757 20500 55114 66059 50293 76562 39589 20525 72661 65726 29276 14022 4669 48113 24474 62453 78498 26487 14220 71544 69631 74002
66484 34447 51303 26785 63156 49619 71101 57391 31520 30199 45499 59667 48864 54226 86711 58479 52660 19375 5011 49397 47449 17714 56804 58315 18866 65924 0 71091 63415 37801 43294 56055 69299 72328 75269 35879 77890 65890 87457 73591 92994 4924 68274 66187 40304 44462 57128 36874 57940 47712 35099 31556 50281 23526 28044 84286 42700 42955 59493 68196 67730 38639 48770 52982 66039 91431 68674 34158 39813 29541
33874 89456 82466 63715 9762 32678 48403 22268 61158 67927 26514 45472 54034 67730 18675 91109 19285 55018 73680 28548 48825 63475 101051 91526 55325 17447 71091 0 17506 35538 56670 43383 9719 41729 7152 51446 97353 103410 16609 35908 27197 66415 16138 16638 55799 85607 102026 42307 23374 33381 68083 77973 65880 85922 43060 16175 85992 79585 18199 31255 21583 61788 39142 77898 94452 23740 31390 83529 82731 84904
17002 76079 66201 50476 9485 17186 31556 6509 47074 53989 26164 27970 37301 50700 35616 74604 13525 45088 64970 14708 32333 52260 85411 75059 45506 2578 63415 17506 0 34464 40654 26008 8796 25544 15990 37060 79933 86968 31338 20755 29709 58506 4876 2777 40273 70327 86433 29273 6830 18475 53328 64126 49138 74341 37013 22470 70979 64139 27743 14954 6471 46444 22914 61272 77510 28717 15221 69632 67900 71946
45999 64065 67238 41151 29892 30393 57388 30809 41446 46466 9133 47875 46364 59043 49314 76240 20976 27102 41392 26363 41513 36354 81524 76419 27127 36942 37801 35538 34464 0 44782 43893 36873 54525 41141 35410 89636 87271 51027 52342 60938 33697 38552 36808 42199 66026 82262 26719 32174 28973 49042 54851 55588 57082 12022 50721 65466 61258 21723 45908 40599 46006 34955 65092 81993 58326 46351 59950 61941 58910
32563 38606 25808 17632 46940 23994 30534 34677 12425 17632 44335 20196 6225 14301 75345 34571 39613 26681 41554 28354 8718 25696 44766 34953 27162 42148 43294 56670 40654 44782 0 18269 49373 34433 56613 9772 44949 46790 71903 38433 67003 39374 44622 42847 3142 29922 45794 18277 33898 23372 14598 26519 10831 41284 35246 62468 30846 23654 57062 35569 40848 7015 17745 21687 38757 67478 35931 31471 28086 35733
14417 56837 41681 33962 34285 14105 15240 21502 29083 35338 39751 4086 12931 25029 61619 49539 30405 36989 55561 19103 9949 39915 61655 50050 37518 26774 56055 43383 26008 43893 18269 0 34684 16810 41657 20713 53970 61890 56947 20189 49374 51454 28966 27566 19517 47608 62737 20601 20165 15116 32816 44699 24069 58655 38541 46038 48765 41328 48920 17563 24315 25222 9066 36176 51798 50277 17885 49729 46191 53770
24263 84177 74975 58451 7018 25655 38738 14802 55311 62205 27848 36416 46096 59473 26981 83397 16844 51762 71296 22462 41110 59506 94104 83850 52138 8028 69299 9719 8796 36873 49373 34684 0 32011 7244 45344 88503 95759 22555 26222 24218 64453 6434 7212 48890 78937 95118 37007 15475 26758 61781 72343 57933 81824 41857 15032 79529 72778 24546 21563 11891 55032 31629 70068 86287 22167 21687 77876 76401 79900
8913 72937 54913 50751 35013 24942 7590 25107 45817 51896 48163 14237 28464 37092 57668 61630 36192 53035 72115 28211 26645 56618 75163 62225 53557 24633 72328 41729 25544 54525 34433 16810 32011 0 37399 37470 60894 73600 51268 6667 38018 67613 25597 25385 36084 62325 76283 35823 23498 26744 49004 60929 37569 75367 51995 38225 63773 56172 53045 10623 20185 41445 23661 48786 62176 40182 10413 65735 61539 70165
30360 91258 82191 65504 12119 32888 44503 22037 62462 69344 32011 43167 53271 66554 20427 90582 22625 58243 77508 29561 48324 66237 101348 91040 58596 14884 75269 7152 15990 41141 56613 41657 7244 37399 0 52518 95282 102948 15359 31153 20337 70482 12772 14099 56132 86177 102362 44018 22716 33958 68992 79476 65093 88626 47465 9605 86759 80021 25237 27384 17978 62271 38868 77240 93371 17247 27422 85016 83621 86923
33267 39083 32802 13969 41721 19907 35381 30628 10022 16938 35839 24018 13658 23989 69973 41844 33075 17759 34988 23025 11574 19218 49904 42122 18272 38996 35879 51446 37060 35410 9772 20713 45344 37470 52518 0 54242 53614 67447 40003 65494 31525 41560 39582 6876 34284 50834 9841 30272 18608 16641 27069 20324 38769 25507 59499 34563 28451 49376 35747 38775 11110 15539 29879 46955 65307 36182 32572 31285 35166
65459 50876 26643 53103 88182 66174 53364 75348 50222 48408 89141 52117 44770 30976 115483 21249 82922 67756 74002 71187 50184 62060 33318 21715 68099 80501 77890 97353 79933 89636 44949 53970 88503 60894 95282 54242 0 23804 110357 67456 98898 75847 82509 81310 47438 35357 34154 63222 74084 66251 43904 46972 34120 61945 79440 98340 37683 35086 101134 68716 77426 44159 59492 25590 13716 101018 68822 46461 39446 53049
75655 33274 21005 46434 93704 70741 66740 81270 45877 41065 89214 61559 49684 37028 122076 12375 86228 61546 61253 75138 54676 53563 11033 11909 61727 88188 65890 103410 86968 87271 46790 61890 95759 73600 102948 53614 23804 0 118304 79548 110723 65244 90544 88938 48015 21998 11499 63455 80361 70162 38243 34860 37914 45439 75693 107921 23364 26025 102990 78968 86162 42527 64298 25749 12624 112004 79205 31743 26603 37124
45049 105845 97529 80074 25904 48059 58664 37247 77301 84135 42308 58299 68628 81889 8268 105938 35875 71626 90173 44422 63665 80068 116598 106395 71931 30206 87457 16609 31338 51027 71903 56947 22555 51268 15359 67447 110357 118304 0 44717 21813 82838 27985 29432 71334 101343 117603 58592 38014 49020 84019 94232 80451 102518 59415 13817 101859 95222 30830 41901 32933 77439 54166 92598 108704 17239 41866 99785 98671 101362
7125 77023 60394 53747 29999 24486 14248 21791 49045 55459 45222 18711 32811 42737 51274 67450 32759 54217 73824 26660 30088 58770 80625 68028 54725 19391 73591 35908 20755 52342 38433 20189 26222 6667 31153 40003 67456 79548 44717 0 31547 68764 19933 20073 39672 67279 81736 36720 20295 26403 53002 64887 42833 78570 51284 31578 68588 61047 48497 6441 14748 45406 25020 54408 68344 33571 6013 69903 66163 73933
35145 104472 90972 79324 31083 45849 45534 36046 75440 82308 51836 49198 62253 73717 30082 98491 41007 74797 94664 44297 58285 81819 111023 99041 75215 27302 92994 27197 29709 60938 67003 49374 24218 38018 20337 65494 98898 110723 21813 31547 0 88101 24835 26937 67401 96834 112108 58654 35869 47453 80917 92328 73308 103664 65937 11096 97844 90545 45389 31874 26724 73555 50197 85248 99778 4574 31599 97706 95060 100660
61651 35089 49455 23607 58364 44728 66567 52470 28015 27594 41074 55128 44752 50938 82279 57080 47861 14587 7708 44473 43057 14314 56690 56972 14069 61011 4924 66415 58506 33697 39374 51454 64453 67613 70482 31525 75847 65244 82838 68764 88101 0 63367 61278 36320 43453 57107 32045 53016 42818 32379 30460 46954 25207 23445 79453 41890 41285 55285 63326 62807 35171 44010 50591 64467 86570 63805 33767 38783 29960
17861 80632 69926 55112 10727 21655 32306 11276 51582 58498 29943 30394 40883 53942 33090 78169 17605 49962 69846 19524 36125 57085 89371 78646 50381 2568 68274 16138 4876 38552 44622 28966 6434 25597 12772 41560 82509 90544 27985 19933 24835 63367 0 2102 44439 74448 90408 34032 11324 23067 57658 68622 52635 79110 41717 17973 75181 68222 29446 15129 5457 50634 26981 64800 80746 23934 15254 74105 72163 76570
17255 78639 68256 53087 9993 19677 31820 9194 49603 56520 28321 29211 39255 52459 34180 76565 15833 47861 67747 17434 34412 54995 87611 77033 48279 817 66187 16638 2777 36808 42847 27566 7212 25385 14099 39582 81310 88938 29432 20073 26937 61278 2102 0 42588 72622 88642 31962 9315 21049 55748 66650 51049 77039 39705 19918 73323 66409 28693 14784 5326 48776 25153 63207 79276 26004 14972 72142 70281 74551
33491 37468 27024 15102 46039 23275 32683 34102 9939 15831 42184 21924 8719 17124 74458 35962 38213 23539 38695 27290 9584 22783 45287 36297 24020 41921 40304 55799 40273 42199 3142 19517 48890 36084 56132 6876 47438 48015 71334 39672 67401 36320 44439 42588 0 30055 46280 16011 33456 22421 13554 25284 13451 39313 32376 62381 30742 23891 55272 36360 40965 6201 17466 23483 40611 67664 36747 30470 27765 34261
62022 16020 10565 24887 75851 53297 56728 64142 25259 19561 68760 48568 34678 26398 104200 14438 67350 39758 40048 57067 38607 31580 15727 14149 39910 71945 44462 85607 70327 66026 29922 47608 78937 62325 86177 34284 35357 21998 101343 67279 96834 43453 74448 72622 30055 0 16602 43917 63511 52337 17754 12994 24899 26588 54236 92349 2424 6289 83022 65159 70768 23908 47471 16306 22243 97392 65490 11148 4671 17692
77021 23177 21371 41154 92265 69551 70009 80358 41847 35928 85287 63156 49915 39227 120655 16259 83909 55581 52291 73480 54319 46882 1135 15572 55677 87940 57128 102026 86433 82262 45794 62737 95118 76283 102362 50834 34154 11499 117603 81736 112108 57107 90408 88642 46280 16602 0 60507 79651 68680 34354 27738 38925 35332 70361 108200 16816 22445 99605 80253 86486 40239 63519 27578 21124 112934 80548 23426 20338 27662
29610 47274 42619 21501 32701 13123 35778 22772 18932 25629 26174 24616 19728 32412 60654 51651 23513 17507 37323 14608 15216 23227 59599 51939 18012 31485 36874 42307 29273 26719 18277 20601 37007 35823 44018 9841 63222 63455 58592 36720 58654 32045 34032 31962 16011 43917 60507 0 22794 11331 26173 35669 29102 45078 18615 51658 44053 38201 39537 31387 32172 20939 12185 39467 56588 57965 31861 41224 40688 42906
14592 69325 59530 43788 14120 10372 28278 1626 40292 47208 24943 22686 30770 44371 41879 68013 12696 39194 59192 8568 25686 45953 78634 68455 39637 8757 57940 23374 6830 32174 33898 20165 15475 23498 22716 30272 74084 80361 38014 20295 35869 53016 11324 9315 33456 63511 79651 22794 0 11743 46499 57340 42627 67853 32643 29227 64152 57333 30132 13863 9798 39621 16155 54718 71128 35227 14282 62837 61070 65246
19319 57605 49174 32045 23625 1928 28571 12021 28610 35521 24686 18987 21578 35536 52047 57928 16683 28497 48474 5027 16157 34548 67695 58319 28978 20500 47712 33381 18475 28973 23372 15116 26758 26744 33958 18608 66251 70162 49020 26403 47453 42818 23067 21049 22421 52337 68680 11331 11743 0 35036 45661 33142 56211 25252 40940 52841 46254 34962 20603 20866 28453 6881 44882 61755 46953 21085 51176 49673 53503
46983 24021 18596 9207 58351 36156 44764 46995 7651 4931 51190 34770 20581 19836 86614 27391 49642 24225 32015 39614 23014 18252 33465 27511 24511 55114 35099 68083 53328 49042 14598 32816 61781 49004 68992 16641 43904 38243 84019 53002 80917 32379 57658 55748 13554 17754 34354 26173 46499 35036 0 11925 16184 27466 37588 75630 17924 12301 65324 49892 54395 7597 30817 18363 33817 81093 50274 16940 14656 21223
58775 12194 20411 14432 68361 46973 56585 57680 17052 10141 58605 46695 32492 29605 96244 26949 59018 27926 27282 49916 34838 19147 27124 26769 27996 66059 31556 77973 64126 54851 26519 44699 72343 60929 79476 27069 46972 34860 94232 64887 92328 30460 68622 66650 25284 12994 27738 35669 57340 45661 11925 0 26560 16898 42864 86567 11512 11973 73245 61625 65673 19508 42131 23677 34589 92304 62017 5556 8323 9448
38169 37405 17666 23496 56278 33431 31830 43627 18967 20918 55092 24233 11857 4003 84483 25541 49726 35821 47688 38168 17097 32677 37821 26030 36252 50293 50281 65880 49138 55588 10831 24069 57933 37569 65093 20324 34120 37914 80451 42833 73308 46954 52635 51049 13451 24899 38925 29102 42627 33142 16184 26560 0 43173 45798 70039 26538 18935 67534 41435 48267 11842 26795 12166 28639 74334 41711 30222 24762 35927
71979 12202 36196 24847 76812 57837 71818 67847 29573 23660 63025 61237 47497 46394 103291 40890 66643 31187 18522 59644 48734 22450 35235 40525 30962 76562 23526 85922 74341 57082 41284 58655 81824 75367 88626 38769 61945 45439 102518 78570 103664 25207 79110 77039 39313 26588 35332 45078 67853 56211 27466 16898 43173 0 45468 96652 24275 28148 77799 74514 77022 34474 54283 40291 48697 103043 74946 15551 22711 8896
44339 52076 56028 29354 35411 27077 53304 31703 30119 34707 17799 42626 37969 49497 58899 64947 25024 15082 30911 24768 33785 24349 69643 65088 15117 39589 28044 43060 37013 12022 35246 38541 41857 51995 47465 25507 79440 75693 59415 51284 65937 23445 41717 39705 32376 54236 70361 18615 32643 25252 37588 42864 45798 45468 0 56683 53592 49671 32406 45121 42232 35342 29549 54378 71015 64011 45598 47935 50070 46940
32929 98544 87515 72942 21293 39595 45752 28966 69519 76435 41589 46775 58442 71033 21571 95560 31681 66778 86325 37050 53882 74413 107152 96062 67159 20525 84286 16175 22470 50721 62468 46038 15032 38225 9605 59499 98340 107921 13817 31578 11096 79453 17973 19918 62381 92349 108200 51658 29227 40940 75630 86567 70039 96652 56683 0 93120 86106 34333 29641 21778 68580 44914 82187 97689 7648 29521 92060 90122 94414
63180 13596 12943 24340 76252 53873 58338 64727 25211 19119 68508 49893 35859 28267 104536 16645 67548 38920 38197 57492 39562 30478 16058 16314 39043 72661 42700 85992 70979 65466 30846 48765 79529 63773 86759 34563 37683 23364 101859 68588 97844 41890 75181 73323 30742 2424 16816 44053 64152 52841 17924 11512 26538 24275 53592 93120 0 7619 82892 66279 71630 24548 48207 18534 24459 98299 66620 8963 3525 15385
55743 19517 8457 20496 69823 47163 50721 57994 19951 15153 63481 42341 28400 20831 98210 15936 61512 35707 38941 51037 32328 28294 21485 15916 35923 65726 42955 79585 64139 61258 23654 41328 72778 56172 80021 28451 35086 26025 95222 61047 90545 41285 68222 66409 23891 6289 22445 38201 57333 46254 12301 11973 18935 28148 49671 86106 7619 0 77547 58875 64501 17802 41256 12249 23182 91114 59207 12960 6189 19575
44230 83583 82140 58891 18741 35277 58375 28525 57763 63857 14825 52123 56368 70257 27903 91157 18527 46831 62943 30163 50950 56052 98749 91457 46987 29276 59493 18199 27743 21723 57062 48920 24546 53045 25237 49376 101134 102990 30830 48497 45389 55285 29446 28693 55272 83022 99605 39537 30132 34962 65324 73245 67534 77799 32406 34333 82892 77547 0 42590 33931 60474 41816 78700 95808 41817 42891 78646 79419 78599
3327 73816 59098 49683 24403 18675 17192 15375 45238 51888 38801 17416 30490 41940 47800 66688 26392 48871 68690 20394 26911 54010 79165 67228 49367 14022 68196 31255 14954 45908 35569 17563 21563 10623 27384 35747 68716 78968 41901 6441 31874 63326 15129 14784 36360 65159 80253 31387 13863 20603 49892 61625 41435 74514 45121 29641 66279 58875 42590 0 9674 42363 20302 53404 68315 33049 483 66826 63632 70420
12437 77792 65739 52603 15292 19187 26849 10540 48738 55620 32504 25383 36670 49342 38389 73797 19807 48909 68923 18337 32197 55398 85430 74294 49360 4669 67730 21583 6471 40599 40848 24315 11891 20185 17978 38775 77426 86162 32933 14748 26724 62807 5457 5326 40965 70768 86486 32172 9798 20866 54395 65673 48267 77022 42232 21778 71630 64501 33931 9674 0 47158 23584 60421 76080 26702 9809 71086 68722 73940
39422 31618 21693 11979 52026 29389 37400 40235 7156 10844 46912 27208 13102 15844 80423 30739 43884 24161 36328 33242 15457 20952 39264 31013 24570 48113 38639 61788 46444 46006 7015 25222 55032 41445 62271 11110 44159 42527 77439 45406 73555 35171 50634 48776 6201 23908 40239 20939 39621 28453 7597 19508 11842 34474 35342 68580 24548 17802 60474 42363 47158 0 23666 19096 36025 73855 42738 24516 21566 28726
18040 54284 43410 29508 29494 6704 23835 16980 25311 32136 31372 13142 15024 28942 57790 51977 23445 29423 48827 11703 9701 33794 62497 52402 29942 24474 48770 39142 22914 34955 17745 9066 31629 23661 38868 15539 59492 64298 54166 25020 50197 44010 26981 25153 17466 47471 63519 12185 16155 6881 30817 42131 26795 54283 29549 44914 48207 41256 41816 20302 23584 23666 0 38758 55427 50276 20749 47517 45220 50579
50111 31596 6407 27538 68246 45313 42431 55679 24703 23007 65636 36058 23972 11696 96533 13377 61282 42195 49446 49901 29075 36595 26449 13876 42530 62453 52982 77898 61272 65092 21687 36176 70068 48786 77240 29879 25590 25749 92598 54408 85248 50591 64800 63207 23483 16306 27578 39467 54718 44882 18363 23677 12166 40291 54378 82187 18534 12249 78700 53404 60421 19096 38758 0 17128 86386 53662 25208 18271 31812
64987 37344 15274 42884 84890 62070 55080 72184 40960 37769 82752 50950 40434 26818 113007 7815 78270 58038 61867 66782 45733 51288 20179 8177 58316 78498 66039 94452 77510 81993 38757 51798 86287 62176 93371 46955 13716 12624 108704 68344 99778 64467 80746 79276 40611 22243 21124 56588 71128 61755 33817 34589 28639 48697 71015 97689 24459 23182 95808 68315 76080 36025 55427 17128 0 101326 68513 33385 26619 39826
36371 104384 91958 78984 28730 45462 47764 35198 75312 82216 49194 50465 63020 74980 25507 99704 38987 73610 93319 43425 58786 80970 111863 100235 74008 26487 91431 23740 28717 58326 67478 50277 22167 40182 17247 65307 101018 112004 17239 33571 4574 86570 23934 26004 67664 97392 112934 57965 35227 46953 81093 92304 74334 103043 64011 7648 98299 91114 41817 33049 26702 73855 50276 86386 101326 0 32830 97743 95416 100416
3552 74208 59376 50113 24650 19157 17108 15784 45654 52294 39214 17647 30815 42178 47827 66935 26783 49347 69162 20867 27284 54469 79458 67477 49844 14220 68674 31390 15221 46351 35931 17885 21687 10413 27422 36182 68822 79205 41866 6013 31599 63805 15254 14972 36747 65490 80548 31861 14282 21085 50274 62017 41711 74946 45598 29521 66620 59207 42891 483 9809 42738 20749 53662 68513 32830 0 67210 63986 70827
63923 7251 20701 19941 73916 52466 61089 63196 22569 15672 63961 51534 37275 32856 101791 25574 64563 32894 29514 55459 39954 23836 22954 25262 32919 71544 34158 83529 69632 59950 31471 49729 77876 65735 85016 32572 46461 31743 99785 69903 97706 33767 74105 72142 30470 11148 23426 41224 62837 51176 16940 5556 30222 15551 47935 92060 8963 12960 78646 66826 71086 24516 47517 25208 33385 97743 67210 0 7181 6719
60581 13353 13523 20816 73003 50755 56360 61605 21798 15610 65010 47522 33357 26907 101242 18868 64197 35422 35435 54270 36797 27057 19583 18633 35550 69631 39813 82731 67900 61941 28086 46191 76401 61539 83621 31285 39446 26603 98671 66163 95060 38783 72163 70281 27765 4671 20338 40688 61070 49673 14656 8323 24762 22711 50070 90122 3525 6189 79419 63632 68722 21566 45220 18271 26619 95416 63986 7181 0 13899
67663 5240 27420 21472 75466 54954 65973 65448 25269 18533 63788 55929 41794 38839 102843 32014 65703 31926 24654 57450 43845 22629 27408 31660 31844 74002 29541 84904 71946 58910 35733 53770 79900 70165 86923 35166 53049 37124 101362 73933 100660 29960 76570 74551 34261 17692 27662 42906 65246 53503 21223 9448 35927 8896 46940 94414 15385 19575 78599 70420 73940 28726 50579 31812 39826 100416 70827 6719 13899 0
