StringID  Type  x          y          demand  ReadyTime  DueDate  ServiceTime
D0        d     -19234.07   -17723.27   0.0     0.0        86400.0  0.0
D1        d     67298.22    9557.32     0.0     0.0        86400.0  0.0
C001      c     -32002.40   -59812.92   560.0   5062.0     25685.0  1120.0
C002      c     79441.17    -1261.46    156.0   1375.0     21464.0  312.0
C003      c     -8072.15    27394.94    284.0   1267.0     20253.0  568.0
C004      c     -20846.77   -45827.95   514.0   3193.0     23035.0  1028.0
C005      c     36195.21    9333.04     599.0   4006.0     23837.0  1198.0
C006      c     77203.04    -16042.36   331.0   3299.0     22373.0  662.0
C007      c     65844.16    -5736.55    349.0   729.0      20644.0  698.0
C008      c     34980.48    61880.52    725.0   2434.0     21926.0  1450.0
C009      c     68253.10    16198.83    147.0   2805.0     21603.0  294.0
C010      c     -52861.54   23124.10    287.0   4145.0     24565.0  574.0
C011      c     -40478.87   36399.91    771.0   1258.0     21860.0  1542.0
C012      c     -61012.54   28792.31    536.0   4154.0     23861.0  1072.0
C013      c     -50202.00   19124.58    633.0   1289.0     21010.0  1266.0
C014      c     -69331.63   40155.09    363.0   4663.0     24837.0  726.0
C015      c     71441.28    11218.38    489.0   5345.0     24329.0  978.0
C016      c     60256.11    9781.59     342.0   2236.0     21578.0  684.0
C017      c     72800.07    29957.58    266.0   3617.0     23336.0  532.0
C018      c     68471.79    -27655.13   355.0   1122.0     20805.0  710.0
C019      c     17415.49    -22183.61   338.0   1171.0     20178.0  676.0
C020      c     7640.39     68487.10    502.0   3618.0     23698.0  1004.0
C021      c     76858.85    -11635.56   648.0   4391.0     25373.0  1296.0
C022      c     15119.11    -35868.20   780.0   4668.0     25821.0  1560.0
C023      c     39520.69    -48521.99   458.0   721.0      20319.0  916.0
C024      c     -52226.05   -22735.55   603.0   2745.0     23448.0  1206.0
C025      c     57863.89    -876.30     423.0   1534.0     21374.0  846.0
C026      c     -51757.91   -38468.83   199.0   2909.0     22289.0  398.0
C027      c     59196.68    31299.15    477.0   3895.0     24048.0  954.0
C028      c     -87304.80   -72304.91   247.0   851.0      19866.0  494.0
C029      c     9924.11     40328.48    620.0   3849.0     24934.0  1240.0
C030      c     -127364.56  2135.59     403.0   4503.0     24924.0  806.0
C031      c     62368.75    23222.36    730.0   3004.0     23871.0  1460.0
C032      c     32650.24    46541.44    828.0   1764.0     22495.0  1656.0
C033      c     66661.64    -64779.87   641.0   4312.0     23990.0  1282.0
C034      c     -46738.58   33092.53    775.0   4467.0     24510.0  1550.0
C035      c     -43908.05   -23709.71   773.0   37445.0    58827.0  1546.0
C036      c     -55684.93   -29523.69   159.0   33298.0    51660.0  318.0
C037      c     -40265.20   -21650.48   295.0   35858.0    56128.0  590.0
C038      c     24898.84    3552.22     387.0   34987.0    53958.0  774.0
C039      c     77398.97    -11650.69   192.0   37707.0    56616.0  384.0
C040      c     -25047.73   -3525.20    738.0   37251.0    57370.0  1476.0
C041      c     53460.74    10718.45    734.0   33248.0    53292.0  1468.0
C042      c     45122.09    -14875.51   804.0   35465.0    57001.0  1608.0
C043      c     25785.72    54624.38    733.0   36919.0    58156.0  1466.0
C044      c     -31269.99   -16626.61   187.0   34924.0    54316.0  374.0
C045      c     30678.80    19465.67    752.0   33378.0    54745.0  1504.0
C046      c     -26539.87   16353.47    481.0   33617.0    53092.0  962.0
C047      c     67350.06    -17280.21   325.0   34502.0    53723.0  650.0
C048      c     -57524.13   -22552.32   337.0   35141.0    54325.0  674.0
C049      c     34311.55    66054.07    404.0   36515.0    56941.0  808.0
C050      c     60471.71    22174.71    691.0   34466.0    55669.0  1382.0
C051      c     -55905.60   -27061.19   214.0   34070.0    53767.0  428.0
C052      c     -17002.83   -15246.42   411.0   34725.0    54433.0  822.0
C053      c     46200.83    -14648.03   649.0   34390.0    53693.0  1298.0
C054      c     -79169.28   2621.74     812.0   33200.0    54706.0  1624.0
C055      c     77133.01    -33067.64   770.0   34322.0    55322.0  1540.0
C056      c     10410.42    84746.77    795.0   36833.0    58052.0  1590.0
C057      c     -19511.32   18039.50    718.0   35340.0    55059.0  1436.0
C058      c     66153.99    -36004.51   142.0   35527.0    55387.0  284.0
C059      c     -39873.25   2972.71     372.0   34663.0    54898.0  744.0
C060      c     41975.37    -11394.34   270.0   33925.0    53422.0  540.0
C061      c     -90497.96   1034.68     464.0   35781.0    55089.0  928.0
C062      c     -29714.29   13434.67    475.0   36614.0    56021.0  950.0
C063      c     -70106.71   -5090.17    122.0   36176.0    55467.0  244.0
C064      c     -42879.18   -12155.94   509.0   35908.0    55773.0  1018.0
C065      c     59753.52    -20409.59   491.0   34211.0    54515.0  982.0
C066      c     68487.23    -11673.33   433.0   35528.0    54701.0  866.0
C067      c     -88074.65   -45.60      394.0   37407.0    56395.0  788.0
C068      c     67546.60    20020.82    569.0   33809.0    53626.0  1138.0
C069      c     38150.11    -17275.29   515.0   36321.0    57294.0  1030.0
C070      c     31034.67    -27985.36   161.0   66001.0    85930.0  322.0
C071      c     63534.85    16367.04    379.0   66876.0    86254.0  758.0
C072      c     -20607.41   -40165.43   135.0   66487.0    85635.0  270.0
C073      c     50099.01    -57798.04   407.0   67404.0    86326.0  814.0
C074      c     -26710.10   32015.66    256.0   65540.0    85707.0  512.0
C075      c     59302.22    -1739.41    151.0   66492.0    86342.0  302.0
F1        f     -19234.07   -17723.27   0.0     0.0        86400.0  0.0
F2        f     -52226.05   -22735.55   0.0     0.0        86400.0  0.0
F3        f     36350.50    -1348.97    0.0     0.0        86400.0  0.0
F4        f     65844.16    -5736.55    0.0     0.0        86400.0  0.0
F5        f     -46738.58   33092.53    0.0     0.0        86400.0  0.0
F6        f     62707.45    18474.49    0.0     0.0        86400.0  0.0
F7        f     75796.89    304.09      0.0     0.0        86400.0  0.0
F8        f     -6956.89    -59004.15   0.0     0.0        86400.0  0.0

m numVeh /11/
m numPetrolVeh /6/
m numElectroVeh /5/

DistanceMatrix
0 90731 43984 100039 46478 28151 61680 96452 85918 96312 93833 52909 58143 62523 48133 76548 95182 84114 103652 88266 36920 90302 96286 38851 66338 33371 78917 38577 92491 87251 64963 109939 91299 82595 97941 57782 25390 38313 21395 48993 96824 15342 78061 64419 85211 12086 62244 34851 86585 38593 99427 89134 37842 3334 65507 63294 97581 106672 35764 87323 29228 61536 73691 32873 52418 24292 79033 87930 71074 94634 57386 51306 89514 22484 80082 50298 80146 0 33371 57946 85918 57782 89581 96726 43068
90731 0 121132 16263 77452 104101 31104 27449 15363 61499 6710 120923 111069 129745 117889 140014 4464 7046 21129 37231 59125 83856 23250 69182 64380 123810 14067 128378 23202 174939 65105 194804 14527 50678 74340 116440 116076 129043 111999 42823 23491 93268 13886 32996 61273 101987 37936 94084 26838 128886 65422 14346 128531 87874 32109 146632 43745 94285 87223 45576 107374 32867 158026 97090 138183 112297 30902 21264 155669 10466 39618 52197 7780 100994 69517 96654 13840 90731 123810 32813 15363 116440 10030 12564 101067
43984 121132 0 125889 90432 17889 97119 117651 111795 138910 125813 85520 96586 93233 81008 106710 125483 115564 137994 105495 62114 134285 119045 52856 72409 42234 107468 29084 128913 56696 108564 113717 125701 124464 98789 94067 38016 38449 39047 85164 119534 56716 110809 89261 128200 43193 101064 76362 108074 45163 142267 123586 40547 47023 90308 78248 112365 150653 78848 101003 63277 88414 84405 73283 66682 48882 99859 111425 81953 127607 82042 70616 122191 22713 82126 91981 108208 43984 42234 89945 111795 94067 122877 123429 25059
100039 16263 125889 0 92086 109744 44525 14949 14315 77225 20737 134531 125695 143633 131236 154430 14824 22136 31918 28582 65459 100101 10691 73041 61864 133407 21581 136373 38341 181250 81008 206834 29848 66892 64791 130773 125375 138050 121430 54754 10588 104513 28609 36921 77473 111772 52985 107435 20070 138610 81044 30151 137784 97453 35835 158658 31890 110284 100817 37197 119390 38812 169955 110140 149597 122805 27464 15113 167520 24381 44288 55293 23744 107346 63697 111245 20145 100039 133407 43091 14315 130773 25875 3966 103917
46478 77452 90432 92086 0 74329 47810 95701 81002 55161 77142 44993 33635 52959 42934 62574 81142 70562 80913 94284 55746 43994 93470 67380 89602 66803 71741 79035 67382 127349 22162 121937 70564 44999 118665 39084 62417 74207 58667 40689 93967 35274 63753 67944 43449 49760 39554 21517 87661 70287 57366 68742 72481 43567 68653 75290 104478 60256 14778 97617 40097 63320 86538 25754 70025 52686 82979 85952 84578 75977 64280 67796 72451 68713 103159 19202 73404 46478 66803 52911 81002 39084 71340 88136 86406
28151 104101 17889 109744 74329 0 79351 102474 95513 121317 108564 76022 84539 84744 71278 98711 108496 98337 120471 91149 44978 117811 103516 37319 60428 38960 90642 31775 111155 71538 91486 116818 108133 106743 89537 83059 31954 38465 31010 67313 104021 42511 93376 72869 110749 31006 83175 62441 92702 43439 124740 106005 39766 30822 73943 75821 98807 134264 63881 87554 52379 71640 83949 59922 63923 40240 84513 95640 81336 110225 65543 54864 104826 5668 71949 78064 91475 28151 38960 72456 95513 83059 105433 107090 19145
61680 31104 97119 44525 47810 79351 0 48224 33259 52562 32785 90118 81311 99136 86950 109936 35296 24065 42015 49091 36688 65685 45752 49873 57951 94057 23953 100104 31805 148044 40631 163718 29631 37377 80131 86270 86651 99759 82500 12690 46239 62578 17321 25802 46472 72287 11537 63127 40974 98995 56752 27464 99031 58602 25985 115560 58938 79700 56383 54342 76334 21518 126965 66037 107276 81942 37942 38523 124623 33123 26680 37674 28230 75343 68556 66870 25623 61680 94057 10683 33259 86270 28044 40618 80821
96452 27449 117651 14949 95701 102474 48224 0 15337 88627 33460 135834 128838 145306 132169 156941 27863 30888 46210 14529 60102 109472 4420 65173 49748 129602 24577 130896 50650 173863 87773 205374 41973 76822 49864 133326 121354 133570 117602 55854 4396 103014 35775 32102 87393 108475 58526 108683 9930 134884 92626 41719 133564 94209 31034 157482 17025 120912 102544 22816 118610 35533 168568 110906 147716 120145 17988 9750 166050 37334 39072 47688 35174 100741 49781 114488 22913 96452 129602 43415 15337 133326 37437 16407 94491
85918 15363 111795 14315 81002 95513 33259 15337 0 74328 22067 122164 114368 131472 118679 142753 17855 16494 36366 22076 51145 94323 12495 59000 50235 119288 9344 122072 37628 166991 72450 193369 29167 61926 59049 119091 111214 123835 107296 41986 12980 90919 20594 22648 72444 97723 43264 94988 11641 124509 78410 28424 123603 83391 21570 145254 29571 106114 88605 30270 106076 24530 156489 97463 135952 108913 15887 6499 154024 25814 30002 41312 22224 93055 54390 99958 7666 85918 119288 29818 0 119091 24413 11642 90208
96312 61499 138910 77225 55161 121317 52562 88627 74328 0 56514 96012 79645 101536 95311 106551 62418 57906 49491 95594 85880 28127 84607 99746 110496 121511 66799 132641 39008 181547 33050 172990 47377 15515 130562 86642 116401 128744 112425 59193 84889 88777 54397 77423 11713 102725 42632 76534 85523 125244 4227 47184 127165 93010 77347 128615 103884 33564 69938 102729 95253 73608 139453 80823 124613 107441 85938 80826 137759 53036 79219 89952 53729 116204 120630 68539 68111 96312 121511 63244 74328 86642 51506 73876 127953
93833 6710 125813 20737 77142 108564 32785 33460 22067 56514 0 121312 110593 129878 118491 139655 5913 10253 14491 43855 63700 80050 29134 74392 70812 126614 19987 131876 17608 178973 63123 196123 9163 46779 80994 116226 119050 132103 114930 45161 29313 95363 15775 38738 57271 104797 37716 94793 33491 131611 60312 9811 131479 90870 37919 148046 50060 89692 87784 52246 108932 38104 159474 98006 139988 114693 37582 27873 157169 3887 45019 57771 4721 105229 76191 96271 20047 93833 126614 36410 22067 116226 5994 17594 106358
52909 120923 85520 134531 44993 76022 90118 135834 122164 96012 121312 0 18154 9928 4803 23692 124872 113902 125847 131531 83616 75619 134297 90008 116909 45864 113297 61603 112356 101455 65100 77403 115230 88660 148367 11699 47682 52723 46513 80186 134822 38520 107044 105094 84721 45236 83620 27179 126820 45914 97171 113337 50278 52518 106019 33353 141620 88322 33736 132894 23974 100924 43640 25093 33067 36665 120737 126239 42152 120448 99575 98238 116592 71034 130955 27622 114886 52909 45864 92508 122164 11699 115662 130667 94087
58143 111069 96586 125695 33635 84539 81311 128838 114368 79645 110593 18154 0 21898 19824 29096 114718 104192 113462 126385 82364 57836 126789 91180 116669 60291 105170 75714 99806 118361 50556 93398 103688 73829 147365 7080 60207 67655 58051 73166 127295 42803 97387 99783 68725 53820 73145 24416 120452 61367 80455 101948 65309 56732 100595 51361 136595 70194 27870 128891 33433 95305 61259 25363 50983 48615 115212 119099 59947 109260 95203 96227 105925 79102 130681 14450 106822 58143 60291 85602 114368 7080 104732 121750 101122
62523 129745 93233 143633 52959 84744 99136 145306 131472 101536 129878 9928 21898 0 14503 14083 133615 122750 133818 141253 93539 79303 143676 99885 126824 52272 122523 67895 120235 104460 71869 71506 123507 95330 158292 14908 55218 58559 54543 89542 144199 48352 115891 114767 90561 54291 92164 36648 136380 51463 102348 121664 56086 62260 115680 31852 151363 90731 42872 142723 33369 110551 40495 34863 35082 44784 130404 135675 39547 128858 109341 108150 125166 79923 140868 34454 124128 62523 52272 101922 131472 14908 124149 139744 103103
48133 117889 81008 131236 42934 71278 86950 132169 118679 95311 118491 4803 19824 14503 0 28429 121900 110853 123478 127561 79237 76042 130731 85388 112366 41909 109901 57614 110074 98671 63755 79011 112645 87271 143865 14391 43294 48956 41968 76698 131260 33849 104003 101206 83871 40455 80882 23824 123060 42315 96669 110716 46537 47787 102147 33338 137616 89332 30710 128755 19172 97098 44170 21263 31346 32126 116847 122620 42448 117752 95557 93908 113770 66266 126402 26796 111474 48133 41909 88941 118679 14391 112911 127397 89299
76548 140014 106710 154430 62574 98711 109936 156941 142753 106551 139655 23692 29096 14083 28429 0 143716 133100 142497 153584 106823 82021 155093 113629 140401 65175 133650 80564 128833 113887 79256 69378 132784 102182 171772 23671 68739 71003 68299 101090 155608 62202 126271 126996 96212 68358 102128 48966 148259 63809 106830 131043 68544 76208 127872 38801 163748 91363 54508 155424 47438 122665 44479 47786 45252 58619 142587 147242 44355 138351 121863 121312 134979 93944 154462 43392 135284 76548 65175 113540 142753 23671 133807 150500 117146
95182 4464 125483 14824 81142 108496 35296 27863 17855 62418 5913 124872 114718 133615 121900 143716 0 11277 18788 38987 63518 85734 23487 73412 67734 128244 18183 132841 23520 179378 68057 199013 15047 52464 76148 120187 120522 133495 116442 47170 23632 97609 17987 37062 62996 106419 41588 98116 28791 133314 66224 15504 132976 92319 36141 150856 44650 95557 91208 47518 111620 37143 162259 101180 142484 116686 33718 23082 159913 9626 43820 56299 9435 105419 72241 100331 17756 95182 128244 37273 17855 120187 11355 11751 105250
84114 7046 115564 22136 70562 98337 24065 30888 16494 57906 10253 113902 104192 122750 110853 133100 11277 0 23758 38328 53452 78834 27099 64197 61881 117088 10923 121964 21544 168856 58876 187776 13606 45971 74836 109505 109416 122422 105321 35902 27445 86335 6860 28931 56560 95260 31122 87044 27976 122138 61965 12395 121864 81212 28184 139609 46053 90024 80194 46164 100361 27975 151008 90045 131208 105443 30195 22980 148656 12570 34939 47752 7357 95045 68339 89763 11560 84114 117088 26370 16494 109505 9032 18203 96172
103652 21129 137994 31918 80913 120471 42015 46210 36366 49491 14491 125847 113462 133818 123478 142497 18788 23758 0 57775 76067 75699 41791 87522 85244 135676 34261 142116 13669 189977 63726 202089 12417 43440 94936 119580 128456 141585 124287 54697 41862 103418 27279 52688 53092 114020 43408 100267 47551 140505 52767 14579 140770 100538 51934 154408 63174 83032 93078 66296 115860 51577 165840 103837 147142 123107 52029 41854 163649 11240 58580 71426 16448 116800 90644 99531 34451 103652 135676 48049 36366 119580 15288 29805 119480
88266 37231 105495 28582 94284 91149 49091 14529 22076 95594 43855 131531 126385 141253 127561 153584 38987 38328 57775 0 51349 113771 18082 53981 35687 120798 28803 120715 59679 162049 89720 198089 51242 82391 37169 130245 112449 124171 108903 53596 18326 96582 41205 26618 92693 100350 60404 104709 10435 126099 99741 50468 124379 86371 25791 150714 10213 126512 99141 8665 112591 31088 161538 106437 140404 112424 11336 15982 158962 47685 32049 37439 44298 89953 35301 112340 27490 88266 120798 41519 22076 130245 46488 28903 81684
36920 59125 62114 65459 55746 44978 36688 60102 51145 85880 63700 83616 82364 93539 79237 106823 63518 53452 76067 51349 0 91196 60372 13876 34385 69644 45717 71065 67868 116097 62959 146808 63894 70393 65112 84683 61343 73468 57683 26802 60901 46382 48804 28654 77263 49002 43710 58457 50175 74941 89841 61818 73483 35110 29755 99719 60701 107160 54603 50660 62569 26825 110383 59075 89176 61123 42375 52142 107788 65531 21308 14803 60109 42061 48338 69890 46610 36920 69644 28153 51145 84683 60864 62563 44156
90302 83856 134285 100101 43994 117811 65685 109472 94323 28127 80050 75619 57836 79303 76042 82021 85734 78834 75699 113771 91196 0 105881 104623 121274 109113 85637 122343 63569 169815 28251 150429 71022 33273 145752 64883 105629 116689 102077 67189 106247 79084 73734 91401 22835 93586 54165 62339 104505 111958 26782 70257 114750 87285 91643 108969 123055 16494 57290 119760 80930 86948 119084 66529 107043 95161 103046 100638 117720 77057 91028 99268 76424 112264 133232 50101 87182 90302 109113 75507 94323 64883 74388 96407 128324
96286 23250 119045 10691 93470 103516 45752 4420 12495 84607 29134 134297 126789 143676 130731 155093 23487 27099 41791 18082 60372 105881 0 66325 52486 129561 21830 131386 46426 175016 84738 204687 37750 73068 54114 131442 121369 133745 117551 54134 540 102229 32360 31902 83659 108244 55677 107120 11058 134826 88577 37572 133658 93931 30806 156678 21434 117068 100836 26617 117643 34884 167836 109482 147111 119739 19224 8372 165340 32998 39117 48654 31011 101556 53358 112392 20154 96286 129561 41794 12495 131442 33270 11987 96275
38851 69182 52856 73041 67380 37319 49873 65173 59000 99746 74392 90008 91180 99885 85388 113629 73412 64197 87522 53981 13876 104623 66325 0 27487 68614 55241 66928 80339 108712 76374 147465 75659 84254 59098 92639 60266 71088 57180 40615 66823 51570 60336 36618 91119 50221 57480 66802 55440 73854 103714 73660 71569 38172 37635 101842 62077 120707 64073 51035 67326 36335 111878 66639 90613 62658 47236 58596 109235 76630 29599 17761 71222 35984 41286 79736 55829 38851 68614 40526 59000 92639 72234 70642 31978
66338 64380 72409 61864 89602 60428 57951 49748 50235 110496 70812 116909 116669 126824 112366 140401 67734 61881 85244 35687 34385 121274 52486 27487 0 95302 51055 91831 82210 129036 93650 174404 75295 95311 31638 118750 87040 97083 84189 54088 52861 78701 60858 34110 104057 77644 68560 92590 41839 100460 114694 73736 97810 65591 34526 129240 40664 136411 88967 29428 94631 37209 139143 92909 117917 90068 34636 46871 136494 74051 31277 22221 69190 60706 14069 104273 50793 66338 95302 47279 50235 118750 70895 60827 47645
33371 123810 42234 133407 66803 38960 94057 129602 119288 121511 126614 45864 60291 52272 41909 65175 128244 117088 135676 120798 69644 109113 129561 68614 95302 0 112239 15740 123834 60726 88542 79148 123467 109560 126103 56097 8375 7619 12010 81482 130098 33282 110855 97665 109865 21828 93028 46773 119700 5301 123985 121317 5679 36011 98759 36999 129771 124402 52277 119121 28522 94882 45053 42604 25121 14117 112004 121219 42426 127175 90541 83426 122187 36105 108166 60405 113487 33371 0 91122 119288 56097 122098 130080 58006
78917 14067 107468 21581 71741 90642 23953 24577 9344 66799 19987 113297 105170 122523 109901 133650 18183 10923 34261 28803 45717 85637 21830 55241 51055 112239 0 115888 32203 161790 63214 185253 24516 53704 64506 109980 104302 117107 100304 33261 22309 82954 12403 18930 64104 90515 33953 86144 18949 117406 70953 23198 116744 76233 18047 137078 37518 97894 79654 36093 97813 19055 148374 88740 128040 101373 19624 15147 145941 23031 25643 38141 18152 87758 57449 90745 1677 78917 112239 21519 9344 109980 19948 17972 87067
38577 128378 29084 136373 79035 31775 100104 130896 122072 132641 131876 61603 75714 67895 57614 80564 132841 121964 142116 120715 71065 122343 131386 66928 91831 15740 115888 0 131067 49076 100068 85820 129733 119798 121307 71737 16717 9769 20370 87419 131912 43983 116148 99711 121158 29947 100758 60344 120978 16929 135399 127566 12138 41799 100813 49395 129004 138011 65062 117938 43112 97565 55329 56391 38090 27770 112964 123195 52870 132871 92372 83454 127669 31197 103675 74803 116976 38577 15740 95608 122072 71737 127847 133318 49283
92491 23202 128913 38341 67382 111155 31805 50650 37628 39008 17608 112356 99806 120235 110074 128833 23520 21544 13669 59679 67868 63569 46426 80339 82210 123834 32203 131067 0 179434 50093 188827 8677 30611 96369 105950 116861 129989 112678 44116 46648 91158 21365 48272 40747 102377 30876 87029 49259 128545 42745 9213 129052 89291 47750 141307 66819 72365 79817 67662 103040 46036 152723 90688 134326 110941 51712 43965 150570 14033 52938 65633 15550 107126 89560 85910 33039 92491 123834 39848 37628 105950 13297 35160 111942
87251 174939 56696 181250 127349 71538 148044 173863 166991 181547 178973 101455 118361 104460 98671 113887 179378 168856 189977 162049 116097 169815 175016 108712 129036 60726 161790 49076 179434 0 148794 84535 177560 168860 154150 112935 65152 53198 69127 135440 175517 92772 163425 144343 170002 78993 149472 107483 164152 57985 184211 175398 55072 90543 145424 75367 169054 184969 112952 157694 88975 142911 73409 103286 69380 74777 155946 167175 72263 180286 136993 126366 174972 74037 138167 120642 162706 87251 60726 142567 166991 112935 175341 178534 81441
64963 65105 108564 81008 22162 91486 40631 87773 72450 33050 63123 65100 50556 71869 63755 79256 68057 58876 63726 89720 62959 28251 84738 76374 93650 88542 63214 100068 50093 148794 0 142502 55164 23560 119444 57123 83659 95833 79752 39708 85174 56091 52652 65470 21353 70291 29428 43640 81342 92213 35448 53709 94207 61755 65867 96744 99519 44421 36922 94808 62251 60848 107836 47901 92021 74450 78563 78319 105990 61096 64147 71501 58722 86090 106032 37566 64868 64963 88542 49349 72450 57123 57129 77079 100757
109939 194804 113717 206834 121937 116818 163718 205374 193369 172990 196123 77403 93398 71506 79011 69378 199013 187776 202089 198089 146808 150429 204687 147465 174404 79148 185253 85820 188827 84535 142502 0 190901 166062 205241 86365 87367 78360 90289 152270 205227 102473 181029 173323 161895 97909 158991 101822 195680 74075 173853 188902 77193 111722 174375 48198 207505 160644 109020 197241 87495 169880 36883 98302 57712 85686 188471 196338 39350 195730 166649 161238 191429 114832 187311 104996 186707 109939 79148 163752 193369 86365 190773 203170 135041
91299 14527 125701 29848 70564 108133 29631 41973 29167 47377 9163 115230 103688 123507 112645 132784 15047 13606 12417 51242 63894 71022 37750 75659 75295 123467 24516 129733 8677 177560 55164 190901 0 37775 88107 109553 116178 129301 112015 42319 37974 91417 15353 41820 48212 101765 31912 89174 40808 128334 51203 2167 128519 88203 41177 143029 58194 80529 82044 59348 104228 40177 154469 92602 135467 111035 43710 35428 152232 6088 47187 60034 6954 104418 81944 89512 25149 91299 123467 35787 29167 109553 4760 26562 107551
82595 50678 124464 66892 44999 106743 37377 76822 61926 15515 46779 88660 73829 95330 87271 102182 52464 45971 43440 82391 70393 33273 73068 84254 95311 109560 53704 119798 30611 168860 23560 166062 37775 0 116401 80520 103906 116572 99834 43682 73408 76392 41429 62670 10605 89867 27147 66444 72645 113602 19583 36983 115150 79266 62672 120136 91194 44207 59441 89086 84604 58681 131287 70607 114999 95656 72229 68361 129402 43830 64053 74544 43178 101757 105788 61112 55149 82595 109560 48033 61926 80520 41124 63242 112732
97941 74340 98789 64791 118665 89537 80131 49864 59049 130562 80994 148367 147365 158292 143865 171772 76148 74836 94936 37169 65112 145752 54114 59098 31638 126103 64506 121307 96369 154150 119444 205241 88107 116401 0 149795 117951 127325 115297 80084 54203 110285 76644 54354 126207 109130 91608 123568 47505 131169 134774 87175 128240 97228 54147 160654 33396 159757 119519 28780 126254 58817 170384 124120 149226 121526 44905 53138 167731 84805 55404 51216 81207 90674 17974 134490 63469 97941 126103 70301 59049 149795 83348 65722 73845
57782 116440 94067 130773 39084 83059 86270 133326 119091 86642 116226 11699 7080 14908 14391 23671 120187 109505 119580 130245 84683 64883 131442 92639 118750 56097 109980 71737 105950 112935 57123 86365 109553 80520 149795 0 56873 63252 55124 77489 131955 42560 102667 103631 75653 52070 78608 26233 124714 56680 87496 107765 60848 56753 104484 44500 140433 77034 31111 132360 30892 99243 54246 26005 44766 45413 119177 123616 52979 115030 98707 98890 111535 77779 132810 20057 111615 57782 56097 89944 119091 0 110418 126846 100321
25390 116076 38016 125375 62417 31954 86651 121354 111214 116401 119050 47682 60207 55218 43294 68739 120522 109416 128456 112449 61343 105629 121369 60266 87040 8375 104302 16717 116861 65152 83659 87367 116178 103906 117951 56873 0 13134 4185 74011 121905 27625 103276 89467 104850 14488 86182 43666 111444 13665 119062 114020 12457 28205 90563 44008 121402 121298 48355 110747 26986 86762 52753 39764 32141 11599 103714 113038 50107 119727 82310 75065 114674 28526 99997 58319 105523 25390 8375 83315 111214 56873 114658 122090 51099
38313 129043 38449 138050 74207 38465 99759 133570 123835 128744 132103 52723 67655 58559 48956 71003 133495 122422 141585 124171 73468 116689 133745 71088 97083 7619 117107 9769 129989 53198 95833 78360 129301 116572 127325 63252 13134 0 17313 87108 134279 40182 116328 101866 117125 27612 99291 54352 123643 7210 131280 127142 2472 41233 102966 39810 132865 132009 59756 122011 36139 99329 46322 50199 28372 21578 115798 125449 43796 132818 94631 86733 127747 36656 109497 68019 118296 38313 7619 96251 123835 63252 127752 134823 56952
21395 111999 39047 121430 58667 31010 82500 117602 107296 112425 114930 46513 58051 54543 41968 68299 116442 105321 124287 108903 57683 102077 117551 57180 84189 12010 100304 20370 112678 69127 79752 90289 112015 99834 115297 55124 4185 17313 0 69868 118088 23666 99158 85656 100899 10303 81997 40406 107704 17282 115125 109857 16550 24128 86749 45855 117952 117849 44789 107383 24626 82878 55118 36637 34129 9848 100026 109209 52464 115585 78537 71581 110543 27004 97326 55352 101539 21395 12010 79260 107296 55124 110514 118120 50047
48993 42823 85164 54754 40689 67313 12690 55854 41986 59193 45161 80186 73166 89542 76698 101090 47170 35902 54697 53596 26802 67189 54134 40615 54088 81482 33261 87419 44116 135440 39708 152270 42319 43682 80084 77489 74011 87108 69868 0 54657 50446 29447 27360 51080 59684 16931 53008 47287 86458 63207 40153 86409 45925 28018 104072 63792 82477 46713 57155 64775 22694 115424 55500 95398 69574 42297 46171 113031 45717 24686 32129 40706 63103 66324 58938 34808 48993 81482 12456 41986 77489 40647 51002 70200
96824 23491 119534 10588 93967 104021 46239 4396 12980 84889 29313 134822 127295 144199 131260 155608 23632 27445 41862 18326 60901 106247 540 66823 52861 130098 22309 131912 46648 175517 85174 205227 37974 73408 54203 131955 121905 134279 118088 54657 0 102768 32763 32438 84002 108783 56134 107645 11518 135363 88851 37824 134192 94470 31342 157217 21419 117388 101356 26825 118180 35425 168375 110011 147652 120279 19700 8912 165880 33169 39650 49158 31260 102070 53618 112896 20633 96824 130098 42321 12980 131955 33517 12062 96738
15342 93268 56716 104513 35274 42511 62578 103014 90919 88777 95363 38520 42803 48352 33849 62202 97609 86335 103418 96582 46382 79084 102229 51570 78701 33282 82954 43983 91158 92772 56091 102473 91417 76392 110285 42560 27625 40182 23666 50446 102768 0 79790 71082 77236 14504 60283 19935 93416 37640 91459 89298 38809 14216 72112 54470 106366 95127 22264 96812 16187 67483 65609 17590 45086 19810 86466 93889 63123 95541 64676 61184 90789 36908 92696 35580 84369 15342 33282 61437 90919 42560 90471 100917 58354
78061 13886 110809 28609 63753 93376 17321 35775 20594 54397 15775 107044 97387 115891 104003 126271 17987 6860 27279 41205 48804 73734 32360 60336 60858 110855 12403 116148 21365 163425 52652 181029 15353 41429 76644 102667 103276 116328 99158 29447 32763 79790 0 26918 51900 89034 24403 80199 31254 115865 58555 13431 115708 75095 26385 132877 49775 85636 73338 48416 93655 24918 144284 83219 124575 99018 31758 26966 141944 16880 31907 44732 11550 89862 68599 82951 13759 78061 110855 20938 20594 102667 12069 24645 92258
64419 32996 89261 36921 67944 72869 25802 32102 22648 77423 38738 105094 99783 114767 101206 126996 37062 28931 52688 26618 28654 91401 31902 36618 34110 97665 18930 99711 48272 144343 65470 173323 41820 62670 54354 103631 89467 101866 85656 27360 32438 71082 26918 0 72140 76412 37255 78171 22358 102933 81648 40104 101760 62126 1102 125517 36819 105496 72532 29812 86849 4693 136550 80012 115644 88043 15643 23584 134020 41480 7373 19244 36265 70427 43210 85783 19330 64419 97665 16122 22648 103631 37702 34225 68261
85211 61273 128200 77473 43449 110749 46472 87393 72444 11713 57271 84721 68725 90561 83871 96212 62996 56560 53092 92693 77263 22835 83659 91119 104057 109865 64104 121158 40747 170002 21353 161895 48212 10605 126207 75653 104850 117125 100899 51080 84002 77236 51900 72140 0 91280 35498 64828 83053 113564 14259 47498 115525 81932 72218 117132 101619 33819 58226 99213 83540 67975 128038 69115 112965 95784 82364 78859 126305 54234 72955 82776 53746 105534 115021 57157 65576 85211 109865 56962 72444 75653 51672 73836 118252
12086 101987 43193 111772 49760 31006 72287 108475 97723 102725 104797 45236 53820 54291 40455 68358 106419 95260 114020 100350 49002 93586 108244 50221 77644 21828 90515 29947 102377 78993 70291 97909 101765 89867 109130 52070 14488 27612 10303 59684 108783 14504 89034 76412 91280 0 71696 33318 98622 26915 105532 99610 26754 14334 77496 51622 109643 109608 36606 99332 21404 73432 61805 30102 40514 12440 91102 99880 59175 105393 69423 63332 100382 25841 91192 48856 91788 12086 21828 69325 97723 52070 100319 108397 48857
62244 37936 101064 52985 39554 83175 11537 58526 43264 42632 37716 83620 73145 92164 80882 102128 41588 31122 43408 60404 43710 54165 55677 57480 68560 93028 33953 100758 30876 149472 29428 158991 31912 27147 91608 78608 86182 99291 81997 16931 56134 60283 24403 37255 35498 71696 0 57303 51914 97700 46730 29916 98293 58979 37479 111132 70127 68355 50210 65844 72454 32863 122570 60693 103734 80067 49350 48981 120346 36872 37493 47452 33002 78652 79667 58745 35622 62244 93028 21574 43264 78608 32044 49018 87028
34851 94084 76362 107435 21517 62441 63127 108683 94988 76534 94793 27179 24416 36648 23824 48966 98116 87044 100267 104709 58457 62339 107120 66802 92590 46773 86144 60344 87029 107483 43640 101822 89174 66444 123568 26233 43666 54352 40406 53008 107645 19935 80199 78171 64828 33318 57303 0 99732 49736 78569 87206 52414 33008 79072 54391 114850 77737 7228 106459 18890 73921 65767 4312 48558 32860 93798 99074 63682 94158 72909 72669 90075 56829 106639 15663 87728 34851 46773 65334 94988 26233 89273 103588 77861
86585 26838 108074 20070 87661 92702 40974 9930 11641 85523 33491 126820 120452 136380 123060 148259 28791 27976 47551 10435 50175 104505 11058 55440 41839 119700 18949 120978 49259 164152 81342 195680 40808 72645 47505 124714 111444 123643 107704 47287 11518 93416 31254 22358 83053 98622 51914 99732 0 124985 89645 40050 123643 84377 21312 147865 18573 116840 93768 18762 109119 26048 158907 101808 137996 110348 8216 5721 156377 37302 29200 37860 33863 90886 44037 106195 17501 86585 119700 34854 11641 124714 36055 19508 85220
38593 128886 45163 138610 70287 43439 98995 134884 124509 125244 131611 45914 61367 51463 42315 63809 133314 122138 140505 126099 74941 111958 134826 73854 100460 5301 117406 16929 128545 57985 92213 74075 128334 113602 131169 56680 13665 7210 17282 86458 135363 37640 115865 102933 113564 26915 97700 49736 124985 0 127612 126188 4791 41175 104026 33200 135067 126997 55612 124408 31034 100123 40542 45480 21523 17960 117297 126480 37946 132118 95820 88725 127161 40903 113248 62667 118666 38593 5301 96239 124509 56680 127039 135266 62336
99427 65422 142267 81044 57366 124740 56752 92626 78410 4227 60312 97171 80455 102348 96669 106830 66224 61965 52767 99741 89841 26782 88577 103714 114694 123985 70953 135399 42745 184211 35448 173853 51203 19583 134774 87496 119062 131280 115125 63207 88851 91459 58555 81648 14259 105532 46730 78569 89645 127612 0 51086 129652 96140 81573 130006 107976 30343 72127 106911 97379 77827 140730 82874 126351 109887 90129 84909 139095 56777 83418 94097 57644 119577 124854 69873 72253 99427 123985 67434 78410 87496 55409 77744 131691
89134 14346 123586 30151 68742 106005 27464 41719 28424 47184 9811 113337 101948 121664 110716 131043 15504 12395 14579 50468 61818 70257 37572 73660 73736 121317 23198 127566 9213 175398 53709 188902 2167 36983 87175 107765 114020 127142 109857 40153 37824 89298 13431 40104 47498 99610 29916 87206 40050 126188 51086 0 126364 86039 39491 141003 57700 80134 80090 58456 102166 38327 152443 90609 133395 108904 42590 34784 150199 7395 45327 58160 6566 102275 80643 87735 23943 89134 121317 33693 28424 107765 4323 26706 105530
37842 128531 40547 137784 72481 39766 99031 133564 123603 127165 131479 50278 65309 56086 46537 68544 132976 121864 140770 124379 73483 114750 133658 71569 97810 5679 116744 12138 129052 55072 94207 77193 128519 115150 128240 60848 12457 2472 16550 86409 134192 38809 115708 101760 115525 26754 98293 52414 123643 4791 129652 126364 0 40657 102858 37713 133174 129996 57954 122387 34045 99127 44565 48228 26161 19795 115850 125341 42008 132126 94563 86945 127091 37652 110371 65897 117958 37842 5679 95772 123603 60848 127053 134515 58449
3334 87874 47023 97453 43567 30822 58602 94209 83391 93010 90870 52518 56732 62260 47787 76208 92319 81212 100538 86371 35110 87285 93931 38172 65591 36011 76233 41799 89291 90543 61755 111722 88203 79266 97228 56753 28205 41233 24128 45925 94470 14216 75095 62126 81932 14334 58979 33008 84377 41175 96140 86039 40657 0 63206 64683 95808 103683 33380 85709 29240 59104 75277 31372 54066 26060 76930 85565 72679 91610 55190 49698 86520 25178 79456 48249 77491 3334 36011 55134 83391 56753 86550 94094 44896
65507 32109 90308 35835 68653 73943 25985 31034 21570 77347 37919 106019 100595 115680 102147 127872 36141 28184 51934 25791 29755 91643 30806 37635 34526 98759 18047 100813 47750 145424 65867 174375 41177 62672 54147 104484 90563 102966 86749 28018 31342 72112 26385 1102 72218 77496 37479 79072 21312 104026 81573 39491 102858 63206 0 126554 36001 105642 73393 29227 87859 5333 137595 80943 116700 89115 14727 22484 135067 40713 8469 20196 35530 71516 43326 86565 18392 65507 98759 16550 21570 104484 37008 33159 69233
63294 146632 78248 158658 75290 75821 115560 157482 145254 128615 148046 33353 51361 31852 33338 38801 150856 139609 154408 150714 99719 108969 156678 101842 129240 36999 137078 49395 141307 75367 96744 48198 143029 120136 160654 44500 44008 39810 45855 104072 157217 54470 132877 125517 117132 51622 111132 54391 147865 33200 130006 141003 37713 64683 126554 0 160325 121528 61618 150369 39298 121953 11439 50623 11900 39184 140819 148347 9296 147744 118995 114375 143365 72527 142691 60133 138540 63294 36999 115588 145254 44500 142760 154984 94934
97581 43745 112365 31890 104478 98807 58938 17025 29571 103884 50060 141620 136595 151363 137616 163748 44650 46053 63174 10213 60701 123055 21434 62077 40664 129771 37518 129004 66819 169054 99519 207505 58194 91194 33396 140433 121402 132865 117952 63792 21419 106366 49775 36819 101619 109643 70127 114850 18573 135067 107976 57700 133174 95808 36001 160325 0 135396 109326 11365 122431 41301 171065 116528 149874 121820 21501 23075 168476 53947 42060 46378 51271 97998 36639 122553 36047 97581 129771 51665 29571 140433 53523 33398 87999
106672 94285 150653 110284 60256 134264 79700 120912 106114 33564 89692 88322 70194 90731 89332 91363 95557 90024 83032 126512 107160 16494 117068 120707 136411 124402 97894 138011 72365 184969 44421 160644 80529 44207 159757 77034 121298 132009 117849 82477 117388 95127 85636 105496 33819 109608 68355 77737 116840 126997 30343 80134 129996 103683 105642 121528 135396 0 73111 132997 95997 101190 131111 81825 120639 110589 116158 112560 129958 86337 105726 114603 86591 128706 147967 64486 99349 106672 124402 89919 106114 77034 84422 106799 144796
35764 87223 78848 100817 14778 63881 56383 102544 88605 69938 87784 33736 27870 42872 30710 54508 91208 80194 93078 99141 54603 57290 100836 64073 88967 52277 79654 65062 79817 112952 36922 109020 82044 59441 119519 31111 48355 59756 44789 46713 101356 22264 73338 72532 58226 36606 50210 7228 93768 55612 72127 80090 57954 33380 73393 61618 109326 73111 0 101288 25330 68169 72995 11194 55632 38181 88098 92879 70908 87080 67616 68361 83063 58215 102941 15721 81257 35764 52277 59131 88605 31111 82220 96944 78060
87323 45576 101003 37197 97617 87554 54342 22816 30270 102729 52246 132894 128891 142723 128755 155424 47518 46164 66296 8665 50660 119760 26617 51035 29428 119121 36093 117938 67662 157694 94808 197241 59348 89086 28780 132360 110747 122011 107383 57155 26825 96812 48416 29812 99213 99332 65844 106459 18762 124408 106911 58456 122387 85709 29227 150369 11365 132997 101288 0 112965 34500 160971 107865 139724 111611 16857 24443 158365 56043 33690 36023 52437 86861 27069 115111 34943 87323 119121 45708 30270 132360 54588 37567 76643
29228 107374 63277 119390 40097 52379 76334 118610 106076 95253 108932 23974 33433 33369 19172 47438 111620 100361 115860 112591 62569 80930 117643 67326 94631 28522 97813 43112 103040 88975 62251 87495 104228 84604 126254 30892 26986 36139 24626 64775 118180 16187 93655 86849 83540 21404 72454 18890 109119 31034 97379 102166 34045 29240 87859 39298 122431 95997 25330 112965 0 83100 50662 14583 31290 15424 102334 109346 48296 108764 80608 77371 104272 47245 108573 31887 99287 29228 28522 76346 106076 30892 103745 115701 70176
61536 32867 88414 38812 63320 71640 21518 35533 24530 73608 38104 100924 95305 110551 97098 122665 37143 27975 51577 31088 26825 86948 34884 36335 37209 94882 19055 97565 46036 142911 60848 169880 40177 58681 58817 99243 86762 99329 82878 22694 35425 67483 24918 4693 67975 73432 32863 73921 26048 100123 77827 38327 99127 59104 5333 121953 41301 101190 68169 34500 83100 0 133055 75868 112259 84858 19933 26513 130544 40507 7016 19874 35150 68879 47109 81253 19835 61536 94882 11513 24530 99243 36359 35788 68272
73691 158026 84405 169955 86538 83949 126965 168568 156489 139453 159474 43640 61259 40495 44170 44479 162259 151008 165840 161538 110383 119084 167836 111878 139143 45053 148374 55329 152723 73409 107836 36883 154469 131287 170384 54246 52753 46322 55118 115424 168375 65609 144284 136550 128038 61805 122570 65767 158907 40542 140730 152443 44565 75277 137595 11439 171065 131111 72995 160971 50662 133055 0 62036 21291 49412 151774 159492 2653 159181 129945 124949 154794 81130 152410 70913 149826 73691 45053 126871 156489 54246 154195 166296 102877
32873 97090 73283 110140 25754 59922 66037 110906 97463 80823 98006 25093 25363 34863 21263 47786 101180 90045 103837 106437 59075 66529 109482 66639 92909 42604 88740 56391 90688 103286 47901 98302 92602 70607 124120 26005 39764 50199 36637 55500 110011 17590 83219 80012 69115 30102 60693 4312 101808 45480 82874 90609 48228 31372 80943 50623 116528 81825 11194 107865 14583 75868 62036 0 44438 28778 95655 101360 59897 97484 74489 73526 93295 54368 106978 18822 90301 32873 42604 67699 97463 26005 92559 106325 75929
52418 138183 66682 149597 70025 63923 107276 147716 135952 124613 139988 33067 50983 35082 31346 45252 142484 131208 147142 140404 89176 107043 147111 90613 117917 25121 128040 38090 134326 69380 92021 57712 135467 114999 149226 44766 32141 28372 34129 95398 147652 45086 124575 115644 112965 40514 103734 48558 137996 21523 126351 133395 26161 54066 116700 11900 149874 120639 55632 139724 31290 112259 21291 44438 0 28129 130761 138750 18663 139925 108940 103700 135353 60667 131254 57097 129452 52418 25121 106523 135952 44766 134888 146003 83034
24292 112297 48882 122805 52686 40240 81942 120145 108913 107441 114693 36665 48615 44784 32126 58619 116686 105443 123107 112424 61123 95161 119739 62658 90068 14117 101373 27770 110941 74777 74450 85686 111035 95656 121526 45413 11599 21578 9848 69574 120279 19810 99018 88043 95784 12440 80067 32860 110348 17960 109887 108904 19795 26060 89115 39184 121820 110589 38181 111611 15424 84858 49412 28778 28129 0 102964 111367 46790 115018 81191 75590 110170 35785 103577 47038 102711 24292 14117 79963 108913 45413 109940 119328 59035
79033 30902 99859 27464 82979 84513 37942 17988 15887 85938 37582 120737 115212 130404 116847 142587 33718 30195 52029 11336 42375 103046 19224 47236 34636 112004 19624 112964 51712 155946 78563 188471 43710 72229 44905 119177 103714 115798 100026 42297 19700 86466 31758 15643 82364 91102 49350 93798 8216 117297 90129 42590 115850 76930 14727 140819 21501 116158 88098 16857 102334 19933 151774 95655 130761 102964 0 12353 149224 41175 21830 29701 36971 82754 38615 101116 18676 79033 112004 30183 15887 119177 38996 26200 77070
87930 21264 111425 15113 85952 95640 38523 9750 6499 80826 27873 126239 119099 135675 122620 147242 23082 22980 41854 15982 52142 100638 8372 58596 46871 121219 15147 123195 43965 167175 78319 196338 35428 68361 53138 123616 113038 125449 109209 46171 8912 93889 26966 23584 78859 99880 48981 99074 5721 126480 84909 34784 125341 85565 22484 148347 23075 112560 92879 24443 109346 26513 159492 101360 138750 111367 12353 0 156993 31708 30850 40851 28474 93540 49655 104744 13529 87930 121219 33754 6499 123616 30697 14032 89062
71074 155669 81953 167520 84578 81336 124623 166050 154024 137759 157169 42152 59947 39547 42448 44355 159913 148656 163649 158962 107788 117720 165340 109235 136494 42426 145941 52870 150570 72263 105990 39350 152232 129402 167731 52979 50107 43796 52464 113031 165880 63123 141944 134020 126305 59175 120346 63682 156377 37946 139095 150199 42008 72679 135067 9296 168476 129958 70908 158365 48296 130544 2653 59897 18663 46790 149224 156993 0 156910 127395 122342 152495 78495 149757 69235 147387 71074 42426 124432 154024 52979 151915 163872 100281
94634 10466 127607 24381 75977 110225 33123 37334 25814 53036 3887 120448 109260 128858 117752 138351 9626 12570 11240 47685 65531 77057 32998 76630 74051 127175 23031 132871 14033 180286 61096 195730 6088 43830 84805 115030 119727 132818 115585 45717 33169 95541 16880 41480 54234 105393 36872 94158 37302 132118 56777 7395 132126 91610 40713 147744 53947 86337 87080 56043 108764 40507 159181 97484 139925 115018 41175 31708 156910 0 47488 60313 5426 106740 79751 95017 23270 94634 127175 37814 25814 115030 5080 21373 108608
57386 39618 82042 44288 64280 65543 26680 39072 30002 79219 45019 99575 95203 109341 95557 121863 43820 34939 58580 32049 21308 91028 39117 29599 31277 90541 25643 92372 52938 136993 64147 166649 47187 64053 55404 98707 82310 94631 78537 24686 39650 64676 31907 7373 72955 69423 37493 72909 29200 95820 83418 45327 94563 55190 8469 118995 42060 105726 67616 33690 80608 7016 129945 74489 108940 81191 21830 30850 127395 47488 0 12858 42145 63059 42248 81464 26245 57386 90541 16028 30002 98707 43372 41549 61449
51306 52197 70616 55293 67796 54864 37674 47688 41312 89952 57771 98238 96227 108150 93908 121312 56299 47752 71426 37439 14803 99268 48654 17761 22221 83426 38141 83454 65633 126366 71501 161238 60034 74544 51216 98890 75065 86733 71581 32129 49158 61184 44732 19244 82776 63332 47452 72669 37860 88725 94097 58160 86945 49698 20196 114375 46378 114603 68361 36023 77371 19874 124949 73526 103700 75590 29701 40851 122342 60313 12858 0 54985 53059 35387 83274 38573 51306 83426 27162 41312 98890 56229 52952 49046
89514 7780 122191 23744 72451 104826 28230 35174 22224 53729 4721 116592 105925 125166 113770 134979 9435 7357 16448 44298 60109 76424 31011 71222 69190 122187 18152 127669 15550 174972 58722 191429 6954 43178 81207 111535 114674 127747 110543 40706 31260 90789 11550 36265 53746 100382 33002 90075 33863 127161 57644 6566 127091 86520 35530 143365 51271 86591 83063 52437 104272 35150 154794 93295 135353 110170 36971 28474 152495 5426 42145 54985 0 101370 75372 91592 18595 89514 122187 32448 22224 111535 2264 20208 103198
22484 100994 22713 107346 68713 5668 75343 100741 93055 116204 105229 71034 79102 79923 66266 93944 105419 95045 116800 89953 42061 112264 101556 35984 60706 36105 87758 31197 107126 74037 86090 114832 104418 101757 90674 77779 28526 36656 27004 63103 102070 36908 89862 70427 105534 25841 78652 56829 90886 40903 119577 102275 37652 25178 71516 72527 97998 128706 58215 86861 47245 68879 81130 54368 60667 35785 82754 93540 78495 106740 63059 53059 101370 0 72872 72439 88669 22484 36105 68927 93055 77779 101882 104554 23264
80082 69517 82126 63697 103159 71949 68556 49781 54390 120630 76191 130955 130681 140868 126402 154462 72241 68339 90644 35301 48338 133232 53358 41286 14069 108166 57449 103675 89560 138167 106032 187311 81944 105788 17974 132810 99997 109497 97326 66324 53618 92696 68599 43210 115021 91192 79667 106639 44037 113248 124854 80643 110371 79456 43326 142691 36639 147967 102941 27069 108573 47109 152410 106978 131254 103577 38615 49655 149757 79751 42248 35387 75372 72872 0 118178 56809 80082 108166 58099 54390 132810 77308 63531 57069
50298 96654 91981 111245 19202 78064 66870 114488 99958 68539 96271 27622 14450 34454 26796 43392 100331 89763 99531 112340 69890 50101 112392 79736 104273 60405 90745 74803 85910 120642 37566 104996 89512 61112 134490 20057 58319 68019 55352 58938 112896 35580 82951 85783 57157 48856 58745 15663 106195 62667 69873 87735 65897 48249 86565 60133 122553 64486 15721 115111 31887 81253 70913 18822 57097 47038 101116 104744 69235 95017 81464 83274 91592 72439 118178 0 92399 50298 60405 71343 99958 20057 90437 107300 93139
80146 13840 108208 20145 73404 91475 25623 22913 7666 68111 20047 114886 106822 124128 111474 135284 17756 11560 34451 27490 46610 87182 20154 55829 50793 113487 1677 116976 33039 162706 64868 186707 25149 55149 63469 111615 105523 118296 101539 34808 20633 84369 13759 19330 65576 91788 35622 87728 17501 118666 72253 23943 117958 77491 18392 138540 36047 99349 81257 34943 99287 19835 149826 90301 129452 102711 18676 13529 147387 23270 26245 38573 18595 88669 56809 92399 0 80146 113487 22955 7666 111615 20499 16621 87576
0 90731 43984 100039 46478 28151 61680 96452 85918 96312 93833 52909 58143 62523 48133 76548 95182 84114 103652 88266 36920 90302 96286 38851 66338 33371 78917 38577 92491 87251 64963 109939 91299 82595 97941 57782 25390 38313 21395 48993 96824 15342 78061 64419 85211 12086 62244 34851 86585 38593 99427 89134 37842 3334 65507 63294 97581 106672 35764 87323 29228 61536 73691 32873 52418 24292 79033 87930 71074 94634 57386 51306 89514 22484 80082 50298 80146 0 33371 57946 85918 57782 89581 96726 43068
33371 123810 42234 133407 66803 38960 94057 129602 119288 121511 126614 45864 60291 52272 41909 65175 128244 117088 135676 120798 69644 109113 129561 68614 95302 0 112239 15740 123834 60726 88542 79148 123467 109560 126103 56097 8375 7619 12010 81482 130098 33282 110855 97665 109865 21828 93028 46773 119700 5301 123985 121317 5679 36011 98759 36999 129771 124402 52277 119121 28522 94882 45053 42604 25121 14117 112004 121219 42426 127175 90541 83426 122187 36105 108166 60405 113487 33371 0 91122 119288 56097 122098 130080 58006
57946 32813 89945 43091 52911 72456 10683 43415 29818 63244 36410 92508 85602 101922 88941 113540 37273 26370 48049 41519 28153 75507 41794 40526 47279 91122 21519 95608 39848 142567 49349 163752 35787 48033 70301 89944 83315 96251 79260 12456 42321 61437 20938 16122 56962 69325 21574 65334 34854 96239 67434 33693 95772 55134 16550 115588 51665 89919 59131 45708 76346 11513 126871 67699 106523 79963 30183 33754 124432 37814 16028 27162 32448 68927 58099 71343 22955 57946 91122 0 29818 89944 32980 39481 72109
85918 15363 111795 14315 81002 95513 33259 15337 0 74328 22067 122164 114368 131472 118679 142753 17855 16494 36366 22076 51145 94323 12495 59000 50235 119288 9344 122072 37628 166991 72450 193369 29167 61926 59049 119091 111214 123835 107296 41986 12980 90919 20594 22648 72444 97723 43264 94988 11641 124509 78410 28424 123603 83391 21570 145254 29571 106114 88605 30270 106076 24530 156489 97463 135952 108913 15887 6499 154024 25814 30002 41312 22224 93055 54390 99958 7666 85918 119288 29818 0 119091 24413 11642 90208
57782 116440 94067 130773 39084 83059 86270 133326 119091 86642 116226 11699 7080 14908 14391 23671 120187 109505 119580 130245 84683 64883 131442 92639 118750 56097 109980 71737 105950 112935 57123 86365 109553 80520 149795 0 56873 63252 55124 77489 131955 42560 102667 103631 75653 52070 78608 26233 124714 56680 87496 107765 60848 56753 104484 44500 140433 77034 31111 132360 30892 99243 54246 26005 44766 45413 119177 123616 52979 115030 98707 98890 111535 77779 132810 20057 111615 57782 56097 89944 119091 0 110418 126846 100321
89581 10030 122877 25875 71340 105433 28044 37437 24413 51506 5994 115662 104732 124149 112911 133807 11355 9032 15288 46488 60864 74388 33270 72234 70895 122098 19948 127847 13297 175341 57129 190773 4760 41124 83348 110418 114658 127752 110514 40647 33517 90471 12069 37702 51672 100319 32044 89273 36055 127039 55409 4323 127053 86550 37008 142760 53523 84422 82220 54588 103745 36359 154195 92559 134888 109940 38996 30697 151915 5080 43372 56229 2264 101882 77308 90437 20499 89581 122098 32980 24413 110418 0 22394 104192
96726 12564 123429 3966 88136 107090 40618 16407 11642 73876 17594 130667 121750 139744 127397 150500 11751 18203 29805 28903 62563 96407 11987 70642 60827 130080 17972 133318 35160 178534 77079 203170 26562 63242 65722 126846 122090 134823 118120 51002 12062 100917 24645 34225 73836 108397 49018 103588 19508 135266 77744 26706 134515 94094 33159 154984 33398 106799 96944 37567 115701 35788 166296 106325 146003 119328 26200 14032 163872 21373 41549 52952 20208 104554 63531 107300 16621 96726 130080 39481 11642 126846 22394 0 101812
43068 101067 25059 103917 86406 19145 80821 94491 90208 127953 106358 94087 101122 103103 89299 117146 105250 96172 119480 81684 44156 128324 96275 31978 47645 58006 87067 49283 111942 81441 100757 135041 107551 112732 73845 100321 51099 56952 50047 70200 96738 58354 92258 68261 118252 48857 87028 77861 85220 62336 131691 105530 58449 44896 69233 94934 87999 144796 78060 76643 70176 68272 102877 75929 83034 59035 77070 89062 100281 108608 61449 49046 103198 23264 57069 93139 87576 43068 58006 72109 90208 100321 104192 101812 0
