StringID  Type  x          y          demand  ReadyTime  DueDate  ServiceTime
D0        d     -13344.17   -29465.09   0.0     0.0        32400.0  0.0
C1        c     -36971.13   -17488.59   670.0   2394.0     23064.0  1340.0
C2        c     -48436.30   8178.11     349.0   1218.0     21007.0  698.0
C3        c     42257.12    19786.03    264.0   5383.0     24417.0  528.0
C4        c     -45246.30   48305.69    115.0   1630.0     20055.0  230.0
C5        c     -33829.44   -14592.62   657.0   1225.0     21670.0  1314.0
C6        c     3481.95     -32092.84   630.0   835.0      20727.0  1260.0
C7        c     -56014.30   -15007.30   172.0   864.0      19463.0  344.0
C8        c     -12240.52   -21326.08   296.0   988.0      21250.0  592.0
C9        c     31219.16    -11853.81   548.0   728.0      19861.0  1096.0
C10       c     43828.92    33415.98    160.0   4754.0     24611.0  320.0
C11       c     36170.17    19373.99    755.0   2615.0     23057.0  1510.0
C12       c     9125.30     -40749.47   607.0   3486.0     24202.0  1214.0
C13       c     -73096.67   18343.21    708.0   2061.0     21763.0  1416.0
C14       c     -74523.15   -4528.02    756.0   4768.0     25996.0  1512.0
C15       c     46443.97    -7907.47    451.0   786.0      20781.0  902.0
C16       c     29350.63    -35779.36   134.0   2886.0     22082.0  268.0
C17       c     37810.82    -20065.12   436.0   3830.0     23894.0  872.0
C18       c     -25092.76   -3219.43    124.0   4787.0     23367.0  248.0
C19       c     -27189.00   23970.75    354.0   3585.0     22305.0  708.0
C20       c     31571.55    14349.55    813.0   2317.0     23710.0  1626.0
C21       c     32853.95    1688.46     310.0   1082.0     20636.0  620.0
C22       c     33339.49    35318.80    134.0   1929.0     22017.0  268.0
C23       c     -10725.28   28605.13    237.0   619.0      20774.0  474.0
C24       c     37062.81    -2322.74    713.0   967.0      21843.0  1426.0
C25       c     42015.29    6097.47     111.0   711.0      19721.0  222.0
F1        f     -13344.17   -29465.09   0.0     0.0        32400.0  0.0
F2        f     42015.29    6097.47     0.0     0.0        32400.0  0.0
F3        f     36170.17    19373.99    0.0     0.0        32400.0  0.0

m numVeh /3/
m numPetrolVeh /2/
m numElectroVeh /1/

DistanceMatrix
0 26489 51463 74278 84060 25315 17030 45053 8213 47917 84987 69548 25144 76524 66066 63556 43159 52011 28755 55200 62747 55721 79852 58129 57250 65798 0 65798 69548
26489 0 28111 87559 66313 4273 43009 19204 25027 68423 95498 81905 51633 50882 39726 83964 68798 74826 18566 42598 75576 72411 87933 53042 75571 82433 26489 82433 81905
51463 28111 0 91433 40254 27053 65706 24392 46697 82136 95655 85344 75546 26673 29017 96234 89348 90754 25977 26474 80246 81549 86162 42888 86142 90476 51463 90476 85344
74278 87559 91433 0 92034 83493 64768 104249 68266 33510 13720 6101 69009 115363 119285 28008 57045 40098 71171 69572 11989 20395 17911 53711 22711 13691 74278 13691 6101
84060 66313 40254 92034 0 63926 94013 64222 77058 97294 90311 86404 104341 40907 60403 107550 112406 107578 55326 30303 83988 90955 79652 39747 96633 96934 84060 96934 86404
25315 4273 27053 83493 63926 0 41212 22189 22615 65106 91300 77805 50292 51251 41920 80551 66638 71849 14342 39131 71519 68642 83683 48988 71946 78616 25315 78616 77805
17030 43009 65706 64768 94013 41212 0 61901 19056 34336 76937 60970 10334 91696 82732 49302 26130 36375 40623 63905 54276 44765 73728 62339 44877 54252 17030 54252 60970
45053 19204 24392 104249 64222 22189 61901 0 44227 87290 110966 98387 70042 37471 21270 102704 87856 93961 33092 48479 92375 90423 102552 62874 93937 100276 45053 100276 98387
8213 25027 46697 68266 77058 22615 19056 44227 0 44480 78361 63246 28875 72644 64508 60199 44031 50067 22204 47700 56500 50628 72706 49954 52839 60793 8213 60793 63246
47917 68423 82136 33510 97294 65106 34336 87290 44480 0 46993 31618 36374 108599 105996 15728 23998 10530 56970 68519 26206 13641 47220 58277 11180 20948 47917 20948 31618
84987 95498 95655 13720 90311 91300 76937 110966 78361 46993 0 15995 81883 117893 124286 41406 70694 53819 78054 71643 22667 33572 10661 54766 36374 27379 84987 27379 15995
69548 81905 85344 6101 86404 77805 60970 98387 63246 31618 15995 0 65926 109272 113245 29152 55573 39473 65296 63526 6811 17994 16194 47795 21715 14506 69548 14506 0
25144 51633 75546 69009 104341 50292 10334 70042 28875 36374 81883 65926 0 101254 91154 49712 20827 35365 50788 74212 59496 48621 79829 72139 47509 57240 25144 57240 65926
76524 50882 26673 115363 40907 51251 91696 37471 72644 108599 117893 109272 101254 0 22916 122389 115865 117370 52624 46251 104744 107252 107781 63210 112081 115761 76524 115761 109272
66066 39726 29017 119285 60403 41920 82732 21270 64508 105996 124286 113245 91154 22916 0 121014 108473 113403 49448 55251 107761 107557 114987 71889 111608 117022 66066 117022 113245
63556 83964 96234 28008 107550 80551 49302 102704 60199 15728 41406 29152 49712 122389 121014 0 32696 14911 71690 80237 26769 16636 45169 67834 10918 14688 63556 14688 29152
43159 68798 89348 57045 112406 66638 26130 87856 44031 23998 70694 55573 20827 115865 108473 32696 0 17847 63437 82261 50178 37631 71210 75838 34334 43750 43159 43750 55573
52011 74826 90754 40098 107578 71849 36375 93961 50067 10530 53819 39473 35365 117370 113403 14911 17847 0 65120 78512 34976 22311 55564 68735 17758 26498 52011 26498 39473
28755 18566 25977 71171 55326 14342 40623 33092 22204 56970 78054 65296 50788 52624 49448 71690 63437 65120 0 27271 59325 58154 69997 34917 62162 67752 28755 67752 65296
55200 42598 26474 69572 30303 39131 63905 48479 47700 68519 71643 63526 74212 46251 55251 80237 82261 78512 27271 0 59543 64044 61583 17104 69424 71475 55200 71475 63526
62747 75576 80246 11989 83988 71519 54276 92375 56500 26206 22667 6811 59496 104744 107761 26769 50178 34976 59325 59543 0 12726 21044 44635 17553 13310 62747 13310 6811
55721 72411 81549 20395 90955 68642 44765 90423 50628 13641 33572 17994 48621 107252 107557 16636 37631 22311 58154 64044 12726 0 33634 51222 5814 10167 55721 10167 17994
79852 87933 86162 17911 79652 83683 73728 102552 72706 47220 10661 16194 79829 107781 114987 45169 71210 55564 69997 61583 21044 33634 0 44573 37825 30482 79852 30482 16194
58129 53042 42888 53711 39747 48988 62339 62874 49954 58277 54766 47795 72139 63210 71889 67834 75838 68735 34917 17104 44635 51222 44573 0 56923 57343 58129 57343 47795
57250 75571 86142 22711 96633 71946 44877 93937 52839 11180 36374 21715 47509 112081 111608 10918 34334 17758 62162 69424 17553 5814 37825 56923 0 9769 57250 9769 21715
65798 82433 90476 13691 96934 78616 54252 100276 60793 20948 27379 14506 57240 115761 117022 14688 43750 26498 67752 71475 13310 10167 30482 57343 9769 0 65798 0 14506
0 26489 51463 74278 84060 25315 17030 45053 8213 47917 84987 69548 25144 76524 66066 63556 43159 52011 28755 55200 62747 55721 79852 58129 57250 65798 0 65798 69548
65798 82433 90476 13691 96934 78616 54252 100276 60793 20948 27379 14506 57240 115761 117022 14688 43750 26498 67752 71475 13310 10167 30482 57343 9769 0 65798 0 14506
69548 81905 85344 6101 86404 77805 60970 98387 63246 31618 15995 0 65926 109272 113245 29152 55573 39473 65296 63526 6811 17994 16194 47795 21715 14506 69548 14506 0
