StringID  Type  x          y          demand  ReadyTime  DueDate  ServiceTime
D0        d     -16891.65   -10651.04   0.0     0.0        32400.0  0.0
D1        d     18393.06    3016.52     0.0     0.0        32400.0  0.0
C1        c     -43908.05   -23709.71   773.0   5045.0     26427.0  1546.0
C2        c     -55684.93   -29523.69   159.0   898.0      19260.0  318.0
C3        c     -40265.20   -21650.48   295.0   3458.0     23728.0  590.0
C4        c     24898.84    3552.22     387.0   2587.0     21558.0  774.0
C5        c     77398.97    -11650.69   192.0   5307.0     24216.0  384.0
C6        c     -25047.73   -3525.20    738.0   4851.0     24970.0  1476.0
C7        c     53460.74    10718.45    734.0   848.0      20892.0  1468.0
C8        c     45122.09    -14875.51   804.0   3065.0     24601.0  1608.0
C9        c     25785.72    54624.38    733.0   4519.0     25756.0  1466.0
C10       c     -31269.99   -16626.61   187.0   2524.0     21916.0  374.0
C11       c     30678.80    19465.67    752.0   978.0      22345.0  1504.0
C12       c     -26539.87   16353.47    481.0   1217.0     20692.0  962.0
C13       c     67350.06    -17280.21   325.0   2102.0     21323.0  650.0
C14       c     -57524.13   -22552.32   337.0   2741.0     21925.0  674.0
C15       c     34311.55    66054.07    404.0   4115.0     24541.0  808.0
C16       c     60471.71    22174.71    691.0   2066.0     23269.0  1382.0
C17       c     -55905.60   -27061.19   214.0   1670.0     21367.0  428.0
C18       c     -17002.83   -15246.42   411.0   2325.0     22033.0  822.0
C19       c     46200.83    -14648.03   649.0   1990.0     21293.0  1298.0
C20       c     -79169.28   2621.74     812.0   800.0      22306.0  1624.0
C21       c     77133.01    -33067.64   770.0   1922.0     22922.0  1540.0
C22       c     10410.42    84746.77    795.0   4433.0     25652.0  1590.0
C23       c     -19511.32   18039.50    718.0   2940.0     22659.0  1436.0
C24       c     66153.99    -36004.51   142.0   3127.0     22987.0  284.0
C25       c     -39873.25   2972.71     372.0   2263.0     22498.0  744.0
C26       c     41975.37    -11394.34   270.0   1525.0     21022.0  540.0
C27       c     -90497.96   1034.68     464.0   3381.0     22689.0  928.0
C28       c     -29714.29   13434.67    475.0   4214.0     23621.0  950.0
C29       c     -70106.71   -5090.17    122.0   3776.0     23067.0  244.0
C30       c     -42879.18   -12155.94   509.0   3508.0     23373.0  1018.0
C31       c     59753.52    -20409.59   491.0   1811.0     22115.0  982.0
C32       c     68487.23    -11673.33   433.0   3128.0     22301.0  866.0
C33       c     -88074.65   -45.60      394.0   5007.0     23995.0  788.0
C34       c     67546.60    20020.82    569.0   1409.0     21226.0  1138.0
C35       c     38150.11    -17275.29   515.0   3921.0     24894.0  1030.0
C36       c     17989.73    -348.16     439.0   804.0      20902.0  878.0
C37       c     12699.11    60739.67    248.0   3860.0     23509.0  496.0
C38       c     -94523.19   15429.15    578.0   985.0      20461.0  1156.0
C39       c     41353.22    -20455.09   365.0   2197.0     21223.0  730.0
C40       c     58375.80    45494.62    665.0   4567.0     25453.0  1330.0
C41       c     -39748.88   -7547.24    412.0   3170.0     22761.0  824.0
C42       c     -104060.66  -2002.60    796.0   5234.0     25322.0  1592.0
C43       c     -96672.76   -920.65     316.0   2478.0     22365.0  632.0
C44       c     -36532.92   12209.06    656.0   3958.0     24886.0  1312.0
C45       c     -19531.71   -17229.63   285.0   4965.0     23624.0  570.0
C46       c     51426.75    -18895.43   660.0   1464.0     21429.0  1320.0
C47       c     23111.07    47038.09    182.0   2473.0     21942.0  364.0
C48       c     -19398.47   -47.10      426.0   2213.0     22156.0  852.0
C49       c     -30316.48   -14776.43   356.0   4459.0     25011.0  712.0
C50       c     -21138.69   -17735.47   214.0   4456.0     23891.0  428.0
C51       c     -26136.17   -20268.78   712.0   1700.0     22654.0  1424.0
C52       c     -6201.24    24737.26    332.0   5067.0     23895.0  664.0
C53       c     -35752.18   32680.32    190.0   4693.0     24667.0  380.0
C54       c     -12345.22   -1115.35    597.0   871.0      20169.0  1194.0
C55       c     3923.93     -2889.41    443.0   2976.0     23132.0  886.0
C56       c     71179.94    -36325.23   422.0   3777.0     23907.0  844.0
C57       c     49538.43    -7423.68    398.0   2149.0     22056.0  796.0
C58       c     75010.54    -27201.75   425.0   3627.0     23602.0  850.0
C59       c     -21981.08   621.09      766.0   2225.0     21893.0  1532.0
C60       c     -5805.78    6486.85     827.0   3871.0     24717.0  1654.0
C61       c     66084.82    24368.95    286.0   1874.0     21938.0  572.0
C62       c     -77661.45   15365.87    266.0   4996.0     24239.0  532.0
C63       c     -29065.99   -10165.03   792.0   4118.0     24858.0  1584.0
C64       c     -72306.80   2092.13     699.0   895.0      21320.0  1398.0
C65       c     -8230.52    -5424.68    763.0   3688.0     24218.0  1526.0
C66       c     -78690.62   -3986.85    785.0   2122.0     23425.0  1570.0
C67       c     39279.94    -9843.40    682.0   1202.0     21000.0  1364.0
C68       c     75496.03    -19943.57   715.0   4188.0     23880.0  1430.0
C69       c     53705.58    42058.18    520.0   4616.0     25543.0  1040.0
C70       c     50838.68    -29203.63   168.0   4085.0     22732.0  336.0
C71       c     67822.71    -15279.67   532.0   4514.0     23963.0  1064.0
C72       c     -23405.33   -1574.90    465.0   3672.0     24535.0  930.0
C73       c     41938.68    -21001.57   468.0   1395.0     21782.0  936.0
C74       c     29902.70    38088.37    645.0   5064.0     25252.0  1290.0
C75       c     -37818.43   -14084.79   512.0   3637.0     24199.0  1024.0
F1        f     -16891.65   -10651.04   0.0     0.0        32400.0  0.0
F2        f     -30316.48   -14776.43   0.0     0.0        32400.0  0.0
F3        f     67546.60    20020.82    0.0     0.0        32400.0  0.0
F4        f     -88074.65   -45.60      0.0     0.0        32400.0  0.0
F5        f     -19531.71   -17229.63   0.0     0.0        32400.0  0.0
F6        f     67350.06    -17280.21   0.0     0.0        32400.0  0.0
F7        f     -104060.66  -2002.60    0.0     0.0        32400.0  0.0
F8        f     17989.73    -348.16     0.0     0.0        32400.0  0.0

m numVeh /11/
m numPetrolVeh /6/
m numElectroVeh /5/

DistanceMatrix
0 37839 30007 43140 25832 44138 94296 10830 73526 62157 77989 15571 56302 28676 84502 42340 92225 84039 42325 4597 63219 63676 96660 99228 28810 86830 26716 58872 74528 27286 53505 26031 77264 85385 71969 89836 55439 36371 77280 81895 59064 93902 23067 87597 80372 30139 7089 68814 70202 10896 14044 8260 13340 36968 47258 10564 22216 91738 66508 93381 12368 20411 90064 66105 12184 56861 10116 62157 56177 92854 88104 70225 84841 11172 59734 67567 21207 0 14044 89836 71969 7089 84502 87597 36371
37839 0 67792 80910 63634 6528 60802 43931 35904 32165 52135 53407 20531 46870 52998 80107 65016 46235 80156 39830 32944 97563 68938 82119 40773 61675 58266 27637 108909 49223 88870 63123 47534 52204 106512 52012 28321 3389 58003 113596 32834 58335 59094 122557 115133 55690 42991 39640 44274 37916 51858 44648 50250 32813 61739 31015 15628 65835 32849 64177 40445 24446 52254 96845 49256 90705 27930 97336 24528 61546 52642 45726 52707 42050 33634 36912 58755 37839 51858 52012 106512 42991 52998 122557 3389
30007 67792 0 13134 4185 74011 121905 27625 103276 89467 104850 14488 86182 43666 111444 13665 119062 114020 12457 28205 90563 44008 121402 121298 48355 110747 26986 86762 52753 39764 32141 11599 103714 113038 50107 119727 82310 66160 101666 63982 85323 123496 16689 63949 57476 36668 25223 95456 97452 34068 16265 23540 18102 61391 56977 38816 52167 115777 94855 118970 32753 48617 120042 51635 20093 38370 40090 39985 84336 119463 117702 94906 112048 30171 85889 96265 11390 30007 16265 119727 50107 25223 111444 63949 66160
43140 80910 13134 0 17313 87108 134279 40182 116328 101866 117125 27612 99291 54352 123643 7210 131280 127142 2472 41233 102966 39810 132865 132009 59756 122011 36139 99329 46322 50199 28372 21578 115798 125449 43796 132818 94631 79241 113242 59407 97461 136520 27146 55656 49981 45918 38186 107638 109866 46750 29343 36502 30964 73436 65320 51821 65289 127047 107519 130716 45218 61520 133163 49980 32914 35719 53223 34371 96983 131530 130730 106524 124326 42698 97995 109072 23613 43140 29343 132818 43796 38186 123643 55656 79241
25832 63634 4185 17313 0 69868 118088 23666 99158 85656 100899 10303 81997 40406 107704 17282 115125 109857 16550 24128 86749 45855 117952 117849 44789 107383 24626 82878 55118 36637 34129 9848 100026 109209 52464 115585 78537 62028 97946 65718 81627 119325 14113 66753 60096 34065 21200 91733 93459 30035 12093 19523 14196 57552 54518 34659 48007 112407 90924 115409 28815 44488 115880 52618 16042 39880 35910 42291 80417 115774 113531 91416 108275 26216 82206 92153 7951 25832 12093 115585 52464 21200 107704 66753 62028
44138 6528 74011 87108 69868 0 54657 50446 29447 27360 51080 59684 16931 53008 47287 86458 63207 40153 86409 45925 28018 104072 63792 82477 46713 57155 64775 22694 115424 55500 95398 69574 42297 46171 113031 45717 24686 7934 58474 120011 29105 53664 65594 129079 121654 62039 49051 34751 43523 44443 58178 50721 56321 37630 67283 37535 21942 61091 26974 58796 46971 30845 46148 103238 55681 97217 34324 103863 19653 55786 48089 41783 46873 48576 29887 34897 65150 44138 58178 45717 113031 49051 47287 129079 7934
94296 60802 121905 134279 118088 54657 0 102768 32763 32438 84002 108783 56134 107645 11518 135363 88851 37824 134192 94470 31342 157217 21419 117388 101356 26825 118180 35425 168375 110011 147652 120279 19700 8912 165880 33169 39650 60475 97090 174042 37105 60228 117220 181716 174402 116403 97091 26964 79947 97490 107761 98725 103893 91176 121525 90360 73996 25446 28179 15733 100135 85159 37755 157396 106475 150335 85856 156278 38162 8508 58703 31836 10241 101307 36672 68774 115243 94296 107761 33169 165880 97091 11518 181716 60475
10830 43931 27625 40182 23666 50446 102768 0 79790 71082 77236 14504 60283 19935 93416 37640 91459 89298 38809 14216 72112 54470 106366 95127 22264 96812 16187 67483 65609 17590 45086 19810 86466 93889 63123 95541 64676 43155 74531 72015 68525 96760 15241 79028 71672 19480 14773 78004 69828 6634 12424 14738 16779 33970 37755 12929 28979 101664 74688 102821 5157 21691 95306 55902 7761 47592 16924 53645 64637 101875 90994 80113 93611 2550 69229 68929 16571 10830 12424 95541 63123 14773 93416 79028 43155
73526 35904 103276 116328 99158 29447 32763 79790 0 26918 51900 89034 24403 80199 31254 115865 58555 13431 115708 75095 26385 132877 49775 85636 73338 48416 93655 24918 144284 83219 124575 99018 31758 26966 141944 16880 31907 37157 64526 148059 33442 35122 94982 158034 150584 90006 78160 29684 47331 73650 87571 79842 85416 61287 91876 66862 51372 50270 18561 43616 76115 59417 18593 131205 85128 126063 63768 132967 24978 37759 31341 40008 29701 77843 33748 36112 94589 73526 87571 16880 141944 78160 31254 158034 37157
62157 32165 89467 101866 85656 27360 32438 71082 26918 0 72140 76412 37255 78171 22358 102933 81648 40104 101760 62126 1102 125517 36819 105496 72532 29812 86849 4693 136550 80012 115644 88043 15643 23584 134020 41480 7373 30777 82273 142896 6733 61808 85187 149737 142480 86030 64697 7477 65710 66203 75439 66322 71462 64833 93820 59092 42906 33751 8662 32330 68869 55227 44492 126453 74337 118648 54183 124291 7711 30794 57577 15426 22704 69806 6904 55107 82944 62157 75439 41480 134020 64697 22358 149737 30777
77989 52135 104850 117125 100899 51080 84002 77236 51900 72140 0 91280 35498 64828 83053 113564 14259 47498 115525 81932 72218 117132 101619 33819 58226 99213 83540 67975 128038 69115 112965 95784 82364 78859 126305 54234 72955 55523 14445 126533 76676 33845 90333 141657 134467 75384 84951 77863 8044 70927 89241 86243 91131 43777 65333 67534 61529 101649 66439 95491 72097 57578 50393 110646 84890 111273 69014 119794 65865 89619 30617 87492 81570 74687 77332 17041 93629 77989 89241 54234 126305 84951 83053 141657 55523
15571 53407 14488 27612 10303 59684 108783 14504 89034 76412 91280 0 71696 33318 98622 26915 105532 99610 26754 14334 77496 51622 109643 109608 36606 99332 21404 73432 61805 30102 40514 12440 91102 99880 59175 105393 69423 51880 88988 70912 72724 109066 12423 74245 67262 29312 11754 82728 83729 20391 2081 10192 6295 48367 49510 24469 37780 104327 81331 106805 19590 34390 105634 56353 6827 45104 25618 49076 70875 106818 103270 83066 99102 16983 73339 82072 7024 15571 2081 105393 59175 11754 98622 74245 51880
56302 20531 86182 99291 81997 16931 56134 60283 24403 37255 35498 71696 0 57303 51914 97700 46730 29916 98293 58979 37479 111132 70127 68355 50210 65844 72454 32863 122570 60693 103734 80067 49350 48981 120346 36872 37493 23529 45020 125267 41323 38008 75430 136439 128973 67602 62190 43613 28592 53745 69950 63789 69331 37255 67733 47693 34865 68942 32844 64367 55930 38724 35744 108418 66689 104441 46189 111856 30545 59680 32259 52679 50862 58033 42005 18639 76273 56302 69950 36872 120346 62190 51914 136439 23529
28676 46870 43666 54352 40406 53008 107645 19935 80199 78171 64828 33318 57303 0 99732 49736 78569 87206 52414 33008 79072 54391 114850 77737 7228 106459 18890 73921 65767 4312 48558 32860 93798 99074 63682 94158 72909 47559 59244 67990 77229 89777 27308 79664 72229 10818 34307 85564 58367 17888 31358 34514 36624 21999 18747 22509 36032 111014 79707 110497 16380 22962 92971 51131 26639 47937 28452 55977 70842 108300 84262 89794 99524 18200 78005 60483 32461 28676 31358 94158 63682 34307 99732 79664 47559
84502 52998 111444 123643 107704 47287 11518 93416 31254 22358 83053 98622 51914 99732 0 124985 89645 40050 123643 84377 21312 147865 18573 116840 93768 18762 109119 26048 158907 101808 137996 110348 8216 5721 156377 37302 29200 52184 95257 165145 26190 63413 107540 172090 164837 107987 86882 16005 78064 88444 97699 88490 93534 84707 114569 81318 65038 19426 20357 12535 91107 76920 41668 148641 96678 140994 76505 146644 29039 8570 60887 20366 2056 92104 25682 66843 105217 84502 97699 37302 156377 86882 0 172090 52184
42340 80107 13665 7210 17282 86458 135363 37640 115865 102933 113564 26915 97700 49736 124985 0 127612 126188 4791 41175 104026 33200 135067 126997 55612 124408 31034 100123 40542 45480 21523 17960 117297 126480 37946 132118 95820 78711 108944 53024 98900 134399 23262 50872 44727 40608 38363 109012 106512 44272 28297 36703 31471 69788 59369 50007 64517 129439 108126 132616 42430 59313 132215 42934 31037 28738 52184 28155 97635 133046 128633 108567 125558 40052 99475 106399 21448 42340 28297 132118 37946 38363 124985 50872 78711
92225 65016 119062 131280 115125 63207 88851 91459 58555 81648 14259 105532 46730 78569 89645 127612 0 51086 129652 96140 81573 130006 107976 30343 72127 106911 97379 77827 140730 82874 126351 109887 90129 84909 139095 56777 83418 68379 22256 138424 86795 31651 104413 154203 147114 88984 99173 86656 22069 85171 103491 100476 105383 57865 77606 81784 75343 108815 75039 101750 86315 71817 52414 122912 99127 124333 83181 132948 76060 95351 30853 96681 87967 88910 87389 28311 107819 92225 103491 56777 139095 99173 89645 154203 68379
84039 46235 114020 127142 109857 40153 37824 89298 13431 40104 47498 99610 29916 87206 40050 126188 51086 0 126364 86039 39491 141003 57700 80134 80090 58456 102166 38327 152443 90609 133395 108904 42590 34784 150199 7395 45327 48083 61396 155142 46721 23414 104535 166299 158833 97515 89181 42054 44878 82904 98020 90846 96449 66722 96796 76451 61854 59472 31553 51472 85223 68109 6027 138301 95199 134289 74039 141600 38396 44718 21003 52274 38169 87175 46986 34463 104765 84039 98020 7395 150199 89181 40050 166299 48083
42325 80156 12457 2472 16550 86409 134192 38809 115708 101760 115525 26754 98293 52414 123643 4791 129652 126364 0 40657 102858 37713 133174 129996 57954 122387 34045 99127 44565 48228 26161 19795 115850 125341 42008 132126 94563 78575 111425 57417 97483 135368 25334 54285 48428 43789 37679 107643 108325 45415 28385 35996 30535 71789 63049 50702 64528 127423 107257 130916 43786 60295 132389 47680 31715 33450 52355 32428 96730 131594 129584 106766 124288 41302 98032 107738 22261 42325 28385 132126 42008 37679 123643 54285 78575
4597 39830 28205 41233 24128 45925 94470 14216 75095 62126 81932 14334 58979 33008 84377 41175 96140 86039 40657 0 63206 64683 95808 103683 33380 85709 29240 59104 75277 31372 54066 26060 76930 85565 72679 91610 55190 38032 81585 83369 58588 96806 24014 88059 80948 33693 3214 68527 74084 15387 13322 4827 10423 41417 51464 14879 24303 90667 67000 92787 16630 24448 92049 67945 13090 57958 13169 62707 56542 92618 91014 69262 84826 15096 59222 71026 20848 4597 13322 91610 72679 3214 84377 88059 38032
63219 32944 90563 102966 86749 28018 31342 72112 26385 1102 72218 77496 37479 79072 21312 104026 81573 39491 102858 63206 0 126554 36001 105642 73393 29227 87859 5333 137595 80943 116700 89115 14727 22484 135067 40713 8469 31628 82496 143902 7564 61363 86243 150793 143532 86984 65783 6734 65866 67205 76517 67410 72555 65553 94638 60090 43882 33074 7958 31426 69871 56137 43792 127447 75400 119684 55207 125346 8425 29770 57201 15277 21631 70823 7651 55197 84021 63219 76517 40713 135067 65783 21312 150793 31628
63676 97563 44008 39810 45855 104072 157217 54470 132877 125517 117132 51622 111132 54391 147865 33200 130006 141003 37713 64683 126554 0 160325 121528 61618 150369 39298 121953 11439 50623 11900 39184 140819 148347 9296 147744 118995 97204 108708 19994 122712 144072 40711 25317 17858 43701 62855 132357 111508 59830 51858 61498 57762 76246 52807 66928 83276 155312 129099 157038 57223 73465 146873 12833 51709 6883 71394 6626 119103 156303 138604 133847 148078 55922 123390 114693 44598 63676 51858 147744 9296 62855 147865 25317 97204
96660 68938 121402 132865 117952 63792 21419 106366 49775 36819 101619 109643 70127 114850 18573 135067 107976 57700 133174 95808 36001 160325 0 135396 109326 11365 122431 41301 171065 116528 149874 121820 21501 23075 168476 53947 42060 67591 113805 178375 37938 80770 119636 183837 176754 122352 97954 29354 96619 102023 108995 99461 104059 101420 130636 95012 79185 6786 37671 6238 104683 91888 58490 162195 108640 153520 89728 158514 44410 13226 78694 26577 20077 105355 37205 85404 116508 96660 108995 53947 168476 97954 18573 183837 67591
99228 82119 121298 132009 117849 82477 117388 95127 85636 105496 33819 109608 68355 77737 116840 126997 30343 80134 129996 103683 105642 121528 135396 0 73111 132997 95997 101190 131111 81825 120639 110589 116158 112560 129958 86337 105726 85432 24116 125762 109658 61979 105044 143628 137134 86403 106281 111463 39790 89881 107534 107229 111193 62266 69584 88826 87876 135467 100132 129250 90146 79922 82129 112118 102794 116936 92078 125748 98898 123273 60801 120910 115332 92709 110348 50566 109971 99228 107534 86337 129958 106281 116840 143628 85432
28810 40773 48355 59756 44789 46713 101356 22264 73338 72532 58226 36606 50210 7228 93768 55612 72127 80090 57954 33380 73393 61618 109326 73111 0 101288 25330 68169 72995 11194 55632 38181 88098 92879 70908 87080 67616 41766 53487 75057 72016 82584 32623 86892 79457 17992 35269 79977 51552 18087 34549 35812 38877 14900 21866 20451 31420 105738 73595 104791 17593 17925 85830 58212 29779 55151 26035 63145 65068 102319 77056 84741 93474 19997 72803 53326 36975 28810 34549 87080 70908 35269 93768 86892 41766
86830 61675 110747 122011 107383 57155 26825 96812 48416 29812 99213 99332 65844 106459 18762 124408 106911 58456 122387 85709 29227 150369 11365 132997 101288 0 112965 34500 160971 107865 139724 111611 16857 24443 158365 56043 33690 59926 110530 168709 29272 81869 109660 173578 166564 113442 87719 22575 93535 92802 98778 89184 93622 94471 122892 85903 70492 5036 33060 12487 95442 83569 60373 152715 98664 143606 80425 148341 37505 18580 79049 16757 20792 95949 28486 82486 106258 86830 98778 56043 158365 87719 18762 173578 59926
26716 58266 26986 36139 24626 64775 118180 16187 93655 86849 83540 21404 72454 18890 109119 31034 97379 102166 34045 29240 87859 39298 122431 95997 25330 112965 0 83100 50662 14583 31290 15424 102334 109346 48296 108764 80608 57958 78108 56052 84538 107056 10521 64380 56933 9822 28669 93882 76869 20696 20158 27925 26998 40094 29992 27830 44188 117801 90014 118780 18046 34248 108097 39769 17012 32446 32738 39436 80184 117623 101413 96250 109232 17084 85252 78114 17181 26716 20158 108764 48296 28669 109119 64380 57958
58872 27637 86762 99329 82878 22694 35425 67483 24918 4693 67975 73432 32863 73921 26048 100123 77827 38327 99127 59104 5333 121953 41301 101190 68169 34500 83100 0 133055 75868 112259 84858 19933 26513 130544 40507 7016 26407 77849 139109 9082 59206 81815 146338 139043 81980 61783 12066 61402 62414 72371 63432 68687 60220 89354 55285 38990 38399 8542 36622 65075 51017 43131 122593 71052 115075 50560 120893 3110 34594 54724 19893 26138 66114 9607 50934 79839 58872 72371 40507 130544 61783 26048 146338 26407
74528 108909 52753 46322 55118 115424 168375 65609 144284 136550 128038 61805 122570 65767 158907 40542 140730 152443 44565 75277 137595 11439 171065 131111 72995 160971 50662 133055 0 62036 21291 49412 151774 159492 2653 159181 129945 108497 119224 14947 133591 155371 51470 13899 6477 55110 73279 143317 122570 71108 62224 71854 67796 87566 63234 78182 94503 165938 140292 167900 68518 84867 158312 19240 62445 18222 82521 12831 130233 167314 149925 144535 159159 67143 134257 125973 54806 74528 62224 159181 2653 73279 158907 13899 108497
27286 49223 39764 50199 36637 55500 110011 17590 83219 80012 69115 30102 60693 4312 101808 45480 82874 90609 48228 31372 80943 50623 116528 81825 11194 107865 14583 75868 62036 0 44438 28778 95655 101360 59897 97484 74489 49655 63535 64840 78734 93743 23258 75932 68480 6928 32311 87345 62608 16976 28218 32328 33893 26089 20171 22658 37390 112498 81952 112333 14966 24898 96421 47986 23609 44077 28587 51983 72815 110378 88194 91142 101676 16282 79498 64513 28688 27286 28218 97484 59897 32311 101808 75932 49655
53505 88870 32141 28372 34129 95398 147652 45086 124575 115644 112965 40514 103734 48558 137996 21523 126351 133395 26161 54066 116700 11900 149874 120639 55632 139724 31290 112259 21291 44438 0 28129 130761 138750 18663 139925 108940 88224 105785 31894 112514 138082 30457 34094 26891 37769 52012 122315 106803 50958 40952 50574 46517 70524 51057 57898 74063 144698 119668 146792 48463 65335 139341 21807 41353 7512 61877 8655 109490 146358 132486 123326 138305 46833 113170 108932 33518 53505 40952 139925 18663 52012 137996 34094 88224
26031 63123 11599 21578 9848 69574 120279 19810 99018 88043 95784 12440 80067 32860 110348 17960 109887 108904 19795 26060 89115 39184 121820 110589 38181 111611 15424 84858 49412 28778 28129 0 102964 111367 46790 115018 81191 62004 91666 58549 84640 116517 5571 62018 54954 25178 23892 94546 88649 26419 12833 22445 18605 52023 45399 32469 47712 116592 92539 118846 24495 41497 114923 44354 13956 32695 35296 36731 82192 118631 110760 95256 110746 22163 85278 88440 5416 26031 12833 115018 46790 23892 110348 62018 62004
77264 47534 103714 115798 100026 42297 19700 86466 31758 15643 82364 91102 49350 93798 8216 117297 90129 42590 115850 76930 14727 140819 21501 116158 88098 16857 102334 19933 151774 95655 130761 102964 0 12353 149224 41175 21830 46332 93805 158385 18400 65919 100330 164845 157636 101661 79349 8463 76758 81729 90246 80936 85890 79927 109270 74636 58514 19593 16522 16701 84397 70862 45224 141996 89408 133964 69616 139415 23039 15749 62760 12522 9562 85265 17825 65674 97777 77264 90246 41175 149224 79349 8216 164845 46332
85385 52204 113038 125449 109209 46171 8912 93889 26966 23584 78859 99880 48981 99074 5721 126480 84909 34784 125341 85565 22484 148347 23075 112560 92879 24443 109346 26513 159492 101360 138750 111367 12353 0 156993 31708 30850 51752 91411 165248 28520 58055 108315 172819 165510 107701 88194 18526 74203 88651 98852 89831 95013 83091 113283 81519 65158 24799 19419 16843 91300 76480 36122 148629 97565 141465 76972 147378 29265 10841 55728 24875 3667 92446 28140 62968 106333 85385 98852 31708 156993 88194 5721 172819 51752
71969 106512 50107 43796 52464 113031 165880 63123 141944 134020 126305 59175 120346 63682 156377 37946 139095 150199 42008 72679 135067 9296 168476 129958 70908 158365 48296 130544 2653 59897 18663 46790 149224 156993 0 156910 127395 106065 117687 16765 131027 153368 48905 16105 8643 52979 70664 140769 120744 68676 59607 69234 65156 85542 61714 75737 92043 163335 137811 165331 66097 82528 156081 18600 59870 15912 80025 10178 127731 164777 147900 141940 156640 64687 131691 123987 52180 71969 59607 156910 0 70664 156377 16105 106065
89836 52012 119727 132818 115585 45717 33169 95541 16880 41480 54234 105393 36872 94158 37302 132118 56777 7395 132126 91610 40713 147744 53947 86337 87080 56043 108764 40507 159181 97484 139925 115018 41175 31708 156910 0 47488 53580 68310 162135 48212 27074 110780 173015 165549 104372 94711 42123 52004 89231 103865 96388 101979 73899 104072 82640 67622 56463 32825 47809 91605 74590 4587 145283 101218 140998 79935 148195 41120 40747 26023 51983 35302 93481 48359 41755 110747 89836 103865 0 156910 94711 37302 173015 53580
55439 28321 82310 94631 78537 24686 39650 64676 31907 7373 72955 69423 37493 72909 29200 95820 83418 45327 94563 55190 8469 118995 42060 105726 67616 33690 80608 7016 129945 74489 108940 81191 21830 30850 127395 47488 0 26324 82061 136645 4513 65948 78504 143029 135811 80292 57682 13375 66048 60072 68512 59291 64356 61091 89203 53018 37127 38130 15058 38174 62738 49968 50146 120324 67591 112142 47871 117594 7517 37441 61339 17415 29740 63526 5314 55975 76036 55439 68512 47488 127395 57682 29200 143029 26324
36371 3389 66160 79241 62028 7934 60475 43155 37157 30777 55523 51880 23529 47559 52184 78711 68379 48083 78575 38032 31628 97204 67591 85432 41766 59926 57958 26407 108497 49655 88224 62004 46332 51752 106065 53580 26324 0 61317 113614 30824 61095 58186 122062 114664 55950 41144 38237 47662 37389 50415 42818 48414 34849 63080 30345 14294 64215 32332 63028 39983 24758 54075 96933 48069 90329 26707 96749 23312 60753 55443 43723 52022 41413 31625 40240 57474 36371 50415 53580 106065 41144 52184 122062 0
77280 58003 101666 113242 97946 58474 97090 74531 64526 82273 14445 88988 45020 59244 95257 108944 22256 61396 111425 81585 82496 108708 113805 24116 53487 110530 78108 77849 119224 63535 105785 91666 93805 91411 117687 68310 82061 61317 0 116403 86103 48154 86104 132550 125556 69130 84368 88553 17209 68741 86908 85460 89836 40662 55990 66733 64231 113321 77481 107779 69404 57322 64598 101113 82291 103274 69396 111989 75422 102241 45061 97696 93902 72018 86813 28444 90281 77280 86908 68310 117687 84368 95257 132550 61317
81895 113596 63982 59407 65718 120011 174042 72015 148059 142896 126533 70912 125267 67990 165145 53024 138424 155142 57417 83369 143902 19994 178375 125762 75057 168709 56052 139109 14947 64840 31894 58549 158385 165248 16765 162135 136645 113614 116403 0 140535 155827 59398 19870 16491 58080 81794 149932 121807 76702 70957 80531 77144 88811 61251 83827 100137 173597 145863 174812 74038 89167 160857 16862 70283 25912 88777 25053 136169 173660 150602 152060 165225 73122 141241 126472 63926 81895 70957 162135 16765 81794 165145 19870 113614
59064 32834 85323 97461 81627 29105 37105 68525 33442 6733 76676 72724 41323 77229 26190 98900 86795 46721 97483 58588 7564 122712 37938 109658 72016 29272 84538 9082 133591 78734 112514 84640 18400 28520 131027 48212 4513 30824 86103 140535 0 68111 82123 146580 139401 84458 60970 10194 69915 64088 71894 62551 67490 65603 93641 57075 41346 33786 15389 34327 66749 54312 51194 124289 71167 115875 51812 121168 10812 34147 63722 12904 26971 67455 801 59653 79428 59064 71894 48212 131027 60970 26190 146580 30824
93902 58335 123496 136520 119325 53664 60228 96760 35122 61808 33845 109066 38008 89777 63413 134399 31651 23414 135368 96806 61363 144072 80770 61979 82584 81869 107056 59206 155371 93743 138082 116517 65919 58055 153368 27074 65948 61095 48154 155827 68111 0 111543 169238 161847 100576 100020 64764 35298 90127 107233 101590 107085 67831 94996 84699 72842 82816 53651 74575 92037 75106 22488 139334 103654 137702 83840 145724 58540 67641 5798 75078 61504 94359 68498 29421 113151 93902 107233 27074 153368 100020 63413 169238 61095
23067 59094 16689 27146 14113 65594 117220 15241 94982 85187 90333 12423 75430 27308 107540 23262 104413 104535 25334 24014 86243 40711 119636 105044 32623 109660 10521 81815 51470 23258 30457 5571 100330 108315 48905 110780 78504 58186 86104 59398 82123 111543 0 64550 57308 20016 22416 91879 83252 21689 11884 21216 18632 46559 40426 28148 43920 114601 89287 116430 19555 36730 110541 44299 10999 33955 31590 39104 79062 115910 105804 93140 107849 17401 82788 83270 6817 23067 11884 110780 48905 22416 107540 64550 58186
87597 122557 63949 55656 66753 129079 181716 79028 158034 149737 141657 74245 136439 79664 172090 50872 154203 166299 54285 88059 150793 25317 183837 143628 86892 173578 64380 146338 13899 75932 34094 62018 164845 172819 16105 173015 143029 122062 132550 19870 146580 169238 64550 0 7467 69007 85889 156402 136300 84685 74842 84401 80037 101447 76609 91720 107988 178570 153695 180836 82122 98621 172177 31600 75438 32017 95891 25448 143555 180451 163803 157270 172395 80656 147230 139834 67335 87597 74842 173015 16105 85889 172090 0 122062
80372 115133 57476 49981 60096 121654 174402 71672 150584 142480 134467 67262 128973 72229 164837 44727 147114 158833 48428 80948 143532 17858 176754 137134 79457 166564 56933 139043 6477 68480 26891 54954 157636 165510 8643 165549 135811 114664 125556 16491 139401 161847 57308 7467 0 61556 78846 149186 129028 77279 67787 77383 73142 94039 69573 84328 100616 171546 146356 173683 74708 91168 164711 25034 68236 24552 88557 18242 136245 173217 156400 150198 165121 73270 140058 132450 60309 80372 67787 165549 8643 78846 164837 7467 114664
30139 55690 36668 45918 34065 62039 116403 19480 90006 86030 75384 29312 67602 10818 107987 40608 88984 97515 43789 33693 86984 43701 122352 86403 17992 113442 9822 81980 55110 6928 37769 25178 101661 107701 52979 104372 80292 55950 69130 58080 84458 100576 20016 69007 61556 0 33995 93297 69069 21067 27692 33670 34101 32817 20486 27615 43182 118142 88282 118301 18602 31255 103336 41250 23587 37177 33346 45162 78955 116552 95047 96689 107915 19035 85210 71298 26325 30139 27692 104372 52979 33995 107987 69007 55950
7089 42991 25223 38186 21200 49051 97091 14773 78160 64697 84951 11754 62190 34307 86882 38363 99173 89181 37679 3214 65783 62855 97954 106281 35269 87719 28669 61783 73279 32311 52012 23892 79349 88194 70664 94711 57682 41144 84368 81794 60970 100020 22416 85889 78846 33995 0 70978 77128 17183 11060 1685 7270 44033 52480 17644 27492 92700 69763 95067 18018 27402 95187 66645 11866 56201 16342 60623 59274 95066 94227 71382 87376 16127 61586 74188 18555 7089 11060 94711 70664 0 86882 85889 41144
68814 39640 95456 107638 91733 34751 26964 78004 29684 7477 77863 82728 43613 85564 16005 109012 86656 42054 107643 68527 6734 132357 29354 111463 79977 22575 93882 12066 143317 87345 122315 94546 8463 18526 140769 42123 13375 38237 88553 149932 10194 64764 91879 156402 149186 93297 70978 0 71757 73290 81847 72575 77575 72283 101293 66204 50127 26344 11626 25004 75958 62608 45680 133557 80965 125501 61159 130969 15149 24092 60996 10325 16790 76810 9719 60913 89375 68814 81847 42123 140769 70978 16005 156402 38237
70202 44274 97452 109866 93459 43523 79947 69828 47331 65710 8044 83729 28592 58367 78064 106512 22069 44878 108325 74084 65866 111508 96619 39790 51552 93535 76869 61402 122570 62608 106803 88649 76758 74203 120744 52004 66048 47662 17209 121807 69915 35298 83252 136300 129028 69069 77128 71757 0 63436 81704 78445 83400 36831 60589 59799 53487 96229 60535 90582 64714 49805 48586 105633 77425 105474 61112 113873 59135 85034 30997 81127 76698 67283 70597 11235 86304 70202 81704 52004 120744 77128 78064 136300 47662
10896 37916 34068 46750 30035 44443 97490 6634 73650 66203 70927 20391 53745 17888 88444 44272 85171 82904 45415 15387 67205 59830 102023 89881 18087 92802 20696 62414 71108 16976 50958 26419 81729 88651 68676 89231 60072 37389 68741 76702 64088 90127 21689 84685 77279 21067 17183 73290 63436 0 18335 17774 21315 28079 36586 7134 23495 97573 69330 98237 2668 15082 88902 60267 13994 52952 12395 59423 59491 96958 84363 76048 88541 4288 64818 62329 23159 10896 18335 89231 68676 17183 88444 84685 37389
14044 51858 16265 29343 12093 58178 107761 12424 87571 75439 89241 2081 69950 31358 97699 28297 103491 98020 28385 13322 76517 51858 108995 107534 34549 98778 20158 72371 62224 28218 40952 12833 90246 98852 59607 103865 68512 50415 86908 70957 71894 107233 11884 74842 67787 27692 11060 81847 81704 18335 0 9643 6902 46291 47767 22574 36245 103759 80193 106057 17509 32448 104046 56126 4778 45252 23984 49563 69771 105939 101439 82428 98140 14901 72523 80131 7534 14044 0 103865 59607 11060 97699 74842 50415
8260 44648 23540 36502 19523 50721 98725 14738 79842 66322 86243 10192 63789 34514 88490 36703 100476 90846 35996 4827 67410 61498 99461 107229 35812 89184 27925 63432 71854 32328 50574 22445 80936 89831 69234 96388 59291 42818 85460 80531 62551 101590 21216 84401 77383 33670 1685 72575 78445 17774 9643 0 5603 45023 52491 18803 29130 94172 71425 96614 18376 28667 96854 65502 10961 54875 17837 59171 60932 96660 95796 72885 88995 16319 63162 75641 17075 8260 9643 96388 69234 1685 88490 84401 42818
13340 50250 18102 30964 14196 56321 103893 16779 85416 71462 91131 6295 69331 36624 93534 31471 105383 96449 30535 10423 72555 57762 104059 111193 38877 93622 26998 68687 67796 33893 46517 18605 85890 95013 65156 101979 64356 48414 89836 77144 67490 107085 18632 80037 73142 34101 7270 77575 83400 21315 6902 5603 0 49223 53815 23602 34723 98632 76757 101384 21299 33603 102456 62647 10520 51300 23259 55019 66242 101633 101288 77492 94091 18892 68079 80907 13218 13340 6902 101979 65156 7270 93534 80037 48414
36968 32813 61391 73436 57552 37630 91176 33970 61287 64833 43777 48367 37255 21999 84707 69788 57865 66722 71789 41417 65553 76246 101420 62266 14900 94471 40094 60220 87566 26089 70524 52023 79927 83091 85542 73899 61091 34849 40662 88811 65603 67831 46559 101447 94039 32817 44033 72283 36831 28079 46291 45023 49223 0 30600 26573 29424 98572 64352 96400 28820 18255 72287 72072 41725 69877 30230 77973 57135 93117 62361 78506 84148 31437 66404 38493 50068 36968 46291 73899 85542 44033 84707 101447 34849
47258 61739 56977 65320 54518 67283 121525 37755 91876 93820 65333 49510 67733 18747 114569 59369 77606 96796 63049 51464 94638 52807 130636 69584 21866 122892 29992 89354 63234 20171 51057 45399 109270 113283 61714 104072 89203 63080 55990 61251 93641 94996 40426 76609 69573 20486 52480 101293 60589 36586 47767 52491 53815 30600 0 41110 53286 127264 94249 125914 34892 39785 102176 45345 43364 47664 47005 56464 86244 123067 89948 106431 114140 36412 94433 65877 46811 47258 47767 104072 61714 52480 114569 76609 63080
10564 31015 38816 51821 34659 37535 90360 12929 66862 59092 67534 24469 47693 22509 81318 50007 81784 76451 50702 14879 60090 66928 95012 88826 20451 85903 27830 55285 78182 22658 57898 32469 74636 81519 75737 82640 53018 30345 66733 83827 57075 84699 28148 91720 84328 27615 17644 66204 59799 7134 22574 18803 23602 26573 41110 0 16366 90643 62204 91168 9791 10028 82466 67363 19013 60047 5958 66408 52358 89836 78909 69146 81410 11070 57812 57635 28585 10564 22574 82640 75737 17644 81318 91720 30345
22216 15628 52167 65289 48007 21942 73996 28979 51372 42906 61529 37780 34865 36032 65038 64517 75343 61854 64528 24303 43882 83276 79185 87876 31420 70492 44188 38990 94503 37390 74063 47712 58514 65158 92043 67622 37127 14294 64231 100137 41346 72842 43920 107988 100616 43182 27492 50127 53487 23495 36245 29130 34723 29424 53286 16366 0 75109 45839 75129 26142 13512 67875 83603 33783 76393 12416 82622 36033 73576 67071 53791 65089 27361 42109 48519 43218 22216 36245 67622 92043 27492 65038 107988 14294
91738 65835 115777 127047 112407 61091 25446 101664 50270 33751 101649 104327 68942 111014 19426 129439 108815 59472 127423 90667 33074 155312 6786 135467 105738 5036 117801 38399 165938 112498 144698 116592 19593 24799 163335 56463 38130 64215 113321 173597 33786 82816 114601 178570 171546 118142 92700 26344 96229 97573 103759 94172 98632 98572 127264 90643 75109 0 36106 9895 100220 88089 60908 157562 103603 148541 85211 153320 41460 16941 80308 21552 21312 100767 33013 85095 111244 91738 103759 56463 163335 92700 19426 178570 64215
66508 32849 94855 107519 90924 26974 28179 74688 18561 8662 66439 81331 32844 79707 20357 108126 75039 31553 107257 67000 7958 129099 37671 100132 73595 33060 90014 8542 140292 81952 119668 92539 16522 19419 137811 32825 15058 32332 77481 145863 15389 53651 89287 153695 146356 88282 69763 11626 60535 69330 80193 71425 76757 64352 94249 62204 45839 36106 0 32249 71971 57066 35841 129225 78652 122216 57804 128275 10540 28819 49657 21819 19901 73178 15560 49567 87610 66508 80193 32825 137811 69763 20357 153695 32332
93381 64177 118970 130716 115409 58796 15733 102821 43616 32330 95491 106805 64367 110497 12535 132616 101750 51472 130916 92787 31426 157038 6238 129250 104791 12487 118780 36622 167900 112333 146792 118846 16701 16843 165331 47809 38174 63028 107779 174812 34327 74575 116430 180836 173683 118301 95067 25004 90582 98237 106057 96614 101384 96400 125914 91168 75129 9895 32249 0 100903 87557 52337 158495 105462 150202 86043 155444 39724 7274 72463 24255 13921 101698 33648 79357 113589 93381 106057 47809 165331 95067 12535 180836 63028
12368 40445 32753 45218 28815 46971 100135 5157 76115 68869 72097 19590 55930 16380 91107 42430 86315 85223 43786 16630 69871 57223 104683 90146 17593 95442 18046 65075 68518 14966 48463 24495 84397 91300 66097 91605 62738 39983 69404 74038 66749 92037 19555 82122 74708 18602 18018 75958 64714 2668 17509 18376 21299 28820 34892 9791 26142 100220 71971 100903 0 17206 91212 57600 12905 50347 15021 56896 62148 99623 86287 78691 91201 2617 67478 63998 21612 12368 17509 91605 66097 18018 91107 82122 39983
20411 24446 48617 61520 44488 30845 85159 21691 59417 55227 57578 34390 38724 22962 76920 59313 71817 68109 60295 24448 56137 73465 91888 79922 17925 83569 34248 51017 84867 24898 65335 41497 70862 76480 82528 74590 49968 24758 57322 89167 54312 75106 36730 98621 91168 31255 27402 62608 49805 15082 32448 28667 33603 18255 39785 10028 13512 88089 57066 87557 17206 0 74081 72402 28606 66646 12156 73634 47952 85490 69332 66951 76778 19358 55092 47684 38053 20411 32448 74590 82528 27402 76920 98621 24758
90064 52254 120042 133163 115880 46148 37755 95306 18593 44492 50393 105634 35744 92971 41668 132215 52414 6027 132389 92049 43792 146873 58490 82129 85830 60373 108097 43131 158312 96421 139341 114923 45224 36122 156081 4587 50146 54075 64598 160857 51194 22488 110541 172177 164711 103336 95187 45680 48586 88902 104046 96854 102456 72287 102176 82466 67875 60908 35841 52337 91212 74081 0 144028 101224 140173 80065 147526 43462 45301 21591 55700 39687 93175 51396 38696 110791 90064 104046 4587 156081 95187 41668 172177 54075
66105 96845 51635 49980 52618 103238 157396 55902 131205 126453 110646 56353 108418 51131 148641 42934 122912 138301 47680 67945 127447 12833 162195 112118 58212 152715 39769 122593 19240 47986 21807 44354 141996 148629 18600 145283 120324 96933 101113 16862 124289 139334 44299 31600 25034 41250 66645 133557 105633 60267 56126 65502 62647 72072 45345 67363 83603 157562 129225 158495 57600 72402 144028 0 54894 14313 72477 19380 119628 157175 134051 136010 148677 56839 125007 109938 49546 66105 56126 145283 18600 66645 148641 31600 96933
12184 49256 20093 32914 16042 55681 106475 7761 85128 74337 84890 6827 66689 26639 96678 31037 99127 95199 31715 13090 75400 51709 108640 102794 29779 98664 17012 71052 62445 23609 41353 13956 89408 97565 59870 101218 67591 48069 82291 70283 71167 103654 10999 75438 68236 23587 11866 80965 77425 13994 4778 10961 10520 41725 43364 19013 33783 103603 78652 105462 12905 28606 101224 54894 0 44944 21368 50008 68347 105018 97869 82141 97024 10288 71827 76195 9590 12184 4778 101218 59870 11866 96678 75438 48069
56861 90705 38370 35719 39880 97217 150335 47592 126063 118648 111273 45104 104441 47937 140994 28738 124333 134289 33450 57958 119684 6883 153520 116936 55151 143606 32446 115075 18222 44077 7512 32695 133964 141465 15912 140998 112142 90329 103274 25912 115875 137702 33955 32017 24552 37177 56201 125501 105474 52952 45252 54875 51300 69877 47664 60047 76393 148541 122216 150202 50347 66646 140173 14313 44944 0 64516 8815 112223 149436 132198 127060 141202 49039 116556 108363 38094 56861 45252 140998 15912 56201 140994 32017 90329
10116 27930 40090 53223 35910 34324 85856 16924 63768 54183 69014 25618 46189 28452 76505 52184 83181 74039 52355 13169 55207 71394 89728 92078 26035 80425 32738 50560 82521 28587 61877 35296 69616 76972 80025 79935 47871 26707 69396 88777 51812 83840 31590 95891 88557 33346 16342 61159 61112 12395 23984 17837 23259 30230 47005 5958 12416 85211 57804 86043 15021 12156 80065 72477 21368 64516 0 70475 47715 84976 78043 63676 76689 15656 52532 57858 30829 10116 23984 79935 80025 16342 76505 95891 26707
62157 97336 39985 34371 42291 103863 156278 53645 132967 124291 119794 49076 111856 55977 146644 28155 132948 141600 32428 62707 125346 6626 158514 125748 63145 148341 39436 120893 12831 51983 8655 36731 139415 147378 10178 148195 117594 96749 111989 25053 121168 145724 39104 25448 18242 45162 60623 130969 113873 59423 49563 59171 55019 77973 56464 66408 82622 153320 128275 155444 56896 73634 147526 19380 50008 8815 70475 0 118116 155010 140175 131961 146948 55338 121823 116460 42101 62157 49563 148195 10178 60623 146644 25448 96749
56177 24528 84336 96983 80417 19653 38162 64637 24978 7711 65865 70875 30545 70842 29039 97635 76060 38396 96730 56542 8425 119103 44410 98898 65068 37505 80184 3110 130233 72815 109490 82192 23039 29265 127731 41120 7517 23312 75422 136169 10812 58540 79062 143555 136245 78955 59274 15149 59135 59491 69771 60932 66242 57135 86244 52358 36033 41460 10540 39724 62148 47952 43462 119628 68347 112223 47715 118116 0 37598 53869 22548 29056 63228 11471 48840 77215 56177 69771 41120 127731 59274 29039 143555 23312
92854 61546 119463 131530 115774 55786 8508 101875 37759 30794 89619 106818 59680 108300 8570 133046 95351 44718 131594 92618 29770 156303 13226 123273 102319 18580 117623 34594 167314 110378 146358 118631 15749 10841 164777 40747 37441 60753 102241 173660 34147 67641 115910 180451 173217 116552 95066 24092 85034 96958 105939 96660 101633 93117 123067 89836 73576 16941 28819 7274 99623 85490 45301 157175 105018 149436 84976 155010 37598 0 65719 26339 8980 100593 33574 73800 113466 92854 105939 40747 164777 95066 8570 180451 60753
88104 52642 117702 130730 113531 48089 58703 90994 31341 57577 30617 103270 32259 84262 60887 128633 30853 21003 129584 91014 57201 138604 78694 60801 77056 79049 101413 54724 149925 88194 132486 110760 62760 55728 147900 26023 61339 55443 45061 150602 63722 5798 105804 163803 156400 95047 94227 60996 30997 84363 101439 95796 101288 62361 89948 78909 67071 80308 49657 72463 86287 69332 21591 134051 97869 132198 78043 140175 53869 65719 0 71319 59050 88600 64148 24132 107372 88104 101439 26023 147900 94227 60887 163803 55443
70225 45726 94906 106524 91416 41783 31836 80113 40008 15426 87492 83066 52679 89794 20366 108567 96681 52274 106766 69262 15277 133847 26577 120910 84741 16757 96250 19893 144535 91142 123326 95256 12522 24875 141940 51983 17415 43723 97696 152060 12904 75078 93140 157270 150198 96689 71382 10325 81127 76048 82428 72885 77492 78506 106431 69146 53791 21552 21819 24255 78691 66951 55700 136010 82141 127060 63676 131961 22548 26339 71319 0 21962 79218 12103 70474 89937 70225 82428 51983 141940 71382 20366 157270 43723
84841 52707 112048 124326 108275 46873 10241 93611 29701 22704 81570 99102 50862 99524 2056 125558 87967 38169 124288 84826 21631 148078 20077 115332 93474 20792 109232 26138 159159 101676 138305 110746 9562 3667 156640 35302 29740 52022 93902 165225 26971 61504 107849 172395 165121 107915 87376 16790 76698 88541 98140 88995 94091 84148 114140 81410 65089 21312 19901 13921 91201 76778 39687 148677 97024 141202 76689 146948 29056 8980 59050 21962 0 92252 26509 65468 105648 84841 98140 35302 156640 87376 2056 172395 52022
11172 42050 30171 42698 26216 48576 101307 2550 77843 69806 74687 16983 58033 18200 92104 40052 88910 87175 41302 15096 70823 55922 105355 92709 19997 95949 17084 66114 67143 16282 46833 22163 85265 92446 64687 93481 63526 41413 72018 73122 67455 94359 17401 80656 73270 19035 16127 76810 67283 4288 14901 16319 18892 31437 36412 11070 27361 100767 73178 101698 2617 19358 93175 56839 10288 49039 15656 55338 63228 100593 88600 79218 92252 0 68171 66445 19085 11172 14901 93481 64687 16127 92104 80656 41413
59734 33634 85889 97995 82206 29887 36672 69229 33748 6904 77332 73339 42005 78005 25682 99475 87389 46986 98032 59222 7651 123390 37205 110348 72803 28486 85252 9607 134257 79498 113170 85278 17825 28140 131691 48359 5314 31625 86813 141241 801 68498 82788 147230 140058 85210 61586 9719 70597 64818 72523 63162 68079 66404 94433 57812 42109 33013 15560 33648 67478 55092 51396 125007 71827 116556 52532 121823 11471 33574 64148 12103 26509 68171 0 60303 80056 59734 72523 48359 131691 61586 25682 147230 31625
67567 36912 96265 109072 92153 34897 68774 68929 36112 55107 17041 82072 18639 60483 66843 106399 28311 34463 107738 71026 55197 114693 85404 50566 53326 82486 78114 50934 125973 64513 108932 88440 65674 62968 123987 41755 55975 40240 28444 126472 59653 29421 83270 139834 132450 71298 74188 60913 11235 62329 80131 75641 80907 38493 65877 57635 48519 85095 49567 79357 63998 47684 38696 109938 76195 108363 57858 116460 48840 73800 24132 70474 65468 66445 60303 0 85488 67567 80131 41755 123987 74188 66843 139834 40240
21207 58755 11390 23613 7951 65150 115243 16571 94589 82944 93629 7024 76273 32461 105217 21448 107819 104765 22261 20848 84021 44598 116508 109971 36975 106258 17181 79839 54806 28688 33518 5416 97777 106333 52180 110747 76036 57474 90281 63926 79428 113151 6817 67335 60309 26325 18555 89375 86304 23159 7534 17075 13218 50068 46811 28585 43218 111244 87610 113589 21612 38053 110791 49546 9590 38094 30829 42101 77215 113466 107372 89937 105648 19085 80056 85488 0 21207 7534 110747 52180 18555 105217 67335 57474
0 37839 30007 43140 25832 44138 94296 10830 73526 62157 77989 15571 56302 28676 84502 42340 92225 84039 42325 4597 63219 63676 96660 99228 28810 86830 26716 58872 74528 27286 53505 26031 77264 85385 71969 89836 55439 36371 77280 81895 59064 93902 23067 87597 80372 30139 7089 68814 70202 10896 14044 8260 13340 36968 47258 10564 22216 91738 66508 93381 12368 20411 90064 66105 12184 56861 10116 62157 56177 92854 88104 70225 84841 11172 59734 67567 21207 0 14044 89836 71969 7089 84502 87597 36371
14044 51858 16265 29343 12093 58178 107761 12424 87571 75439 89241 2081 69950 31358 97699 28297 103491 98020 28385 13322 76517 51858 108995 107534 34549 98778 20158 72371 62224 28218 40952 12833 90246 98852 59607 103865 68512 50415 86908 70957 71894 107233 11884 74842 67787 27692 11060 81847 81704 18335 0 9643 6902 46291 47767 22574 36245 103759 80193 106057 17509 32448 104046 56126 4778 45252 23984 49563 69771 105939 101439 82428 98140 14901 72523 80131 7534 14044 0 103865 59607 11060 97699 74842 50415
89836 52012 119727 132818 115585 45717 33169 95541 16880 41480 54234 105393 36872 94158 37302 132118 56777 7395 132126 91610 40713 147744 53947 86337 87080 56043 108764 40507 159181 97484 139925 115018 41175 31708 156910 0 47488 53580 68310 162135 48212 27074 110780 173015 165549 104372 94711 42123 52004 89231 103865 96388 101979 73899 104072 82640 67622 56463 32825 47809 91605 74590 4587 145283 101218 140998 79935 148195 41120 40747 26023 51983 35302 93481 48359 41755 110747 89836 103865 0 156910 94711 37302 173015 53580
71969 106512 50107 43796 52464 113031 165880 63123 141944 134020 126305 59175 120346 63682 156377 37946 139095 150199 42008 72679 135067 9296 168476 129958 70908 158365 48296 130544 2653 59897 18663 46790 149224 156993 0 156910 127395 106065 117687 16765 131027 153368 48905 16105 8643 52979 70664 140769 120744 68676 59607 69234 65156 85542 61714 75737 92043 163335 137811 165331 66097 82528 156081 18600 59870 15912 80025 10178 127731 164777 147900 141940 156640 64687 131691 123987 52180 71969 59607 156910 0 70664 156377 16105 106065
7089 42991 25223 38186 21200 49051 97091 14773 78160 64697 84951 11754 62190 34307 86882 38363 99173 89181 37679 3214 65783 62855 97954 106281 35269 87719 28669 61783 73279 32311 52012 23892 79349 88194 70664 94711 57682 41144 84368 81794 60970 100020 22416 85889 78846 33995 0 70978 77128 17183 11060 1685 7270 44033 52480 17644 27492 92700 69763 95067 18018 27402 95187 66645 11866 56201 16342 60623 59274 95066 94227 71382 87376 16127 61586 74188 18555 7089 11060 94711 70664 0 86882 85889 41144
84502 52998 111444 123643 107704 47287 11518 93416 31254 22358 83053 98622 51914 99732 0 124985 89645 40050 123643 84377 21312 147865 18573 116840 93768 18762 109119 26048 158907 101808 137996 110348 8216 5721 156377 37302 29200 52184 95257 165145 26190 63413 107540 172090 164837 107987 86882 16005 78064 88444 97699 88490 93534 84707 114569 81318 65038 19426 20357 12535 91107 76920 41668 148641 96678 140994 76505 146644 29039 8570 60887 20366 2056 92104 25682 66843 105217 84502 97699 37302 156377 86882 0 172090 52184
87597 122557 63949 55656 66753 129079 181716 79028 158034 149737 141657 74245 136439 79664 172090 50872 154203 166299 54285 88059 150793 25317 183837 143628 86892 173578 64380 146338 13899 75932 34094 62018 164845 172819 16105 173015 143029 122062 132550 19870 146580 169238 64550 0 7467 69007 85889 156402 136300 84685 74842 84401 80037 101447 76609 91720 107988 178570 153695 180836 82122 98621 172177 31600 75438 32017 95891 25448 143555 180451 163803 157270 172395 80656 147230 139834 67335 87597 74842 173015 16105 85889 172090 0 122062
36371 3389 66160 79241 62028 7934 60475 43155 37157 30777 55523 51880 23529 47559 52184 78711 68379 48083 78575 38032 31628 97204 67591 85432 41766 59926 57958 26407 108497 49655 88224 62004 46332 51752 106065 53580 26324 0 61317 113614 30824 61095 58186 122062 114664 55950 41144 38237 47662 37389 50415 42818 48414 34849 63080 30345 14294 64215 32332 63028 39983 24758 54075 96933 48069 90329 26707 96749 23312 60753 55443 43723 52022 41413 31625 40240 57474 36371 50415 53580 106065 41144 52184 122062 0
