StringID  Type  x          y          demand  ReadyTime  DueDate  ServiceTime
D0        d     38049.16    18567.02    0.0     0.0        32400.0  0.0
C1        c     -16788.76   -15754.95   382.0   4834.0     25334.0  764.0
C2        c     3564.49     -66833.45   250.0   4550.0     23257.0  500.0
C3        c     55760.11    42587.14    723.0   2275.0     23279.0  1446.0
C4        c     19541.93    -58901.57   345.0   4214.0     24296.0  690.0
C5        c     -45357.51   21791.49    816.0   4149.0     23927.0  1632.0
C6        c     109.91      -50342.20   472.0   2076.0     21568.0  944.0
C7        c     -52284.84   10256.74    311.0   2760.0     22005.0  622.0
C8        c     92251.94    35337.70    581.0   2784.0     23464.0  1162.0
C9        c     -19819.98   8504.97     712.0   758.0      22001.0  1424.0
C10       c     94703.14    -38015.65   142.0   954.0      20026.0  284.0
C11       c     64579.90    10316.89    646.0   4728.0     25842.0  1292.0
C12       c     -8766.88    -5817.33    672.0   2199.0     22067.0  1344.0
C13       c     -35906.05   6949.67     341.0   4214.0     23895.0  682.0
C14       c     25000.34    9928.74     710.0   3031.0     23065.0  1420.0
C15       c     -47109.44   20668.88    532.0   3307.0     22486.0  1064.0
C16       c     14798.97    -15379.94   270.0   4799.0     24530.0  540.0
C17       c     -12737.35   -11913.30   561.0   5233.0     24507.0  1122.0
C18       c     -20131.04   42030.95    574.0   4526.0     24762.0  1148.0
C19       c     -560.33     -22768.59   542.0   3858.0     23388.0  1084.0
C20       c     -24088.26   20391.78    224.0   3002.0     23002.0  448.0
C21       c     9585.41     -44477.61   162.0   4448.0     24053.0  324.0
C22       c     -10152.96   8940.83     325.0   4783.0     24265.0  650.0
C23       c     -33981.10   1576.40     529.0   2524.0     22428.0  1058.0
C24       c     -32540.76   5413.31     699.0   2976.0     22851.0  1398.0
C25       c     -9819.38    -17665.25   445.0   4821.0     25647.0  890.0
C26       c     -15499.76   32860.53    560.0   3963.0     24419.0  1120.0
C27       c     -23450.89   86.23       193.0   1254.0     21161.0  386.0
C28       c     -53127.15   22745.33    575.0   4320.0     23669.0  1150.0
C29       c     -39388.03   14846.74    675.0   4953.0     24512.0  1350.0
C30       c     -20205.55   -10571.99   451.0   4157.0     24471.0  902.0
C31       c     4538.08     -8678.85    206.0   901.0      20525.0  412.0
C32       c     -25012.78   1289.43     107.0   3516.0     22725.0  214.0
C33       c     67463.99    63673.32    419.0   5008.0     25518.0  838.0
C34       c     72979.03    42460.07    305.0   1547.0     20957.0  610.0
C35       c     -43222.66   -10638.75   124.0   5004.0     24673.0  248.0
C36       c     -4905.32    -19212.23   170.0   1776.0     20501.0  340.0
C37       c     -12392.51   17473.16    508.0   2939.0     22546.0  1016.0
C38       c     -15754.00   -27702.79   619.0   3807.0     23357.0  1238.0
C39       c     58172.55    31437.60    790.0   1762.0     22759.0  1580.0
C40       c     66459.20    23865.48    790.0   4516.0     25822.0  1580.0
C41       c     -25550.31   -26459.78   352.0   2822.0     21553.0  704.0
C42       c     -41149.03   4877.98     136.0   3561.0     22329.0  272.0
C43       c     8662.38     -16032.08   294.0   780.0      20672.0  588.0
C44       c     -45659.61   6803.94     758.0   3597.0     24564.0  1516.0
C45       c     58627.32    -51917.47   678.0   2091.0     22054.0  1356.0
C46       c     -9586.39    -54768.56   180.0   1721.0     20264.0  360.0
C47       c     54834.45    84264.18    277.0   4640.0     24916.0  554.0
C48       c     -19737.96   78828.98    700.0   3831.0     23312.0  1400.0
C49       c     35760.01    104713.45   464.0   3222.0     23794.0  928.0
C50       c     -60672.96   25376.90    741.0   4022.0     25416.0  1482.0
C51       c     7830.80     -58691.86   309.0   1786.0     22138.0  618.0
C52       c     61395.10    -2954.19    577.0   3114.0     23363.0  1154.0
C53       c     -31547.29   21210.95    423.0   4638.0     24311.0  846.0
C54       c     -58200.96   26108.16    277.0   4186.0     24164.0  554.0
C55       c     21140.23    -43042.00   430.0   4135.0     23062.0  860.0
C56       c     -5621.60    4738.94     189.0   1857.0     22223.0  378.0
C57       c     8170.03     -69994.89   322.0   716.0      20588.0  644.0
C58       c     15526.20    -30651.24   306.0   4118.0     22742.0  612.0
C59       c     -18893.34   2501.83     618.0   3433.0     24503.0  1236.0
C60       c     -13301.57   -36666.75   794.0   3716.0     24912.0  1588.0
C61       c     55294.48    21097.66    456.0   3726.0     23384.0  912.0
C62       c     92900.77    -15626.80   132.0   1715.0     20439.0  264.0
C63       c     2682.81     -22649.30   137.0   600.0      18973.0  274.0
C64       c     -6151.33    -49729.48   174.0   4789.0     23174.0  348.0
C65       c     -28983.71   3482.66     140.0   3581.0     22233.0  280.0
C66       c     -3554.88    -7418.56    367.0   1380.0     21695.0  734.0
C67       c     -37849.66   29099.07    195.0   2114.0     20553.0  390.0
C68       c     5070.03     -30153.32   456.0   5370.0     24650.0  912.0
C69       c     -5754.49    -41590.83   630.0   660.0      21121.0  1260.0
C70       c     -29488.77   4379.81     564.0   794.0      20591.0  1128.0
C71       c     -26421.49   -8702.05    754.0   792.0      22095.0  1508.0
C72       c     13150.85    -14591.68   300.0   4924.0     25186.0  600.0
C73       c     -32957.74   16658.39    812.0   4503.0     24189.0  1624.0
C74       c     -2590.00    -56381.14   181.0   1757.0     20770.0  362.0
C75       c     -14476.30   -22270.30   331.0   3139.0     23033.0  662.0
C76       c     -26504.74   9230.24     265.0   4636.0     23930.0  530.0
C77       c     -8808.42    3084.68     487.0   3274.0     23326.0  974.0
C78       c     47703.90    -11177.47   556.0   3092.0     22805.0  1112.0
C79       c     -2310.14    7199.89     766.0   2522.0     23115.0  1532.0
C80       c     35623.71    -35243.83   329.0   2138.0     21604.0  658.0
C81       c     8945.26     46241.52    309.0   5362.0     25732.0  618.0
C82       c     -25835.25   39825.23    606.0   4484.0     24973.0  1212.0
C83       c     -15506.57   -7422.50    239.0   4066.0     23724.0  478.0
C84       c     -42167.63   18980.00    681.0   1300.0     20952.0  1362.0
C85       c     -15244.69   -47608.49   765.0   4571.0     24130.0  1530.0
C86       c     -5497.38    -28961.67   397.0   966.0      20578.0  794.0
C87       c     73125.43    27336.14    204.0   4095.0     23147.0  408.0
C88       c     -25395.06   54170.51    292.0   4474.0     24146.0  584.0
C89       c     -40150.32   -1907.89    253.0   820.0      19488.0  506.0
C90       c     94086.22    -17426.82   297.0   1472.0     21766.0  594.0
C91       c     32423.50    41127.23    387.0   4041.0     22829.0  774.0
C92       c     -47640.16   29564.71    149.0   2757.0     22905.0  298.0
C93       c     -26900.81   -20065.67   346.0   3536.0     23544.0  692.0
C94       c     -12333.94   68935.05    399.0   4330.0     24696.0  798.0
C95       c     -3895.80    -43481.54   689.0   1775.0     23092.0  1378.0
C96       c     -5175.19    -27410.41   640.0   3652.0     24790.0  1280.0
C97       c     -44415.20   1387.60     520.0   1846.0     21439.0  1040.0
C98       c     81557.99    -5176.03    424.0   2671.0     22298.0  848.0
C99       c     11775.37    17704.32    822.0   1296.0     21140.0  1644.0
C100      c     -24059.65   17720.72    476.0   2583.0     22959.0  952.0
F1        f     38049.16    18567.02    0.0     0.0        32400.0  0.0
F2        f     58627.32    -51917.47   0.0     0.0        32400.0  0.0
F3        f     -2310.14    7199.89     0.0     0.0        32400.0  0.0
F4        f     -5754.49    -41590.83   0.0     0.0        32400.0  0.0
F5        f     -47640.16   29564.71    0.0     0.0        32400.0  0.0
F6        f     -15506.57   -7422.50    0.0     0.0        32400.0  0.0
F7        f     -31547.29   21210.95    0.0     0.0        32400.0  0.0
F8        f     4538.08     -8678.85    0.0     0.0        32400.0  0.0
F9        f     -18893.34   2501.83     0.0     0.0        32400.0  0.0
F10       f     55294.48    21097.66    0.0     0.0        32400.0  0.0
F11       f     -8766.88    -5817.33    0.0     0.0        32400.0  0.0

m numVeh /13/
m numPetrolVeh /7/
m numElectroVeh /6/

DistanceMatrix
0 64693 92100 29844 79649 83469 78663 90715 56738 58737 80070 27784 52786 74862 15649 85185 41146 59231 62733 56563 62164 69172 49154 74007 71805 60035 55424 64217 91272 77527 65136 43189 65386 53850 42320 86360 57205 50454 70962 23887 28900 77925 80373 45395 84531 73427 87449 67808 83492 86177 98957 82958 31752 69647 96545 63887 45808 93466 54127 59165 75417 17430 64637 54310 81352 68709 49052 76626 58833 74416 69012 70000 41466 71033 85257 66533 65226 49349 31272 41930 53865 40161 67329 59529 80218 84967 64461 36156 72751 80836 66601 23251 86392 75571 71242 74896 63105 84235 49566 26288 62115 0 73427 41930 74416 86392 59529 69647 43189 59165 17430 52786
64693 0 54984 93097 56405 47180 38495 44007 120417 24449 113692 85444 12771 29681 49051 47392 31590 5583 57882 17679 36876 38995 25572 24412 26386 7226 48633 17185 52941 38042 6208 22470 18925 115790 106992 26924 12376 33518 11993 88580 92195 13833 31924 25453 36639 83638 39673 123019 94630 131431 60147 49494 79225 39803 58885 46725 23339 59707 35583 18378 21201 80957 109690 20656 35601 22777 15641 49552 26175 28094 23805 11939 29962 36222 43036 6914 26808 20460 64655 27140 55919 67125 56312 8431 43019 31891 17376 99707 70453 27157 110888 75216 54824 10993 84807 30578 16454 32513 98914 43994 34256 64693 83638 27140 28094 54824 8431 39803 22470 18378 80957 12771
92100 54984 0 121232 17838 101231 16849 95195 135294 78884 95586 98362 62250 83677 79699 101116 52666 57289 111413 44257 91504 23152 77006 78036 80766 50957 101500 72167 106011 92285 61077 58163 73874 145311 129474 73122 48369 85803 43640 112424 110372 49777 84509 51057 88575 57047 17847 159559 147515 174542 112380 9192 86168 94787 111594 29579 72159 5586 38108 72882 34561 102019 102971 44193 19671 77484 59840 104490 36711 26908 78510 65410 53114 91130 12130 48076 81791 71004 71034 74266 45008 113203 110636 62397 97239 26896 38941 117075 124421 78271 103127 111751 109154 55815 136696 24515 40380 83404 99421 84936 88952 92100 57047 74266 26908 109154 62397 94787 58163 72882 102019 62250
29844 93097 121232 0 107758 103234 108318 112778 37205 82909 89517 33454 80664 98350 44864 105179 70979 87534 75893 86275 82876 98551 74004 98668 95807 89056 71921 89893 110680 99110 92718 72470 90718 24117 17219 112386 86599 72633 100274 11408 21563 106672 103987 75196 107547 94548 117253 41687 83746 65266 117698 112048 45889 89886 115146 92363 72112 122227 83562 84735 105122 21495 69053 84101 111155 93331 77581 94577 88660 104259 93419 96873 71309 92429 114889 95601 88770 75694 54365 68003 80394 46957 81642 87063 100733 114791 94190 23112 81978 105729 71208 23382 104217 103722 73014 104722 92805 108317 54285 50535 83603 29844 94548 68003 104259 104217 87063 89886 72470 84735 21495 80664
79649 56405 17838 107758 0 103553 21234 99709 119029 78058 78009 82581 60161 86086 69046 103797 43779 57007 108450 41348 90504 17527 74057 80761 82759 50621 98225 72993 109302 94401 62575 52416 74887 131610 114585 79175 46615 82782 47108 98252 95140 55550 88041 44228 92566 39704 29420 147452 143222 164417 116350 11713 69870 95016 115198 15940 68435 15887 28534 72441 39662 87625 85172 39981 27281 79035 56427 105061 32185 30652 80053 68063 44768 92008 22275 49991 82233 68162 55414 69620 28606 105676 108656 62278 99366 36574 39030 101529 121674 82531 85305 100855 111084 60541 131751 28055 40033 87894 82051 76999 88159 79649 39704 69620 30652 111084 62278 95016 52416 72441 87625 60161
83469 47180 101231 103234 103553 0 85268 13455 138275 28787 152295 110535 45838 17596 71351 2081 70714 46905 32342 63185 21315 86083 37477 23196 20797 53102 31844 30839 7828 9158 40988 58464 28883 120344 120128 32500 57599 33247 57672 103978 111836 52159 17429 65945 14991 127459 84505 118073 62527 116000 15730 96471 109583 13822 13549 92873 43240 106254 80356 32748 66670 100654 143232 65444 81562 24562 50997 10477 72396 74738 23558 35895 68898 13420 89107 53806 22654 41058 98729 45453 99050 59553 26577 41768 4252 75651 64535 118613 38038 24265 144854 80148 8101 45746 57559 77328 63525 20426 129749 57279 21683 83469 127459 45453 74738 8101 41768 13822 58464 32748 100654 45838
78663 38495 16849 108318 21234 85268 0 80109 125822 62130 95393 88521 45401 67672 65208 85277 37923 40520 94565 27582 74759 11144 60165 62111 64612 34152 84654 55661 90421 76221 44659 41898 57419 132424 117992 58771 31531 68958 27644 100296 99544 35054 68932 35360 73216 58539 10659 145305 130687 159101 97098 11372 77469 78243 96150 22261 55379 21241 25008 56157 19154 90272 99072 27812 6291 61185 43080 88045 20789 10535 62214 49374 38055 74716 6615 31635 65247 54166 61637 57593 38590 96987 93826 45672 81197 15596 22104 106608 107580 62982 99574 97009 93087 40574 119925 7944 23533 68253 93133 69039 72227 78663 58539 57593 10535 93087 45672 78243 41898 56157 90272 45401
90715 44007 95195 112778 99709 13455 80109 0 146697 32512 154712 116865 46392 16709 77286 11627 71816 45338 45205 61369 29963 82606 42152 20258 20329 50823 43175 30575 12517 13689 38248 59895 28708 131123 129337 22776 55796 40540 52682 112470 119521 45418 12367 66375 7471 127150 77791 130198 75904 129128 17291 91476 114445 23453 16919 90730 46988 100474 79195 34280 61004 108124 147475 64064 75675 24266 51837 23736 70161 69665 23541 32068 69995 20360 83128 49875 25801 44064 102260 50068 98986 71021 39672 40807 13359 68705 61050 126568 51493 17182 148966 90158 19859 39545 70987 72314 60317 11857 134730 64492 29195 90715 127150 50068 69665 19859 40807 23453 59895 34280 108124 46392
56738 120417 135294 37205 119029 138275 125822 146697 0 115239 73394 37307 109080 131264 71892 140131 92581 115132 112582 109501 117296 114910 105752 130670 128330 115012 107780 120954 145923 133225 121468 98139 122108 37648 20547 143064 111424 106158 125058 34302 28229 133027 136834 98113 140832 93510 135979 61594 120138 89467 153249 126366 49177 124603 150736 105831 102545 134777 101200 115894 127774 39606 50969 106701 130075 125351 104914 130251 109040 124592 125615 126582 93541 126595 131937 121283 121593 106082 64406 98660 90490 84017 118172 115932 135411 135778 117001 20733 119145 137541 52796 60108 140011 131404 109850 124326 115885 140821 41901 82386 117638 56738 93510 98660 124592 140011 115932 124603 98139 115894 39606 109080
58737 24449 78884 82909 78058 28787 62130 32512 115239 0 123611 84419 18091 16161 44843 29878 42059 21612 33527 36728 12630 60596 9677 15765 13091 28016 24736 9168 36224 20570 19081 29809 8890 103257 98816 30235 31475 11645 36435 81294 87636 35431 21635 37594 25896 99019 64096 106361 70324 111109 44200 72663 82020 17291 42225 65839 14689 83341 52750 6074 45640 76163 115275 38431 59817 10450 22762 27371 45978 52033 10512 18430 40256 15462 67135 31236 6724 12273 70334 17558 70625 47450 31893 16501 24681 56300 40111 94834 46005 22842 116821 61592 34892 29435 60892 54371 38786 25604 102297 32907 10144 58737 99019 17558 52033 34892 16501 17291 29809 6074 76163 18091
80070 113692 95586 89517 78009 152295 95393 154712 73394 123611 0 56951 108364 138133 84600 153475 83048 110566 139980 96476 132374 85363 114890 134637 134451 106485 131027 124146 159830 144135 118140 94818 126003 105274 83356 140617 101368 120617 110938 78474 68022 120807 142463 88805 147345 38662 105627 128615 163553 154421 167810 89299 48360 139452 165806 73734 109055 92253 79519 120606 108013 71045 22461 93295 101532 130463 102912 148575 89977 100521 131229 124621 84850 138876 99011 110309 130090 111373 54122 107033 59144 120223 143488 114377 148264 110366 100609 68822 151400 139604 20598 100709 157571 122922 151312 98750 100440 144591 35373 99909 131191 80070 38662 107033 100521 157571 114377 139452 94818 120606 71045 108364
27784 85444 98362 33454 82581 110535 88521 116865 37307 84419 56951 0 75100 100542 39581 112168 56022 80450 90453 73061 89239 77633 74746 98948 97244 79487 83192 88623 118361 104067 87321 62975 90046 53434 33222 109820 75499 77304 88876 22071 13678 97345 105869 61815 110295 62518 98675 74587 108643 98698 126155 89346 13648 96743 123792 68805 70423 98143 63911 83838 90956 14228 38408 70129 92782 93813 70405 104137 71967 87415 94256 92968 57144 97744 94660 85509 91091 73744 27328 66963 53984 66225 95109 82028 107098 98627 80334 19044 100093 105441 40501 44534 113859 96394 96705 87082 79304 109360 22984 53319 88948 27784 62518 66963 87415 113859 82028 96743 62975 83838 14228 75100
52786 12771 62250 80664 60161 45838 45401 46392 109080 18091 108364 75100 0 29992 37258 46601 25432 7275 49179 18833 30359 42795 14823 26276 26293 11895 39260 15826 52760 36941 12387 13609 17732 103151 94937 34791 13940 23571 22974 76608 80870 26604 34103 20202 38992 81653 48958 110272 85354 119162 60558 55418 70220 35348 58847 47751 11015 66375 34740 13105 31181 69486 102140 20357 43990 22253 5452 45442 27995 35900 23095 17889 23609 33021 50940 17415 23261 8902 56725 14531 53258 54989 48730 6928 41599 42290 23374 88349 62250 31626 103506 62453 52564 23062 74837 37978 21890 36369 90327 31229 28070 52786 81653 14531 35900 52564 6928 35348 13609 13105 69486 0
74862 29681 83677 98350 86086 17596 67672 16709 131264 16161 138133 100542 29992 0 60979 17713 55404 29876 38465 46179 17898 68660 25830 5708 3699 35867 32982 14221 23368 8631 23527 43359 12276 117911 114529 19050 40565 25761 40086 97213 103754 34978 5637 50145 9755 111364 67096 119211 73675 121218 30870 78878 97804 14913 29396 75851 30365 88674 63711 17585 49126 92291 130770 48633 64015 7742 35398 22235 55278 57143 6913 18301 53578 10147 71559 36236 9674 27372 85552 33597 83047 59628 34383 24954 13562 58339 47056 110921 48377 9822 132258 76400 25478 28477 66316 59732 46098 10166 118088 48879 16011 74862 111364 33597 57143 25478 24954 14913 43359 17585 92291 29992
15649 49051 79699 44864 69046 71351 65208 77286 71892 44843 84600 39581 37258 60979 0 72905 27287 43603 55384 41503 50191 56548 35167 59570 57718 44428 46542 49441 79172 64576 49637 27658 50754 68496 57968 71256 41756 38146 55471 39535 43739 62286 66342 30674 70729 70397 73362 80099 82151 95393 87055 70736 38608 57662 84760 53111 31059 81676 41671 44518 60317 32287 72550 39489 67302 54368 33412 65709 44764 60001 54771 54693 27233 58347 71821 50943 51510 34495 30999 27446 46405 39704 58975 44067 67775 70215 49422 51177 67060 66217 74305 32069 75248 59945 69825 60726 48008 69939 58540 15341 49675 15649 70397 27446 60001 75248 44067 57662 27658 44518 32287 37258
85185 47392 101116 105179 103797 2081 85277 11627 140131 29878 153475 112168 46601 17713 72905 0 71639 47361 34412 63668 23023 86362 38773 23171 21095 53479 33879 31359 6366 9670 41229 59403 29391 122378 122050 31548 58066 34864 57645 105831 113614 51826 16878 66764 13941 128254 84254 120154 64279 118029 14357 96522 111046 15572 12353 93365 44441 106187 80975 33559 66561 102405 144638 65998 81446 24978 51826 12522 72840 74743 23996 35926 69818 14709 88987 53932 23567 42145 100019 46780 99855 61612 28628 42283 5222 75347 64767 120420 39923 23625 146245 82122 8912 45472 59489 77348 63797 19469 131237 58959 23238 85185 128254 46780 74743 8912 42283 15572 59403 33559 102405 46601
41146 31590 52666 70979 43779 70714 37923 71816 92581 42059 83048 56022 25432 55404 27287 71639 0 27754 67202 17044 52838 29561 34844 51643 51705 24724 56966 41258 77894 62047 35333 12255 43161 94990 82039 58215 20074 42646 32944 63821 64877 41843 59503 6171 64400 57061 46326 107386 100340 121909 85774 43869 48224 59050 83966 28380 28667 55016 15289 38144 35253 54502 78102 14130 40234 47673 20006 68922 17689 33308 48496 41758 1827 57508 44536 30075 48080 29971 33172 28330 28779 61899 68547 31333 66527 44060 24421 72296 80329 56577 79314 59192 76933 41962 88573 33752 23317 61542 67534 33222 51046 41146 57061 28330 33308 76933 31333 59050 12255 38144 54502 25432
59231 5583 57289 87534 57007 46905 40520 45338 115132 21612 110566 80450 7275 29876 43603 47361 27754 0 54449 16313 34241 39481 21014 25165 26313 6450 44859 16086 53222 37767 7588 17576 18028 110207 101507 30512 10706 29388 16075 83111 86903 19385 33003 21792 37871 81812 42971 117542 91012 126308 60732 51101 74672 38092 59267 46007 18109 61730 33911 15675 24760 75618 105703 18789 38385 22383 10224 48090 25491 30488 23368 14056 26026 35003 45611 10502 25231 15504 60446 21772 53695 62065 53371 5276 42668 35783 18522 94408 67285 29182 106966 69662 54209 16342 80849 32783 17244 34357 94536 38446 31723 59231 81812 21772 30488 54209 5276 38092 17576 15675 75618 7275
62733 57882 111413 75893 108450 32342 94565 45205 112582 33527 139980 90453 49179 38465 55384 34412 67202 54449 0 67690 21998 91470 34562 42760 38663 60580 10274 42076 38219 33314 52603 56392 41033 90229 93111 57509 63107 25748 69871 79017 88475 68705 42686 64810 43505 122594 97372 86043 36800 83982 43829 104532 93114 23745 41266 94555 40015 115545 80958 39548 78993 78277 126888 68586 92819 39552 52154 21936 76457 84849 38797 51121 65680 28430 99963 64549 33414 40559 86213 39125 95289 29380 6116 49669 31890 89773 72485 94407 13232 48285 128766 52562 30202 62465 28011 87040 71034 47346 112112 40122 24626 62733 122594 39125 84849 30202 49669 23745 56392 39548 78277 49179
56563 17679 44257 86275 41348 63185 27582 61369 109501 36728 96476 73061 18833 46179 41503 63668 17044 16313 67690 0 49157 23963 33129 41348 42626 10572 57600 32347 69533 54060 23123 14984 34303 109998 98300 44353 5615 41945 15975 79924 81648 25261 49110 11421 53930 65976 33249 120518 103392 132555 77016 36890 65047 53800 75574 29697 27969 48026 17914 31220 18855 71021 93734 3245 27535 38691 15639 63881 9286 19526 39672 29439 15964 51030 33674 13925 41195 27137 49637 30020 38274 69662 67504 21422 58942 28856 7920 89107 80848 44750 94797 71907 70394 26479 92456 20980 6545 50068 83982 42311 46815 56563 65976 30020 19526 70394 21422 53800 14984 31220 71021 18833
62164 36876 91504 82876 90504 21315 74759 29963 117296 12630 132374 89239 30359 17898 50191 23023 52838 34241 21998 49157 0 73089 18037 21258 17199 40644 15140 20316 29134 16274 31206 40799 19125 101267 99544 36456 44005 12054 48811 82999 90614 46874 23060 48983 25494 109866 76547 101531 58599 103402 36923 85282 88614 7504 34588 77907 24208 95971 64612 18629 58069 79386 122408 50688 72379 17604 34569 16285 58352 64637 16898 29187 51094 9623 79726 43731 11420 23087 78427 25462 81614 41945 19512 29108 18134 68573 52739 97461 33804 27482 124078 60196 25275 40555 49946 66989 51408 27827 108696 35964 2671 62164 109866 25462 64637 25275 29108 7504 40799 18629 79386 30359
69172 38995 23152 98551 17527 86083 11144 82606 114910 60596 85363 77633 42795 68660 56548 86362 29561 39481 91470 23963 73089 0 56949 63396 65297 33098 81305 55474 91934 76927 45134 36153 57373 122664 107596 62720 29126 65734 30389 90132 88912 39486 70781 28461 75378 49603 21759 136462 126745 151470 99075 14322 66396 77504 97864 11644 51512 25557 15049 54937 24183 79934 88169 22894 16590 61545 39320 87542 15019 15609 62561 50758 30098 74482 17027 32743 64707 50995 50615 53029 27627 90721 91442 44751 81886 25027 21639 95888 104667 65466 88725 88599 93579 43900 115511 13518 22565 70850 82004 62220 70715 69172 49603 53029 15609 93579 44751 77504 36153 54937 79934 42795
49154 25572 77006 74004 74057 37477 60165 42152 105752 9677 114890 74746 14823 25830 35167 38773 34844 21014 34562 33129 18037 56949 0 24940 22664 26608 24510 15976 45137 29826 21950 22941 16714 94974 89635 38431 28638 8821 37069 71934 78052 38604 31261 31268 35571 91839 63712 99484 70542 106209 53126 69983 72530 24663 51023 60675 6180 81034 47191 10856 45716 66567 105942 34098 58807 19606 17640 34256 41953 50723 19866 23999 33119 24075 65758 31509 16354 6009 61255 8034 63622 41906 34638 17217 33552 56778 38187 85286 47729 31899 107522 53373 42786 33494 60034 52794 36690 35085 92791 23615 16446 49154 91839 8034 50723 42786 17217 24663 22941 10856 66567 14823
74007 24412 78036 98668 80761 23196 62111 20258 130670 15765 134637 98948 26276 5708 59570 23171 51643 25165 42760 41348 21258 63396 24940 0 4098 30887 36335 10635 28543 14330 18367 39861 8973 118942 114507 15317 35743 26810 34489 96871 102884 29276 7892 46136 12795 106948 61399 121349 78555 124503 35762 73352 95484 19785 34473 70917 28535 83061 59073 15116 43476 91385 128043 43945 58368 5349 31728 27793 50317 51577 5295 12759 49828 15117 65913 30808 10699 25218 82675 32166 78744 61949 39107 20550 19233 52633 41760 110161 53290 7085 129470 77291 31143 22771 70752 54179 40866 10436 115736 48516 18949 74007 106948 32166 51577 31143 20550 19785 39861 15116 91385 26276
71805 26386 80766 95807 82759 20797 64612 20329 128330 13091 134451 97244 26293 3699 57718 21095 51705 26313 38663 42626 17199 65297 22664 4098 0 32386 32307 10536 26911 11657 20191 39666 8584 115738 111834 19281 37015 23482 37128 94372 100705 32631 8625 46450 13192 107696 64411 117694 74524 120522 34496 75758 94308 15829 32965 72316 26928 85696 60092 13955 46270 89225 127194 45036 61132 4047 31699 24273 51764 54101 3222 15385 49879 11253 68670 33056 7142 23846 81942 30283 79369 58207 35059 21329 16635 55772 43738 107916 49278 10560 128670 74134 28483 26096 66658 56668 42735 12538 114589 45989 14947 71805 107696 30283 54101 28483 21329 15829 39666 13955 89225 26293
60035 7226 50957 89056 50621 53102 34152 50823 115012 28016 106485 79487 11895 35867 44428 53479 24724 6450 60580 10572 40644 33098 26608 30887 32386 0 50844 22382 59233 43947 12577 16938 24292 112199 102326 34134 5152 35232 11661 83869 86852 18022 38597 18554 43397 76539 37104 120705 97003 130591 66624 44662 72718 44536 65245 40031 22794 55335 28479 22114 19318 75778 102740 13459 32273 28540 12010 54522 19433 24268 29544 18867 23175 41394 39385 6549 31651 20775 57888 25974 48725 66605 59680 11716 48880 30431 12095 94366 73505 34180 103906 72395 60507 17249 86637 26487 10795 39495 92227 41441 38144 60035 76539 25974 24268 60507 11716 44536 16938 22114 75778 11895
55424 48633 101500 71921 98225 31844 84654 43175 107780 24736 131027 83192 39260 32982 46542 33879 56966 44859 10274 57600 15140 81305 24510 36335 32307 50844 0 33725 38963 29919 43687 46120 32973 88501 88998 51582 53140 15698 60564 73686 82451 60166 37959 54537 39857 112615 87828 87116 46163 88263 45789 94478 84826 19830 43232 84283 29806 105544 70685 30548 69562 71765 118751 58412 83117 32325 42013 22664 66286 75086 31731 42974 55431 23818 90171 55140 26067 30518 77033 28852 85158 27868 12463 40283 30064 80469 62626 88797 23495 42620 120573 48631 32309 54140 36213 77219 61149 42739 104245 31203 17392 55424 112615 28852 75086 32309 40283 19830 46120 30548 71765 39260
64217 17185 72167 89893 72993 30839 55661 30575 120954 9168 124146 88623 15826 14221 49441 31359 41258 16086 42076 32347 20316 55474 15976 10635 10536 22382 33725 0 37338 21722 11141 29329 1972 110945 105329 22493 26765 20606 28835 87437 93001 26629 18335 35931 23202 97166 56580 114954 78830 120220 45001 66584 84900 22623 43413 62036 18426 76885 49639 5158 38129 81500 117408 34639 52734 6492 21264 32389 41568 45278 7409 9277 39435 19105 60198 24091 9640 14946 72041 22306 68833 56390 39810 10931 26595 48396 34148 100347 54119 16818 118835 69328 38133 20445 69741 47755 33016 21005 105141 39386 17645 64217 97166 22306 45278 38133 10931 22623 29329 5158 81500 15826
91272 52941 106011 110680 109302 7828 90421 12517 145923 36224 159830 118361 52760 23368 79172 6366 77894 53222 38219 69533 29134 91934 45137 28543 26911 59233 38963 37338 0 15848 46839 65672 35366 127347 127638 34822 63920 41074 62783 111639 119592 56406 21511 72950 17604 134401 88906 124259 65270 120912 7992 101725 117370 21634 6087 99215 50804 111167 86974 39771 71525 108434 150985 71940 86367 30886 58028 16546 78646 79896 29934 41257 76071 21068 93888 59332 29856 48484 106384 53142 106016 66371 32196 48222 11588 79905 70301 126336 41912 27860 152596 87503 8753 50206 61624 82521 69390 23066 137549 65098 29499 91272 134401 53142 79896 8753 48222 21634 65672 39771 108434 52760
77527 38042 92285 99110 94401 9158 76221 13689 133225 20570 144135 104067 36941 8631 64576 9670 62047 37767 33314 54060 16274 76927 29826 14330 11657 43947 29919 21722 15848 0 31845 49829 19760 117479 115710 25772 48467 27123 48673 98961 106231 43563 10123 57117 10199 118594 75726 117033 66932 117146 23747 87393 102343 10099 21926 83754 35247 97262 71314 23925 57742 94889 135753 56355 72628 15408 42187 14335 63258 65699 14407 26883 60224 6681 80172 44702 14054 32764 90897 37858 90199 57635 28418 32653 4981 66959 55387 113205 41739 16772 137321 76469 16874 37078 60477 68278 54371 14367 122592 51243 15595 77527 118594 37858 65699 16874 32653 10099 49829 23925 94889 36941
65136 6208 61077 92718 62575 40988 44659 38248 121468 19081 118140 87321 12387 23527 49637 41229 35333 7588 52603 23123 31206 45134 21950 18367 20191 12577 43687 11141 46839 31845 0 24816 12799 114884 107218 23017 17571 29113 17700 88927 93256 16763 26026 29380 30819 89017 45454 120933 89402 128152 54129 55692 81955 33746 52812 52572 21145 65850 40987 13140 26993 81873 113219 25879 41603 16571 16947 43418 31973 34220 17599 6491 33598 30068 49079 13026 20780 17788 67912 25221 61038 63856 50711 5657 36819 37367 23548 100736 64950 21745 114497 73774 48617 11617 79896 36729 22571 27003 101906 42689 28554 65136 89017 25221 34220 48617 5657 33746 24816 13140 81873 12387
43189 22470 58163 72470 52416 58464 41898 59895 98139 29809 94818 62975 13609 43359 27658 59403 12255 17576 56392 14984 40799 36153 22941 39861 39666 16938 46120 29329 65672 49829 24816 0 31187 95888 85436 47801 14147 31154 27815 66978 69953 34950 47656 8431 52531 69248 48205 105679 90813 117612 73568 50121 57144 46857 71738 38164 16830 61424 24567 25962 33190 58846 88635 14093 42420 35660 8191 56779 21481 34484 36447 30960 10447 45254 48232 23373 35838 17791 43238 17293 40890 55097 57229 20084 54281 43668 22630 77468 69613 45198 89974 57081 64693 33437 79427 35810 21100 49978 77100 27358 38920 43189 69248 17293 34484 64693 20084 46857 0 25962 58846 13609
65386 18925 73874 90718 74887 28883 57419 28708 122108 8890 126003 90046 17732 12276 50754 29391 43161 18028 41033 34303 19125 57373 16714 8973 8584 24292 32973 1972 35366 19760 12799 31187 0 111551 106289 21769 28716 20523 30435 88480 94217 27754 16530 37869 21371 99129 58142 115154 77719 119958 43033 68385 86512 20966 41442 63995 19696 78629 51610 6238 39722 82714 119121 36607 54394 4536 23158 30629 43516 47006 5439 10090 41336 17301 61876 25808 8080 16304 73778 23459 70792 56337 38545 12894 24642 49864 36000 101536 52882 15472 120561 69900 36214 21438 68824 49501 34889 19403 106767 40284 16459 65386 99129 23459 47006 36214 12894 20966 31187 6238 82714 17732
53850 115790 145311 24117 131610 120344 132424 131123 37648 103257 105274 53434 103151 117911 68496 122378 94990 110207 90229 109998 101267 122664 94974 118942 115738 112199 88501 110945 127347 117479 114884 95888 111551 0 21918 133318 110033 92258 123591 33548 39821 129521 123506 99048 126614 115928 141298 24156 88509 51860 133737 136123 66903 107732 131160 116336 93887 146229 107678 105828 128807 44281 83280 107927 135201 113688 100487 110844 112679 128224 113647 118544 95265 110882 138999 118746 108601 97409 77415 89765 103915 61060 96299 109264 118392 138652 117918 36776 93344 126023 85358 41667 120051 126162 79971 128742 116502 128049 70277 72211 102412 53850 115928 89765 128224 120051 109264 107732 95888 105828 44281 103151
42320 106992 129474 17219 114585 120128 117992 129337 20547 98816 83356 33222 94937 114529 57968 122050 82039 101507 93111 98300 99544 107596 89635 114507 111834 102326 88998 105329 127638 115710 107218 85436 106289 21918 0 127759 99345 88953 113121 18459 19704 120241 120157 86937 123881 95463 127556 45572 99595 72531 134739 120316 46868 106664 132195 99989 87183 129793 92984 100186 117070 27733 61408 95816 121493 109159 91353 111631 99420 115167 109315 111795 82670 109034 124420 108805 104887 90772 59294 83137 86217 64145 98849 101577 117516 126078 106111 15125 99069 121519 63498 40577 121307 117837 89327 115307 104833 124372 48402 66021 100143 42320 95463 83137 115167 121307 101577 106664 85436 100186 27733 94937
86360 26924 73122 112386 79175 32500 58771 22776 143064 30235 140617 109820 34791 19050 71256 31548 58215 30512 57509 44353 36456 62720 38431 15317 19281 34134 51582 22493 34822 25772 23017 47801 21769 133318 127759 0 39265 41723 32337 109779 114981 23720 15655 52165 17612 109897 55487 136462 92499 139801 40020 70111 104900 33922 39682 72059 40624 78513 62064 27651 39658 103503 136215 47451 53874 20054 39798 40099 52086 48599 20351 16912 56512 29163 61183 31010 25967 37050 90928 44632 82596 77181 53375 27902 29638 46363 41940 122389 67217 9256 137477 91663 40445 18849 85359 51237 41580 12085 124900 61872 34227 86360 109897 44632 48599 40445 27902 33922 47801 27651 103503 34791
57205 12376 48369 86599 46615 57599 31531 55796 111424 31475 101368 75499 13940 40565 41756 58066 20074 10706 63107 5615 44005 29126 28638 35743 37015 5152 53140 26765 63920 48467 17571 14147 28716 110033 99345 39265 0 37442 13776 80896 83358 21880 43519 13935 48350 71456 35863 119483 99157 130427 71402 41483 68265 48413 69960 35302 23962 52439 23416 25830 19369 72449 97872 8330 30543 33088 11871 58475 14806 22395 34072 23946 18638 45537 37241 10048 35714 22636 53219 26539 43585 66903 62638 15855 53358 30220 9767 90860 76190 39264 99008 70953 64849 22012 88460 24290 8203 44558 87595 40510 41604 57205 71456 26539 22395 64849 15855 48413 14147 25830 72449 13940
50454 33518 85803 72633 82782 33247 68958 40540 106158 11645 120617 77304 23571 25761 38146 34864 42646 29388 25748 41945 12054 65734 8821 26810 23482 35232 15698 20606 41074 27123 29113 31154 20523 92258 88953 41723 37442 0 45301 71934 79110 45861 31394 39572 34936 99292 72296 94766 61794 99647 48923 78804 76563 19516 46615 69185 14422 89853 55636 16322 54148 67784 110373 42861 67492 21703 26414 27986 50727 59436 21534 29698 40995 20581 74502 39798 16343 14828 66577 14394 71307 35818 26083 25090 29813 65144 46944 86085 38933 33854 112052 50675 37264 40245 51462 61544 45460 35836 96642 24169 11670 50454 99292 14394 59436 37264 25090 19516 31154 16322 67784 23571
70962 11993 43640 100274 47108 57672 27644 52682 125058 36435 110938 88876 22974 40086 55471 57645 32944 16075 69871 15975 48811 30389 37069 34489 37128 11661 60564 28835 62783 48673 17700 27815 30435 123591 113121 32337 13776 45301 0 94672 97048 9875 41309 27062 45662 78224 27760 132361 106606 142084 69535 38943 81021 51400 68537 39956 33987 48590 31419 30367 9293 86194 109324 19117 24029 33876 23670 60948 20968 17113 34899 21790 31739 47580 31555 5581 38466 31561 65574 37402 51928 77960 68276 20282 53637 19912 10334 104541 82439 35504 110320 84016 65546 13512 96698 19738 10583 40838 99885 53101 46177 70962 78224 37402 17113 65546 20282 51400 27815 30367 86194 22974
23887 88580 112424 11408 98252 103978 100296 112470 34302 81294 78474 22071 76608 97213 39535 105831 63821 83111 79017 79924 82999 90132 71934 96871 94372 83869 73686 87437 111639 98961 88927 66978 88480 33548 18459 109779 80896 71934 94672 0 11225 101792 102811 68590 106714 83356 109648 52932 91192 76627 119000 103236 34542 90301 116495 83178 69156 113088 75324 82319 98726 10733 58490 77489 103565 91530 72939 96051 81322 97056 91742 93634 64387 92321 106791 90346 87541 72735 43882 65158 70391 51405 84425 83299 101111 107881 87761 15505 86604 103823 60643 27512 105829 99449 79858 97290 86464 106898 43445 48387 83368 23887 83356 65158 97056 105829 83299 90301 66978 82319 10733 76608
28900 92195 110372 21563 95140 111836 99544 119521 28229 87636 68022 13678 80870 103754 43739 113614 64877 86903 88475 81648 90614 88912 78052 102884 100705 86852 82451 93001 119592 106231 93256 69953 94217 39821 19704 114981 83358 79110 97048 11225 0 104873 109271 70230 113410 76187 109390 61507 102230 86480 127141 101257 27294 98042 124680 80811 74575 110487 74607 87986 100130 11503 47527 78937 103385 97595 76685 104440 81772 97465 97907 98425 65732 99678 105865 93162 94109 78084 39746 70760 66669 61713 93664 87734 108737 108554 89266 7516 96724 109681 49682 38163 114242 103180 90772 97393 88095 113130 32732 55030 90727 28900 76187 70760 97465 114242 87734 98042 69953 87986 11503 80870
77925 13833 49777 106672 55550 52159 35054 45418 133027 35431 120807 97345 26604 34978 62286 51826 41843 19385 68705 25261 46874 39486 38604 29276 32631 18022 60166 26629 56406 43563 16763 34950 27754 129521 120241 23720 21880 45861 9875 101792 104873 0 35005 35767 38870 87943 32500 136827 105449 144794 62615 46403 90067 48046 61883 49548 37020 55067 41290 29717 15944 93795 118945 28489 30295 30139 29092 56904 30842 24916 31090 17779 40480 43750 37716 11840 35703 33958 74831 40903 61801 80470 66286 21524 48383 23526 20208 112387 80630 28565 119977 89045 60222 6535 96306 27544 20397 33636 109202 57825 44206 77925 87943 40903 24916 60222 21524 48046 34950 29717 93795 26604
80373 31924 84509 103987 88041 17429 68932 12367 136834 21635 142463 105869 34103 5637 66342 16878 59503 33003 42686 49110 23060 70781 31261 7892 8625 38597 37959 18335 21511 10123 26026 47656 16530 123506 120157 15655 43519 31394 41309 102811 109271 35005 0 54022 4905 114809 67483 124559 76988 126024 28309 80251 102843 18946 27230 78589 35528 89657 66891 22382 50014 97798 135609 51759 64860 12245 39554 24445 57995 58413 11671 20033 57685 14348 72384 38059 15277 32390 90292 38908 86625 64964 38155 28440 14139 58531 49154 116460 51749 6859 137062 82018 25526 28726 70240 61045 48339 4780 123118 54456 21377 80373 114809 38908 58413 25526 28440 18946 47656 22382 97798 34103
45395 25453 51057 75196 44228 65945 35360 66375 98113 37594 88805 61815 20202 50145 30674 66764 6171 21792 64810 11421 48983 28461 31268 46136 46450 18554 54537 35931 72950 57117 29380 8431 37869 99048 86937 52165 13935 39572 27062 68590 70230 35767 54022 0 58927 61516 42820 110414 99021 123749 80759 42668 54330 54807 79035 29753 25208 53965 16150 33209 30136 59608 84239 8919 36810 42403 14948 64809 14571 29344 43268 35841 4714 52924 41889 23965 43300 25897 39342 25693 33106 62274 65652 25657 61721 39606 19175 77694 78028 50815 85435 61901 72450 35791 87523 30186 17915 55863 73700 33880 47010 45395 61516 25693 29344 72450 25657 54807 8431 33209 59608 20202
84531 36639 88575 107547 92566 14991 73216 7471 140832 25896 147345 110295 38992 9755 70729 13941 64400 37871 43505 53930 25494 75378 35571 12795 13192 43397 39857 23202 17604 10199 30819 52531 21371 126614 123881 17612 48350 34936 45662 106714 113410 38870 4905 58927 0 119683 71361 126882 76548 127340 23882 84563 107499 20167 23020 83348 40091 93785 71740 27110 54192 101961 140364 56608 68971 17003 44442 23623 62764 62725 16352 24709 62581 16076 76468 42635 19308 37038 95079 43351 91515 67357 38515 33341 12667 62336 53779 120546 51519 10308 141831 85294 22847 32770 70504 65367 53006 5557 127780 58460 24202 84531 119683 43351 62725 22847 33341 20167 52531 27110 101961 38992
73427 83638 57047 94548 39704 127459 58539 127150 93510 99019 38662 62518 81653 111364 70397 128254 57061 81812 122594 65976 109866 49603 91839 106948 107696 76539 112615 97166 134401 118594 89017 69248 99129 115928 95463 109897 71456 99292 78224 83356 76187 87943 114809 61516 119683 0 68273 136234 152433 158291 142151 51246 49041 116100 140488 38523 85661 53598 48062 94715 73528 73091 49917 63138 64816 103657 76464 125982 57811 65205 104565 95398 58833 114414 61380 78887 104817 87022 42179 84901 28411 110016 124702 86462 123232 73998 68110 80569 135331 110716 49467 96664 133911 91267 140146 63090 68347 116014 52063 83918 108105 73427 0 84901 65205 133911 86462 116100 69248 94715 73091 81653
87449 39673 17847 117253 29420 84505 10659 77791 135979 64096 105627 98675 48958 67096 73362 84254 46326 42971 97372 33249 76547 21759 63712 61399 64411 37104 87828 56580 88906 75726 45454 48205 58142 141298 127556 55487 35863 72296 27760 109648 109390 32500 67483 42820 71361 68273 0 153232 133983 165804 95043 17854 87881 79090 94363 32888 59639 23391 34818 58022 18479 99826 109707 34383 6099 61396 47733 88502 28648 13724 62407 49046 46165 75153 7180 32864 66197 57858 71989 62394 49246 102696 95979 47715 80625 9126 26129 116544 110080 61061 110193 104694 92521 38782 123734 12640 27711 66080 103763 75556 73920 87449 68273 62394 13724 92521 47715 79090 48205 58022 99826 48958
67808 123019 159559 41687 147452 118073 145305 130198 61594 106361 128615 74587 110272 119211 80099 120154 107386 117542 86043 120518 101531 136462 99484 121349 117694 120705 87116 114954 124259 117033 120933 105679 115154 24156 45572 136462 119483 94766 132361 52932 61507 136827 124559 110414 126882 136234 153232 0 74770 27964 129652 150485 87465 106946 127119 131690 99896 161163 121452 110095 138805 63168 106898 118955 147219 116409 108697 107859 124771 139680 116155 123472 107285 110806 151917 127097 110662 103153 95708 95940 121042 59595 92100 115561 116925 149337 128297 59794 85688 128249 109003 48611 116160 132534 68895 140599 126777 129302 93347 79274 103210 67808 136234 95940 139680 116160 115561 106946 105679 110095 63168 110272
83492 94630 147515 83746 143222 62527 130687 75904 120138 70324 163553 108643 85354 73675 82151 64279 100340 91012 36800 103392 58599 126745 70542 78555 74524 97003 46163 78830 65270 66932 89402 90813 77719 88509 99595 92499 99157 61794 106606 91192 102230 105449 76988 99021 76548 152433 133983 74770 0 61237 67326 140257 115200 58816 65260 128544 75423 151418 115019 76332 115675 94672 147001 103926 129274 75911 87753 52925 111770 121229 75085 87786 99041 63561 136293 101236 69927 76529 112470 73719 126797 43413 39477 86355 63914 126517 108727 106184 25299 83277 149068 64360 56617 99154 12358 123332 107233 81278 131597 68770 61261 83492 152433 73719 121229 56617 86355 58816 90813 76332 94672 85354
86177 131431 174542 65266 164417 116000 159101 129128 89467 111109 154421 98698 119162 121218 95393 118029 121909 126308 83982 132555 103402 151470 106209 124503 120522 130591 88263 120220 120912 117146 128152 117612 119958 51860 72531 139801 130427 99647 142084 76627 86480 144794 126024 123749 127340 158291 165804 27964 61237 0 124874 165775 110677 107252 122505 148477 108200 176873 136869 115906 149651 85867 133217 131588 160029 120164 118824 105527 138315 152080 119684 129343 121429 111695 165596 136560 113991 110972 116505 104682 139957 64327 89468 123299 115857 160635 139897 85927 79338 130883 135352 63674 112263 139629 59943 153409 138320 130783 119051 90254 105575 86177 158291 104682 152080 112263 123299 107252 117612 115906 85867 119162
98957 60147 112380 117698 116350 15730 97098 17291 153249 44200 167810 126155 60558 30870 87055 14357 85774 60732 43829 77016 36923 99075 53126 35762 34496 66624 45789 45001 7992 23747 54129 73568 43033 133737 134739 40020 71402 48923 69535 119000 127141 62615 28309 80759 23882 142151 95043 129652 67326 124874 0 108445 125313 29422 2578 106652 58793 117623 94580 47632 78061 116046 158953 79501 92809 38517 65864 23125 86057 86607 37594 48317 83949 29054 100290 66366 37791 56452 114376 61128 113789 72678 37715 55819 19580 85969 77440 133813 45537 34141 160569 94419 13689 56618 65069 89248 76593 28979 145476 72853 37405 98957 142151 61128 86607 13689 55819 29422 73568 47632 116046 60558
82958 49494 9192 112048 11713 96471 11372 91476 126366 72663 89299 89346 55418 78878 70736 96522 43869 51101 104532 36890 85282 14322 69983 73352 75758 44662 94478 66584 101725 87393 55692 50121 68385 136123 120316 70111 41483 78804 38943 103236 101257 46403 80251 42668 84563 51246 17854 150485 140257 165775 108445 0 77303 89079 107477 20544 64842 11308 29077 66775 30523 92839 95349 36408 16608 72256 52522 98964 28672 21840 73286 60599 44420 85682 10674 42710 76107 63978 62028 66668 36363 104939 104111 56331 92373 25599 32581 108001 117651 74341 95618 102804 104241 51945 129210 19206 33877 79619 91102 76498 82800 82958 51246 66668 21840 104241 56331 89079 50121 66775 92839 55418
31752 79225 86168 45889 69870 109583 77469 114445 49177 82020 48360 13648 70220 97804 38608 111046 48224 74672 93114 65047 88614 66396 72530 95484 94308 72718 84826 84900 117370 102343 81955 57144 86512 66903 46868 104900 68265 76563 81021 34542 27294 90067 102843 54330 107499 49041 87881 87465 115200 110677 125313 77303 0 96033 123077 56811 67457 85600 53582 80474 81952 24813 33959 61928 82161 90608 65103 104293 62548 77472 91179 88004 49628 96370 83358 78292 88740 70463 15971 64509 41313 71911 97156 77031 105860 88700 71770 32482 103903 101551 35751 52750 113781 89939 102976 76846 70920 105899 20285 53748 87920 31752 49041 64509 77472 113781 77031 96033 57144 80474 24813 70220
69647 39803 94787 89886 95016 13822 78243 23453 124603 17291 139452 96743 35348 14913 57662 15572 59050 38092 23745 53800 7504 77504 24663 19785 15829 44536 19830 22623 21634 10099 33746 46857 20966 107732 106664 33922 48413 19516 51400 90301 98042 48046 18946 54807 20167 116100 79090 106946 58816 107252 29422 89079 96033 0 27100 83093 30716 99478 70040 22587 60686 86842 129786 55637 75349 17913 40040 10097 63080 67892 16957 30349 57269 4766 82819 46712 12999 29080 85614 32421 87744 47604 19471 32820 10852 70724 56532 104852 33529 24668 131441 66999 18132 41537 51447 70354 55313 23634 116142 43464 8261 69647 116100 32421 67892 18132 32820 0 46857 22587 86842 35348
96545 58885 111594 115146 115198 13549 96150 16919 150736 42225 165806 123792 58847 29396 84760 12353 83966 59267 41266 75574 34588 97864 51023 34473 32965 65245 43232 43413 6087 21926 52812 71738 41442 131160 132195 39682 69960 46615 68537 116495 124680 61883 27230 79035 23020 140488 94363 127119 65260 122505 2578 107477 123077 27100 0 105246 56756 116794 93045 45851 77179 113606 156759 78001 91981 36953 64111 20570 84667 85638 36007 47135 82144 26954 99484 65210 35910 54495 112277 59003 112103 70100 35152 54287 17546 85319 76226 131332 43171 33328 158388 91861 11112 55783 62753 88271 75339 28305 143218 70479 35156 96545 140488 59003 85638 11112 54287 27100 71738 45851 113606 58847
63887 46725 29579 92363 15940 92873 22261 90730 105831 65839 73734 68805 47751 75851 53111 93365 28380 46007 94555 29697 77907 11644 60675 70917 72316 40031 84283 62036 99215 83754 52572 38164 63995 116336 99989 72059 35302 69185 39956 83178 80811 49548 78589 29753 83348 38523 32888 131690 128544 148477 106652 20544 56811 83093 105246 0 54765 29911 13603 60638 35027 72666 76819 27505 28099 68388 43346 93189 20600 26934 69369 58663 29551 80565 27222 41231 70728 54996 41485 55445 16449 90113 95256 51105 88626 36670 30130 87496 107777 73814 77313 84922 100012 53253 116873 25040 30608 79193 71303 61464 75731 63887 38523 55445 26934 100012 51105 83093 38164 60638 72666 47751
45808 23339 72159 72112 68435 43240 55379 46988 102545 14689 109055 70423 11015 30365 31059 44441 28667 18109 40015 27969 24208 51512 6180 28535 26928 22794 29806 18426 50804 35247 21145 16830 19696 93887 87183 40624 23962 14422 33987 69156 74575 37020 35528 25208 40091 85661 59639 99896 75423 108200 58793 64842 67457 30716 56756 54765 0 75996 41227 13459 42112 63074 100605 28620 54471 23396 12332 40399 36494 46330 23870 24765 26946 29822 61195 28424 21361 3591 55650 4126 57444 43985 40492 15672 39223 53225 33701 81925 53240 35163 102142 52645 48804 32681 64546 48251 32152 38938 87742 21697 22550 45808 85661 4126 46330 48804 15672 30716 16830 13459 63074 11015
93466 59707 5586 122227 15887 106254 21241 100474 134777 83341 92253 98143 66375 88674 81676 106187 55016 61730 115545 48026 95971 25557 81034 83061 85696 55335 105544 76885 111167 97262 65850 61424 78629 146229 129793 78513 52439 89853 48590 113088 110487 55067 89657 53965 93785 53598 23391 161163 151418 176873 117623 11308 85600 99478 116794 29911 75996 0 40025 77383 39646 102560 100674 47663 24815 82337 63665 109259 39962 31634 83365 70380 55627 95918 17353 52825 86481 75026 70869 77903 44287 116239 114964 66902 102227 32394 43250 117015 128622 83491 100722 113738 114135 61015 140435 29130 44627 88660 97915 87773 93449 93466 53598 77903 31634 114135 66902 99478 61424 77383 102560 66375
54127 35583 38108 83562 28534 80356 25008 79195 101200 52750 79519 63911 34740 63711 41671 80975 15289 33911 80958 17914 64612 15049 47191 59073 60092 28479 70685 49639 86974 71314 40987 24567 51610 107678 92984 62064 23416 55636 31419 75324 74607 41290 66891 16150 71740 48062 34818 121452 115019 136869 94580 29077 53582 70040 93045 13603 41227 40025 0 47789 29449 65265 78820 15132 28877 56091 30064 80119 10468 23928 57040 47343 16234 67741 31468 31151 57941 41597 37612 41843 20616 77174 81717 38763 76104 35134 21091 81733 94177 62658 79665 73741 87269 43728 103410 23277 20954 67967 70776 48501 62505 54127 48062 41843 23928 87269 38763 70040 24567 47789 65265 34740
59165 18378 72882 84735 72441 32748 56157 34280 115894 6074 120606 83838 13105 17585 44518 33559 38144 15675 39548 31220 18629 54937 10856 15116 13955 22114 30548 5158 39771 23925 13140 25962 6238 105828 100186 27651 25830 16322 30367 82319 87986 29717 22382 33209 27110 94715 58022 110095 76332 115906 47632 66775 80474 22587 45851 60638 13459 77383 47789 0 39566 76483 113254 33138 53763 10138 18267 32661 40504 46009 10761 13498 36318 19955 61098 25163 10159 10102 67988 17236 66309 51847 37963 10486 28517 50243 34197 95311 52076 21710 114724 64229 39481 23946 66756 48367 32908 25546 100744 34230 16072 59165 94715 17236 46009 39481 10486 22587 25962 0 76483 13105
75417 21201 34561 105122 39662 66670 19154 61004 127774 45640 108013 90956 31181 49126 60317 66561 35253 24760 78993 18855 58069 24183 45716 43476 46270 19318 69562 38129 71525 57742 26993 33190 39722 128807 117070 39658 19369 54148 9293 98726 100130 15944 50014 30136 54192 73528 18479 138805 115675 149651 78061 30523 81952 60686 77179 35027 42112 39646 29449 39566 0 89678 108266 21260 14892 43103 30829 70198 19492 9011 44123 30889 34453 56833 22436 14444 47758 40005 66116 45223 48946 85841 77512 29327 62688 11113 10967 107545 91639 43921 109098 90237 74604 21460 105606 11615 12317 49155 99950 59875 55441 75417 73528 45223 9011 74604 29327 60686 33190 39566 89678 31181
17430 80957 102019 21495 87625 100654 90272 108124 39606 76163 71045 14228 69486 92291 32287 102405 54502 75618 78277 71021 79386 79934 66567 91385 89225 75778 71765 81500 108434 94889 81873 58846 82714 44281 27733 103503 72449 67784 86194 10733 11503 93795 97798 59608 101961 73091 99826 63168 94672 85867 116046 92839 24813 86842 113606 72666 63074 102560 65265 76483 89678 0 52563 68424 93766 86099 65394 93487 71758 87503 86416 86980 55225 88364 96714 82151 82656 66586 33156 59257 59677 52730 83263 76329 97485 98470 78750 18891 87204 98178 54671 30402 103282 91927 82837 87601 77522 101639 37149 43651 79426 17430 73091 59257 87503 103282 76329 86842 58846 76483 0 69486
64637 109690 102971 69053 85172 143232 99072 147475 50969 115275 22461 38408 102140 130770 72550 144638 78102 105703 126888 93734 122408 88169 105942 128043 127194 102740 118751 117408 150985 135753 113219 88635 119121 83280 61408 136215 97872 110373 109324 58490 47527 118945 135609 84239 140364 49917 109707 106898 147001 133217 158953 95349 33959 129786 156759 76819 100605 100674 78820 113254 108266 52563 0 90491 104758 123373 96804 138189 89024 102015 124014 119523 79757 129933 103824 107582 121965 103416 45415 97909 60543 104289 131046 108717 139431 112775 99298 47296 137352 133756 2155 82937 147628 119884 135000 100725 98781 138366 15423 87706 121622 64637 49917 97909 102015 147628 108717 129786 88635 113254 52563 102140
54310 20656 44193 84101 39981 65444 27812 64064 106701 38431 93295 70129 20357 48633 39489 65998 14130 18789 68586 3245 50688 22894 34098 43945 45036 13459 58412 34639 71940 56355 25879 14093 36607 107927 95816 47451 8330 42861 19117 77489 78937 28489 51759 8919 56608 63138 34383 118955 103926 131588 79501 36408 61928 55637 78001 27505 28620 47663 15132 33138 21260 68424 90491 0 28485 41057 16459 65733 7875 20736 42019 32274 13210 53060 34141 17163 43223 28183 46460 30264 35266 69175 68676 23721 61193 30730 10333 86375 81790 47591 91552 70370 72517 29696 92807 21846 9188 52877 80787 41365 48424 54310 63138 30264 20736 72517 23721 55637 14093 33138 68424 20357
81352 35601 19671 111155 27281 81562 6291 75675 130075 59817 101532 92782 43990 64015 67302 81446 40234 38385 92819 27535 72379 16590 58807 58368 61132 32273 83117 52734 86367 72628 41603 42420 54394 135201 121493 53874 30543 67492 24029 103565 103385 30295 64860 36810 68971 64816 6099 147219 129274 160029 92809 16608 82161 75349 91981 28099 54471 24815 28877 53763 14892 93766 104758 28485 0 57904 42391 84963 22564 8148 58928 45762 40090 71596 7545 28693 62374 52881 66232 57059 44215 97151 91692 43329 77577 9337 20778 110562 105667 58676 105314 98706 89492 36201 118825 6643 22340 63852 98376 69776 69787 81352 64816 57059 8148 89492 43329 75349 42420 53763 93766 43990
68709 22777 77484 93331 79035 24562 61185 24266 125351 10450 130463 93813 22253 7742 54368 24978 47673 22383 39552 38691 17604 61545 19606 5349 4047 28540 32325 6492 30886 15408 16571 35660 4536 113688 109159 20054 33088 21703 33876 91530 97595 30139 12245 42403 17003 103657 61396 116409 75911 120164 38517 72256 90608 17913 36953 68388 23396 82337 56091 10138 43103 86099 123373 41057 57904 0 27667 27107 47865 50707 1030 12451 45848 13762 65424 29558 6259 20179 78076 26931 75325 57157 36479 17337 20347 52906 40053 104858 50815 12400 124834 72027 32068 23640 67537 53245 39003 15573 110880 43169 15065 68709 103657 26931 50707 32068 17337 17913 35660 10138 86099 22253
49052 15641 59840 77581 56427 50997 43080 51837 104914 22762 102912 70405 5452 35398 33412 51826 20006 10224 52154 15639 34569 39320 17640 31728 31699 12010 42013 21264 58028 42187 16947 8191 23158 100487 91353 39798 11871 26414 23670 72939 76685 29092 39554 14948 44442 76464 47733 108697 87753 118824 65864 52522 65103 40040 64111 43346 12332 63665 30064 18267 30829 65394 96804 16459 42391 27667 0 50097 24316 34243 28492 22903 18181 38003 48972 18435 28353 11744 51396 14671 48054 55097 52234 11952 46774 41855 21631 84189 65347 37008 98153 60425 57544 26551 76857 36065 20057 41798 85142 29431 32441 49052 76464 14671 34243 57544 11952 40040 8191 18267 65394 5452
76626 49552 104490 94577 105061 10477 88045 23736 130251 27371 148575 104137 45442 22235 65709 12522 68922 48090 21936 63881 16285 87542 34256 27793 24273 54522 22664 32389 16546 14335 43418 56779 30629 110844 111631 40099 58475 27986 60948 96051 104440 56904 24445 64809 23623 125982 88502 107859 52925 105527 23125 98964 104293 10097 20570 93189 40399 109259 80119 32661 70198 93487 138189 65733 84963 27107 50097 0 73164 77635 26095 39491 67156 13368 92467 56437 22880 38989 94560 41745 97664 49836 16106 42814 11002 79969 66466 110989 27995 31092 139899 71295 9802 50369 47307 80130 65276 28479 124230 50916 17878 76626 125982 41745 77635 9802 42814 10097 56779 32661 93487 45442
58833 26175 36711 88660 32185 72396 20789 70161 109040 45978 89977 71967 27995 55278 44764 72840 17689 25491 76457 9286 58352 15019 41953 50317 51764 19433 66286 41568 78646 63258 31973 21481 43516 112679 99420 52086 14806 50727 20968 81322 81772 30842 57995 14571 62764 57811 28648 124771 111770 138315 86057 28672 62548 63080 84667 20600 36494 39962 10468 40504 19492 71758 89024 7875 22564 47865 24316 73164 0 15748 48855 38103 17535 60311 27324 21076 50478 36019 46666 38075 30975 76493 76499 30661 68158 26784 10634 89087 89658 53317 89921 76349 79653 33525 100605 16063 10606 58682 80463 48325 56040 58833 57811 38075 15748 79653 30661 63080 21481 40504 71758 27995
74416 28094 26908 104259 30652 74738 10535 69665 124592 52033 100521 87415 35900 57143 60001 74743 33308 30488 84849 19526 64637 15609 50723 51577 54101 24268 75086 45278 79896 65699 34220 34484 47006 128224 115167 48599 22395 59436 17113 97056 97465 24916 58413 29344 62725 65205 13724 139680 121229 152080 86607 21840 77472 67892 85638 26934 46330 31634 23928 46009 9011 87503 102015 20736 8148 50707 34243 77635 15748 0 51736 38843 32960 64288 15125 21198 54894 44780 61504 48912 41862 89054 83856 35533 70673 11237 12632 104752 97755 52515 102723 91103 82568 30174 110722 2651 14192 57808 94602 61832 62072 74416 65205 48912 0 82568 35533 67892 34484 46009 87503 35900
69012 23805 78510 93419 80053 23558 62214 23541 125615 10512 131229 94256 23095 6913 54771 23996 48496 23368 38797 39672 16898 62561 19866 5295 3222 29544 31731 7409 29934 14407 17599 36447 5439 113647 109315 20351 34072 21534 34899 91742 97907 31090 11671 43268 16352 104565 62407 116155 75085 119684 37594 73286 91179 16957 36007 69369 23870 83365 57040 10761 44123 86416 124014 42019 58928 1030 28492 26095 48855 51736 0 13437 46670 12759 66449 30588 5695 20721 78745 27325 76221 56829 35633 18297 19337 53904 41076 105151 49959 12378 125484 71997 31044 24582 66796 54274 40022 15223 111457 43362 14403 69012 104565 27325 51736 31044 18297 16957 36447 10761 86416 23095
70000 11939 65410 96873 68063 35895 49374 32068 126582 18430 124621 92968 17889 18301 54693 35926 41758 14056 51121 29439 29187 50758 23999 12759 15385 18867 42974 9277 41257 26883 6491 30960 10090 118544 111795 16912 23946 29698 21790 93634 98425 17779 20033 35841 24709 95398 49046 123472 87786 129343 48317 60599 88004 30349 47135 58663 24765 70380 47343 13498 30889 86980 119523 32274 45762 12451 22903 39491 38103 38843 13437 0 40008 26189 53303 18077 17932 21193 74167 28883 67484 65342 48531 10990 31847 40480 29125 105869 62881 15318 120823 77108 43756 11374 78905 41437 28309 20629 108037 46436 26528 70000 95398 28883 38843 43756 10990 30349 30960 13498 86980 17889
41466 29962 53114 71309 44768 68898 38055 69995 93541 40256 84850 57144 23609 53578 27233 69818 1827 26026 65680 15964 51094 30098 33119 49828 49879 23175 55431 39435 76071 60224 33598 10447 41336 95265 82670 56512 18638 40995 31739 64387 65732 40480 57685 4714 62581 58833 46165 107285 99041 121429 83949 44420 49628 57269 82144 29551 26946 55627 16234 36318 34453 55225 79757 13210 40090 45848 18181 67156 17535 32960 46670 40008 0 55701 44656 28674 46261 28190 34721 26719 30521 60978 66941 29541 64709 43548 23543 73177 78829 54790 80985 58958 75135 40424 87328 33544 22364 59743 69052 32325 49282 41466 58833 26719 32960 75135 29541 57269 10447 36318 55225 23609
71033 36222 91130 92429 92008 13420 74716 20360 126595 15462 138876 97744 33021 10147 58347 14709 57508 35003 28430 51030 9623 74482 24075 15117 11253 41394 23818 19105 21068 6681 30068 45254 17301 110882 109034 29163 45537 20581 47580 92321 99678 43750 14348 52924 16076 114414 75153 110806 63561 111695 29054 85682 96370 4766 26954 80565 29822 95918 67741 19955 56833 88364 129933 53060 71596 13762 38003 13368 60311 64288 12759 26189 55701 0 79101 43093 9840 27703 85330 32074 86007 51293 24237 29739 9498 66663 53247 106619 38267 19911 131537 69810 19549 37220 56198 66794 52095 19091 116579 44745 8961 71033 114414 32074 64288 19549 29739 4766 45254 19955 88364 33021
85257 43036 12130 114889 22275 89107 6615 83128 131937 67135 99011 94660 50940 71559 71821 88987 44536 45611 99963 33674 79726 17027 65758 65913 68670 39385 90171 60198 93888 80172 49079 48232 61876 138999 124420 61183 37241 74502 31555 106791 105865 37716 72384 41889 76468 61380 7180 151917 136293 165596 100290 10674 83358 82819 99484 27222 61195 17353 31468 61098 22436 96714 103824 34141 7545 65424 48972 92467 27324 15125 66449 53303 44656 79101 0 36122 69834 59790 67623 63582 43670 103269 98975 50634 85122 15398 27573 112878 112879 66167 104229 103604 97037 43702 125694 12966 29086 71320 98503 75465 77149 85257 61380 63582 15125 97037 50634 82819 48232 61098 96714 50940
66533 6914 48076 95601 49991 53806 31635 49875 121283 31236 110309 85509 17415 36236 50943 53932 30075 10502 64549 13925 43731 32743 31509 30808 33056 6549 55140 24091 59332 44702 13026 23373 25808 118746 108805 31010 10048 39798 5581 90346 93162 11840 38059 23965 42635 78887 32864 127097 101236 136560 66366 42710 78292 46712 65210 41231 28424 52825 31151 25163 14444 82151 107582 17163 28693 29558 18435 56437 21076 21198 30588 18077 28674 43093 36122 0 33719 25981 63162 31883 51753 72405 63126 14884 49683 25350 11198 100672 77217 32769 108671 78860 61536 12619 91231 23704 10627 38158 97544 47824 41123 66533 78887 31883 21198 61536 14884 46712 23373 25163 82151 17415
65226 26808 81791 88770 82233 22654 65247 25801 121593 6724 130090 91091 23261 9674 51510 23567 48080 25231 33414 41195 11420 64707 16354 10699 7142 31651 26067 9640 29856 14054 20780 35838 8080 108601 104887 25967 35714 16343 38466 87541 94109 35703 15277 43300 19308 104817 66197 110662 69927 113991 37791 76107 88740 12999 35910 70728 21361 86481 57941 10159 47758 82656 121965 43223 62374 6259 28353 22880 50478 54894 5695 17932 46261 9840 69834 33719 0 18733 76964 24280 76406 51250 30602 19957 18449 57943 43588 101262 44954 17614 123502 67007 29329 29299 61363 57356 42397 19552 109019 39207 8836 65226 104817 24280 54894 29329 19957 12999 35838 10159 82656 23261
49349 20460 71004 75694 68162 41058 54166 44064 106082 12273 111373 73744 8902 27372 34495 42145 29971 15504 40559 27137 23087 50995 6009 25218 23846 20775 30518 14946 48484 32764 17788 17791 16304 97409 90772 37050 22636 14828 31561 72735 78084 33958 32390 25897 37038 87022 57858 103153 76529 110972 56452 63978 70463 29080 54495 54996 3591 75026 41597 10102 40005 66586 103416 28183 52881 20179 11744 38989 36019 44780 20721 21193 28190 27703 59790 25981 18733 0 58284 7692 58680 46666 40494 12461 36953 51100 32217 85448 53711 31737 104919 56101 47001 29382 65945 46825 30711 35647 90743 25247 21138 49349 87022 7692 44780 47001 12461 29080 17791 10102 66586 8902
31272 64655 71034 54365 55414 98729 61637 102260 64406 70334 54122 27328 56725 85552 30999 100019 33172 60446 86213 49637 78427 50615 61255 82675 81942 57888 77033 72041 106384 90897 67912 43238 73778 77415 59294 90928 53219 66577 65574 43882 39746 74831 90292 39342 95079 42179 71989 95708 112470 116505 114376 62028 15971 85614 112277 41485 55650 70869 37612 67988 66116 33156 45415 46460 66232 78076 51396 94560 46666 61504 78745 74167 34721 85330 67623 63162 76964 58284 0 53284 26928 69276 89495 63322 94796 72731 56095 46147 98050 88342 46801 54491 103684 75132 100113 60878 55315 92972 34382 46098 77364 31272 42179 53284 61504 103684 63322 85614 43238 67988 33156 56725
41930 27140 74266 68003 69620 45453 57593 50068 98660 17558 107033 66963 14531 33597 27446 46780 28330 21772 39125 30020 25462 53029 8034 32166 30283 25974 28852 22306 53142 37858 25221 17293 23459 89765 83137 44632 26539 14394 37402 65158 70760 40903 38908 25693 43351 84901 62394 95940 73719 104682 61128 66668 64509 32421 59003 55445 4126 77903 41843 17236 45223 59257 97909 30264 57059 26931 14671 41745 38075 48912 27325 28883 26719 32074 63582 31883 24280 7692 53284 0 56925 40632 40222 19697 41562 56314 36302 78077 52337 38921 99492 48554 50547 36717 62544 50706 34729 42504 84776 17571 24160 41930 84901 0 48912 50547 19697 32421 17293 17236 59257 14531
53865 55919 45008 80394 28606 99050 38590 98986 90490 70625 59144 53984 53258 83047 46405 99855 28779 53695 95289 38274 81614 27627 63622 78744 79369 48725 85158 68833 106016 90199 61038 40890 70792 103915 86217 82596 43585 71307 51928 70391 66669 61801 86625 33106 91515 28411 49246 121042 126797 139957 113789 36363 41313 87744 112103 16449 57444 44287 20616 66309 48946 59677 60543 35266 44215 75325 48054 97664 30975 41862 76221 67484 30521 86007 43670 51753 76406 58680 26928 56925 0 85741 97018 58209 94825 52350 41598 72956 108251 82783 61117 76438 105513 64340 114687 40369 41544 88023 54900 58071 79796 53865 28411 56925 41862 105513 58209 87744 40890 66309 59677 53258
40161 67125 113203 46957 105676 59553 96987 71021 84017 47450 120223 66225 54989 59628 39704 61612 61899 62065 29380 69662 41945 90721 41906 61949 58207 66605 27868 56390 66371 57635 63856 55097 56337 61060 64145 77181 66903 35818 77960 51405 61713 80470 64964 62274 67357 110016 102696 59595 43413 64327 72678 104939 71911 47604 70100 90113 43985 116239 77174 51847 85841 52730 104289 69175 97151 57157 55097 49836 76493 89054 56829 65342 60978 51293 103269 72405 51250 46666 69276 40632 85741 0 35367 58972 57929 96917 76577 66907 35244 68766 106314 24029 58992 75376 31109 90637 74993 69708 88974 28677 43621 40161 110016 40632 89054 58992 58972 47604 55097 51847 52730 54989
67329 56312 110636 81642 108656 26577 93826 39672 118172 31893 143488 95109 48730 34383 58975 28628 68547 53371 6116 67504 19512 91442 34638 39107 35059 59680 12463 39810 32196 28418 50711 57229 38545 96299 98849 53375 62638 26083 68276 84425 93664 66286 38155 65652 38515 124702 95979 92100 39477 89468 37715 104111 97156 19471 35152 95256 40492 114964 81717 37963 77512 83263 131046 68676 91692 36479 52234 16106 76499 83856 35633 48531 66941 24237 98975 63126 30602 40494 89495 40222 97018 35367 0 48364 26482 88073 71731 99746 14352 44120 132887 58273 24098 59900 32088 86147 70338 42693 116441 43634 22176 67329 124702 40222 83856 24098 48364 19471 57229 37963 83263 48730
59529 8431 62397 87063 62278 41768 45672 40807 115932 16501 114377 82028 6928 24954 44067 42283 31333 5276 49669 21422 29108 44751 17217 20550 21329 11716 40283 10931 48222 32653 5657 20084 12894 109264 101577 27902 15855 25090 20282 83299 87734 21524 28440 25657 33341 86462 47715 115561 86355 123299 55819 56331 77031 32820 54287 51105 15672 66902 38763 10486 29327 76329 108717 23721 43329 17337 11952 42814 30661 35533 18297 10990 29541 29739 50634 14884 19957 12461 63322 19697 58209 58972 48364 0 37522 40187 23751 95204 62382 25253 110048 68223 48996 17020 76423 37882 22500 30221 97091 37090 26558 59529 86462 19697 35533 48996 0 32820 20084 10486 76329 6928
80218 43019 97239 100733 99366 4252 81197 13359 135411 24681 148264 107098 41599 13562 67775 5222 66527 42668 31890 58942 18134 81886 33552 19233 16635 48880 30064 26595 11588 4981 36819 54281 24642 118392 117516 29638 53358 29813 53637 101111 108737 48383 14139 61721 12667 123232 80625 116925 63914 115857 19580 92373 105860 10852 17546 88626 39223 102227 76104 28517 62688 97485 139431 61193 77577 20347 46774 11002 68158 70673 19337 31847 64709 9498 85122 49683 18449 36953 94796 41562 94825 57929 26482 37522 0 71825 60358 115595 38983 20985 141034 77810 11916 41924 58186 73254 59334 17735 126062 53958 18152 80218 123232 41562 70673 11916 37522 10852 54281 28517 97485 41599
84967 31891 26896 114791 36574 75651 15596 68705 135778 56300 110366 98627 42290 58339 70215 75347 44060 35783 89773 28856 68573 25027 56778 52633 55772 30431 80469 48396 79905 66959 37367 43668 49864 138652 126078 46363 30220 65144 19912 107881 108554 23526 58531 39606 62336 73998 9126 149337 126517 160635 85969 25599 88700 70724 85319 36670 53225 32394 35134 50243 11113 98470 112775 30730 9337 52906 41855 79969 26784 11237 53904 40480 43548 66663 15398 25350 57943 51100 72731 56314 52350 96917 88073 40187 71825 0 21041 115871 102284 52046 113420 100729 83697 29908 116580 12076 22569 57022 105694 70681 65921 84967 73998 56314 11237 83697 40187 70724 43668 50243 98470 42290
64461 17376 38941 94190 39030 64535 22104 61050 117001 40111 100609 80334 23374 47056 49422 64767 24421 18522 72485 7920 52739 21639 38187 41760 43738 12095 62626 34148 70301 55387 23548 22630 36000 117918 106111 41940 9767 46944 10334 87761 89266 20208 49154 19175 53779 68110 26129 128297 108727 139897 77440 32581 71770 56532 76226 30130 33701 43250 21091 34197 10967 78750 99298 10333 20778 40053 21631 66466 10634 12632 41076 29125 23543 53247 27573 11198 43588 32217 56095 36302 41598 76577 71731 23751 60358 21041 0 96701 85480 43963 100249 79690 72120 23179 98135 14608 1584 49353 90246 49760 50237 64461 68110 36302 12632 72120 23751 56532 22630 34197 78750 23374
36156 99707 117075 23112 101529 118613 106608 126568 20733 94834 68822 19044 88349 110921 51177 120420 72296 94408 94407 89107 97461 95888 85286 110161 107916 94366 88797 100347 126336 113205 100736 77468 101536 36776 15125 122389 90860 86085 104541 15505 7516 112387 116460 77694 120546 80569 116544 59794 106184 85927 133813 108001 32482 104852 131332 87496 81925 117015 81733 95311 107545 18891 47296 86375 110562 104858 84189 110989 89087 104752 105151 105869 73177 106619 112878 100672 101262 85448 46147 78077 72956 66907 99746 95204 115595 115871 96701 0 102110 116990 49427 42975 120786 110690 95046 104630 95541 120371 33588 62102 97660 36156 80569 78077 104752 120786 95204 104852 77468 95311 18891 88349
72751 70453 124421 81978 121674 38038 107580 51493 119145 46005 151400 100093 62250 48377 67060 39923 80329 67285 13232 80848 33804 104667 47729 53290 49278 73505 23495 54119 41912 41739 64950 69613 52882 93344 99069 67217 76190 38933 82439 86604 96724 80630 51749 78028 51519 135331 110080 85688 25299 79338 45537 117651 103903 33529 43171 107777 53240 128622 94177 52076 91639 87204 137352 81790 105667 50815 65347 27995 89658 97755 49959 62881 78829 38267 112879 77217 44954 53711 98050 52337 108251 35244 14352 62382 38983 102284 85480 102110 0 57987 139291 59272 33171 74251 19713 99991 84049 56105 122315 52071 36474 72751 135331 52337 97755 33171 62382 33529 69613 52076 87204 62250
80836 27157 78271 105729 82531 24265 62982 17182 137541 22842 139604 105441 31626 9822 66217 23625 56577 29182 48285 44750 27482 65466 31899 7085 10560 34180 42620 16818 27860 16772 21745 45198 15472 126023 121519 9256 39264 33854 35504 103823 109681 28565 6859 50815 10308 110716 61061 128249 83277 130883 34141 74341 101551 24668 33328 73814 35163 83491 62658 21710 43921 98178 133756 47591 58676 12400 37008 31092 53317 52515 12378 15318 54790 19911 66167 32769 17614 31737 88342 38921 82783 68766 44120 25253 20985 52046 43963 116990 57987 0 135131 84374 32352 22478 76108 55161 43286 5390 121752 55506 25381 80836 110716 38921 52515 32352 25253 24668 45198 21710 98178 31626
66601 110888 103127 71208 85305 144854 99574 148966 52796 116821 20598 40501 103506 132258 74305 146245 79314 106966 128766 94797 124078 88725 107522 129470 128670 103906 120573 118835 152596 137321 114497 89974 120561 85358 63498 137477 99008 112052 110320 60643 49682 119977 137062 85435 141831 49467 110193 109003 149068 135352 160569 95618 35751 131441 158388 77313 102142 100722 79665 114724 109098 54671 2155 91552 105314 124834 98153 139899 89921 102723 125484 120823 80985 131537 104229 108671 123502 104919 46801 99492 61117 106314 132887 110048 141034 113420 100249 49427 139291 135131 0 85035 149314 121016 137053 101387 99762 139773 17523 89495 123263 66601 49467 99492 102723 149314 110048 131441 89974 114724 54671 103506
23251 75216 111751 23382 100855 80148 97009 90158 60108 61592 100709 44534 62453 76400 32069 82122 59192 69662 52562 71907 60196 88599 53373 77291 74134 72395 48631 69328 87503 76469 73774 57081 69900 41667 40577 91663 70953 50675 84016 27512 38163 89045 82018 61901 85294 96664 104694 48611 64360 63674 94419 102804 52750 66999 91861 84922 52645 113738 73741 64229 90237 30402 82937 70370 98706 72027 60425 71295 76349 91103 71997 77108 58958 69810 103604 78860 67007 56101 54491 48554 76438 24029 58273 68223 77810 100729 79690 42975 59272 84374 85035 0 80894 85229 52693 92075 78173 86507 67514 31225 61141 23251 96664 48554 91103 80894 68223 66999 57081 64229 30402 62453
86392 54824 109154 104217 111084 8101 93087 19859 140011 34892 157571 113859 52564 25478 75248 8912 76933 54209 30202 70394 25275 93579 42786 31143 28483 60507 32309 38133 8753 16874 48617 64693 36214 120051 121307 40445 64849 37264 65546 105829 114242 60222 25526 72450 22847 133911 92521 116160 56617 112263 13689 104241 113781 18132 11112 100012 48804 114135 87269 39481 74604 103282 147628 72517 89492 32068 57544 9802 79653 82568 31044 43756 75135 19549 97037 61536 29329 47001 103684 50547 105513 58992 24098 48996 11916 83697 72120 120786 33171 32352 149314 80894 0 53789 52882 85143 71059 28361 133787 60588 26388 86392 133911 50547 82568 0 48996 18132 64693 39481 103282 52564
75571 10993 55815 103722 60541 45746 40574 39545 131404 29435 122922 96394 23062 28477 59945 45472 41962 16342 62465 26479 40555 43900 33494 22771 26096 17249 54140 20445 50206 37078 11617 33437 21438 126162 117837 18849 22012 40245 13512 99449 103180 6535 28726 35791 32770 91267 38782 132534 99154 139629 56618 51945 89939 41537 55783 53253 32681 61015 43728 23946 21460 91927 119884 29696 36201 23640 26551 50369 33525 30174 24582 11374 40424 37220 43702 12619 29299 29382 75132 36717 64340 75376 59900 17020 41924 29908 23179 110690 74251 22478 121016 85229 53789 0 90185 32826 22934 27695 109476 54059 37893 75571 91267 36717 30174 53789 17020 41537 33437 23946 91927 23062
71242 84807 136696 73014 131751 57559 119925 70987 109850 60892 151312 96705 74837 66316 69825 59489 88573 80849 28011 92456 49946 115511 60034 70752 66658 86637 36213 69741 61624 60477 79896 79427 68824 79971 89327 85359 88460 51462 96698 79858 90772 96306 70240 87523 70504 140146 123734 68895 12358 59943 65069 129210 102976 51447 62753 116873 64546 140435 103410 66756 105606 82837 135000 92807 118825 67537 76857 47307 100605 110722 66796 78905 87328 56198 125694 91231 61363 65945 100113 62544 114687 31109 32088 76423 58186 116580 98135 95046 19713 76108 137053 52693 52882 90185 0 112733 96611 74779 119617 56620 52540 71242 140146 62544 110722 52882 76423 51447 79427 66756 82837 74837
74896 30578 24515 104722 28055 77328 7944 72314 124326 54371 98750 87082 37978 59732 60726 77348 33752 32783 87040 20980 66989 13518 52794 54179 56668 26487 77219 47755 82521 68278 36729 35810 49501 128742 115307 51237 24290 61544 19738 97290 97393 27544 61045 30186 65367 63090 12640 140599 123332 153409 89248 19206 76846 70354 88271 25040 48251 29130 23277 48367 11615 87601 100725 21846 6643 53245 36065 80130 16063 2651 54274 41437 33544 66794 12966 23704 57356 46825 60878 50706 40369 90637 86147 37882 73254 12076 14608 104630 99991 55161 101387 92075 85143 32826 112733 0 16122 60457 93646 63161 64438 74896 63090 50706 2651 85143 37882 70354 35810 48367 87601 37978
63105 16454 40380 92805 40033 63525 23533 60317 115885 38786 100440 79304 21890 46098 48008 63797 23317 17244 71034 6545 51408 22565 36690 40866 42735 10795 61149 33016 69390 54371 22571 21100 34889 116502 104833 41580 8203 45460 10583 86464 88095 20397 48339 17915 53006 68347 27711 126777 107233 138320 76593 33877 70920 55313 75339 30608 32152 44627 20954 32908 12317 77522 98781 9188 22340 39003 20057 65276 10606 14192 40022 28309 22364 52095 29086 10627 42397 30711 55315 34729 41544 74993 70338 22500 59334 22569 1584 95541 84049 43286 99762 78173 71059 22934 96611 16122 0 48673 89538 48194 48923 63105 68347 34729 14192 71059 22500 55313 21100 32908 77522 21890
84235 32513 83404 108317 87894 20426 68253 11857 140821 25604 144591 109360 36369 10166 69939 19469 61542 34357 47346 50068 27827 70850 35085 10436 12538 39495 42739 21005 23066 14367 27003 49978 19403 128049 124372 12085 44558 35836 40838 106898 113130 33636 4780 55863 5557 116014 66080 129302 81278 130783 28979 79619 105899 23634 28305 79193 38938 88660 67967 25546 49155 101639 138366 52877 63852 15573 41798 28479 58682 57808 15223 20629 59743 19091 71320 38158 19552 35647 92972 42504 88023 69708 42693 30221 17735 57022 49353 120371 56105 5390 139773 86507 28361 27695 74779 60457 48673 0 126144 58512 26098 84235 116014 42504 57808 28361 30221 23634 49978 25546 101639 36369
49566 98914 99421 54285 82051 129749 93133 134730 41901 102297 35373 22984 90327 118088 58540 131237 67534 94536 112112 83982 108696 82004 92791 115736 114589 92227 104245 105141 137549 122592 101906 77100 106767 70277 48402 124900 87595 96642 99885 43445 32732 109202 123118 73700 127780 52063 103763 93347 131597 119051 145476 91102 20285 116142 143218 71303 87742 97915 70776 100744 99950 37149 15423 80787 98376 110880 85142 124230 80463 94602 111457 108037 69052 116579 98503 97544 109019 90743 34382 84776 54900 88974 116441 97091 126062 105694 90246 33588 122315 121752 17523 67514 133787 109476 119617 93646 89538 126144 0 73438 108071 49566 52063 84776 94602 133787 97091 116142 77100 100744 37149 90327
26288 43994 84936 50535 76999 57279 69039 64492 82386 32907 99909 53319 31229 48879 15341 58959 33222 38446 40122 42311 35964 62220 23615 48516 45989 41441 31203 39386 65098 51243 42689 27358 40284 72211 66021 61872 40510 24169 53101 48387 55030 57825 54456 33880 58460 83918 75556 79274 68770 90254 72853 76498 53748 43464 70479 61464 21697 87773 48501 34230 59875 43651 87706 41365 69776 43169 29431 50916 48325 61832 43362 46436 32325 44745 75465 47824 39207 25247 46098 17571 58071 28677 43634 37090 53958 70681 49760 62102 52071 55506 89495 31225 60588 54059 56620 63161 48194 58512 73438 0 35835 26288 83918 17571 61832 60588 37090 43464 27358 34230 43651 31229
62115 34256 88952 83603 88159 21683 72227 29195 117638 10144 131191 88948 28070 16011 49675 23238 51046 31723 24626 46815 2671 70715 16446 18949 14947 38144 17392 17645 29499 15595 28554 38920 16459 102412 100143 34227 41604 11670 46177 83368 90727 44206 21377 47010 24202 108105 73920 103210 61261 105575 37405 82800 87920 8261 35156 75731 22550 93449 62505 16072 55441 79426 121622 48424 69787 15065 32441 17878 56040 62072 14403 26528 49282 8961 77149 41123 8836 21138 77364 24160 79796 43621 22176 26558 18152 65921 50237 97660 36474 25381 123263 61141 26388 37893 52540 64438 48923 26098 108071 35835 0 62115 108105 24160 62072 26388 26558 8261 38920 16072 79426 28070
0 64693 92100 29844 79649 83469 78663 90715 56738 58737 80070 27784 52786 74862 15649 85185 41146 59231 62733 56563 62164 69172 49154 74007 71805 60035 55424 64217 91272 77527 65136 43189 65386 53850 42320 86360 57205 50454 70962 23887 28900 77925 80373 45395 84531 73427 87449 67808 83492 86177 98957 82958 31752 69647 96545 63887 45808 93466 54127 59165 75417 17430 64637 54310 81352 68709 49052 76626 58833 74416 69012 70000 41466 71033 85257 66533 65226 49349 31272 41930 53865 40161 67329 59529 80218 84967 64461 36156 72751 80836 66601 23251 86392 75571 71242 74896 63105 84235 49566 26288 62115 0 73427 41930 74416 86392 59529 69647 43189 59165 17430 52786
73427 83638 57047 94548 39704 127459 58539 127150 93510 99019 38662 62518 81653 111364 70397 128254 57061 81812 122594 65976 109866 49603 91839 106948 107696 76539 112615 97166 134401 118594 89017 69248 99129 115928 95463 109897 71456 99292 78224 83356 76187 87943 114809 61516 119683 0 68273 136234 152433 158291 142151 51246 49041 116100 140488 38523 85661 53598 48062 94715 73528 73091 49917 63138 64816 103657 76464 125982 57811 65205 104565 95398 58833 114414 61380 78887 104817 87022 42179 84901 28411 110016 124702 86462 123232 73998 68110 80569 135331 110716 49467 96664 133911 91267 140146 63090 68347 116014 52063 83918 108105 73427 0 84901 65205 133911 86462 116100 69248 94715 73091 81653
41930 27140 74266 68003 69620 45453 57593 50068 98660 17558 107033 66963 14531 33597 27446 46780 28330 21772 39125 30020 25462 53029 8034 32166 30283 25974 28852 22306 53142 37858 25221 17293 23459 89765 83137 44632 26539 14394 37402 65158 70760 40903 38908 25693 43351 84901 62394 95940 73719 104682 61128 66668 64509 32421 59003 55445 4126 77903 41843 17236 45223 59257 97909 30264 57059 26931 14671 41745 38075 48912 27325 28883 26719 32074 63582 31883 24280 7692 53284 0 56925 40632 40222 19697 41562 56314 36302 78077 52337 38921 99492 48554 50547 36717 62544 50706 34729 42504 84776 17571 24160 41930 84901 0 48912 50547 19697 32421 17293 17236 59257 14531
74416 28094 26908 104259 30652 74738 10535 69665 124592 52033 100521 87415 35900 57143 60001 74743 33308 30488 84849 19526 64637 15609 50723 51577 54101 24268 75086 45278 79896 65699 34220 34484 47006 128224 115167 48599 22395 59436 17113 97056 97465 24916 58413 29344 62725 65205 13724 139680 121229 152080 86607 21840 77472 67892 85638 26934 46330 31634 23928 46009 9011 87503 102015 20736 8148 50707 34243 77635 15748 0 51736 38843 32960 64288 15125 21198 54894 44780 61504 48912 41862 89054 83856 35533 70673 11237 12632 104752 97755 52515 102723 91103 82568 30174 110722 2651 14192 57808 94602 61832 62072 74416 65205 48912 0 82568 35533 67892 34484 46009 87503 35900
86392 54824 109154 104217 111084 8101 93087 19859 140011 34892 157571 113859 52564 25478 75248 8912 76933 54209 30202 70394 25275 93579 42786 31143 28483 60507 32309 38133 8753 16874 48617 64693 36214 120051 121307 40445 64849 37264 65546 105829 114242 60222 25526 72450 22847 133911 92521 116160 56617 112263 13689 104241 113781 18132 11112 100012 48804 114135 87269 39481 74604 103282 147628 72517 89492 32068 57544 9802 79653 82568 31044 43756 75135 19549 97037 61536 29329 47001 103684 50547 105513 58992 24098 48996 11916 83697 72120 120786 33171 32352 149314 80894 0 53789 52882 85143 71059 28361 133787 60588 26388 86392 133911 50547 82568 0 48996 18132 64693 39481 103282 52564
59529 8431 62397 87063 62278 41768 45672 40807 115932 16501 114377 82028 6928 24954 44067 42283 31333 5276 49669 21422 29108 44751 17217 20550 21329 11716 40283 10931 48222 32653 5657 20084 12894 109264 101577 27902 15855 25090 20282 83299 87734 21524 28440 25657 33341 86462 47715 115561 86355 123299 55819 56331 77031 32820 54287 51105 15672 66902 38763 10486 29327 76329 108717 23721 43329 17337 11952 42814 30661 35533 18297 10990 29541 29739 50634 14884 19957 12461 63322 19697 58209 58972 48364 0 37522 40187 23751 95204 62382 25253 110048 68223 48996 17020 76423 37882 22500 30221 97091 37090 26558 59529 86462 19697 35533 48996 0 32820 20084 10486 76329 6928
69647 39803 94787 89886 95016 13822 78243 23453 124603 17291 139452 96743 35348 14913 57662 15572 59050 38092 23745 53800 7504 77504 24663 19785 15829 44536 19830 22623 21634 10099 33746 46857 20966 107732 106664 33922 48413 19516 51400 90301 98042 48046 18946 54807 20167 116100 79090 106946 58816 107252 29422 89079 96033 0 27100 83093 30716 99478 70040 22587 60686 86842 129786 55637 75349 17913 40040 10097 63080 67892 16957 30349 57269 4766 82819 46712 12999 29080 85614 32421 87744 47604 19471 32820 10852 70724 56532 104852 33529 24668 131441 66999 18132 41537 51447 70354 55313 23634 116142 43464 8261 69647 116100 32421 67892 18132 32820 0 46857 22587 86842 35348
43189 22470 58163 72470 52416 58464 41898 59895 98139 29809 94818 62975 13609 43359 27658 59403 12255 17576 56392 14984 40799 36153 22941 39861 39666 16938 46120 29329 65672 49829 24816 0 31187 95888 85436 47801 14147 31154 27815 66978 69953 34950 47656 8431 52531 69248 48205 105679 90813 117612 73568 50121 57144 46857 71738 38164 16830 61424 24567 25962 33190 58846 88635 14093 42420 35660 8191 56779 21481 34484 36447 30960 10447 45254 48232 23373 35838 17791 43238 17293 40890 55097 57229 20084 54281 43668 22630 77468 69613 45198 89974 57081 64693 33437 79427 35810 21100 49978 77100 27358 38920 43189 69248 17293 34484 64693 20084 46857 0 25962 58846 13609
59165 18378 72882 84735 72441 32748 56157 34280 115894 6074 120606 83838 13105 17585 44518 33559 38144 15675 39548 31220 18629 54937 10856 15116 13955 22114 30548 5158 39771 23925 13140 25962 6238 105828 100186 27651 25830 16322 30367 82319 87986 29717 22382 33209 27110 94715 58022 110095 76332 115906 47632 66775 80474 22587 45851 60638 13459 77383 47789 0 39566 76483 113254 33138 53763 10138 18267 32661 40504 46009 10761 13498 36318 19955 61098 25163 10159 10102 67988 17236 66309 51847 37963 10486 28517 50243 34197 95311 52076 21710 114724 64229 39481 23946 66756 48367 32908 25546 100744 34230 16072 59165 94715 17236 46009 39481 10486 22587 25962 0 76483 13105
17430 80957 102019 21495 87625 100654 90272 108124 39606 76163 71045 14228 69486 92291 32287 102405 54502 75618 78277 71021 79386 79934 66567 91385 89225 75778 71765 81500 108434 94889 81873 58846 82714 44281 27733 103503 72449 67784 86194 10733 11503 93795 97798 59608 101961 73091 99826 63168 94672 85867 116046 92839 24813 86842 113606 72666 63074 102560 65265 76483 89678 0 52563 68424 93766 86099 65394 93487 71758 87503 86416 86980 55225 88364 96714 82151 82656 66586 33156 59257 59677 52730 83263 76329 97485 98470 78750 18891 87204 98178 54671 30402 103282 91927 82837 87601 77522 101639 37149 43651 79426 17430 73091 59257 87503 103282 76329 86842 58846 76483 0 69486
52786 12771 62250 80664 60161 45838 45401 46392 109080 18091 108364 75100 0 29992 37258 46601 25432 7275 49179 18833 30359 42795 14823 26276 26293 11895 39260 15826 52760 36941 12387 13609 17732 103151 94937 34791 13940 23571 22974 76608 80870 26604 34103 20202 38992 81653 48958 110272 85354 119162 60558 55418 70220 35348 58847 47751 11015 66375 34740 13105 31181 69486 102140 20357 43990 22253 5452 45442 27995 35900 23095 17889 23609 33021 50940 17415 23261 8902 56725 14531 53258 54989 48730 6928 41599 42290 23374 88349 62250 31626 103506 62453 52564 23062 74837 37978 21890 36369 90327 31229 28070 52786 81653 14531 35900 52564 6928 35348 13609 13105 69486 0
