StringID  Type  x          y          demand  ReadyTime  DueDate  ServiceTime
D0        d     -6744.43    -17147.60   0.0     0.0        32400.0  0.0
D1        d     32968.26    13903.50    0.0     0.0        32400.0  0.0
C1        c     -71153.95   -38739.44   101.0   2489.0     21876.0  202.0
C2        c     -85278.77   47329.82    593.0   3209.0     24388.0  1186.0
C3        c     -17679.24   -33836.19   235.0   2310.0     21075.0  470.0
C4        c     -81727.96   25172.33    404.0   1486.0     20464.0  808.0
C5        c     56490.19    -13787.09   310.0   5162.0     24056.0  620.0
C6        c     -67114.87   -31559.46   614.0   1322.0     20881.0  1228.0
C7        c     58669.38    -5273.68    356.0   4846.0     23787.0  712.0
C8        c     -20602.49   -7023.95    374.0   5308.0     24875.0  748.0
C9        c     22892.23    34521.75    802.0   5361.0     25517.0  1604.0
C10       c     22127.39    -14135.36   542.0   3603.0     24325.0  1084.0
C11       c     -30996.17   70042.35    401.0   824.0      20753.0  802.0
C12       c     32747.96    72527.48    197.0   669.0      20751.0  394.0
C13       c     49908.48    -23220.93   702.0   1745.0     22899.0  1404.0
C14       c     38976.74    57522.50    417.0   4639.0     24462.0  834.0
C15       c     25966.83    -5793.32    179.0   4899.0     25208.0  358.0
C16       c     24009.71    38281.25    774.0   866.0      20687.0  1548.0
C17       c     -84430.19   -38998.08   397.0   4672.0     24785.0  794.0
C18       c     13777.41    -45873.63   656.0   4018.0     23709.0  1312.0
C19       c     68292.71    -9518.07    617.0   4693.0     25467.0  1234.0
C20       c     52166.13    -59336.41   691.0   4425.0     25150.0  1382.0
F1        f     -6744.43    -17147.60   0.0     0.0        32400.0  0.0
F2        f     32747.96    72527.48    0.0     0.0        32400.0  0.0
F3        f     25966.83    -5793.32    0.0     0.0        32400.0  0.0

m numVeh /3/
m numPetrolVeh /2/
m numElectroVeh /1/

DistanceMatrix
0 50411 67932 101612 19952 86102 63324 62067 66483 17162 59566 29029 90500 97986 56978 87556 34626 63389 80700 35303 75424 72459 0 97986 34626
50411 0 116674 122881 69601 115248 36332 109925 32067 57513 22949 30062 85106 58624 40807 44031 20904 25972 128767 62782 42384 75714 50411 58624 20904
67932 116674 0 87221 53699 64781 130060 8238 134067 59677 119214 96472 115957 152236 122053 146271 102557 122427 13279 85230 142475 125028 67932 152236 102557
101612 122881 87221 0 105630 22440 154382 80953 153259 84483 108927 123750 58843 120686 152489 124673 123279 109662 86332 136011 163756 173979 101612 120686 123279
19952 69601 53699 105630 0 87088 76831 49488 81516 26971 79491 44415 104729 117712 68416 107500 51879 83300 66950 33681 89345 74355 19952 117712 51879
86102 115248 64781 22440 87088 0 143604 58584 143661 69086 105037 111045 67728 123884 140250 124965 112058 106547 64227 119033 153979 158333 86102 123884 112058
63324 36332 130060 154382 76831 143604 0 124876 8788 77389 58844 34365 121166 89520 11503 73429 31553 61369 143158 53422 12551 45754 63324 89520 31553
62067 109925 8238 80953 49488 58584 124876 0 128501 52587 111660 90927 107831 144245 117320 138532 96582 114810 18846 82149 137190 122473 62067 144245 96582
66483 32067 134067 153259 81516 143661 8788 128501 0 79291 53513 37601 117100 82006 19971 65812 32707 55663 147020 60528 10518 54452 66483 82006 32707
17162 57513 59677 84483 26971 69086 77389 52587 79291 0 60148 43318 77764 95785 72347 87840 46586 63583 71389 51878 88930 89621 17162 95785 46586
59566 22949 119214 108927 79491 105037 58844 111660 53513 60148 0 48663 64542 39263 63750 28067 40432 3922 130089 80910 63251 98317 59566 39263 40432
29029 30062 96472 123750 44415 111045 34365 90927 37601 43318 48663 0 99539 87311 29229 73612 9183 52450 109420 32818 46396 54272 29029 87311 9183
90500 85106 115957 58843 104729 67728 121166 107831 117100 77764 64542 99539 0 63793 123465 71084 94846 63517 121429 124263 127233 153801 90500 63793 94846
97986 58624 152236 120686 117712 123884 89520 144245 82006 95785 39263 87311 63793 0 97274 16246 78614 35343 161767 119911 89414 133286 97986 0 78614
56978 40807 122053 152489 68416 140250 11503 117320 19971 72347 63750 29229 123465 97274 0 81480 29613 66733 135262 42645 22929 36186 56978 97274 29613
87556 44031 146271 124673 107500 124965 73429 138532 65812 87840 28067 73612 71084 16246 81480 0 64639 24377 156670 106423 73170 117601 87556 16246 64639
34626 20904 102557 123279 51879 112058 31553 96582 32707 46586 40432 9183 94846 78614 29613 64639 0 44118 115283 41893 42489 59609 34626 78614 0
63389 25972 122427 109662 83300 106547 61369 114810 55663 63583 3922 52450 63517 35343 66733 24377 44118 0 133159 84775 65159 101597 63389 35343 44118
80700 128767 13279 86332 66950 64227 143158 18846 147020 71389 130089 109420 121429 161767 135262 156670 115283 133159 0 98448 155542 138102 80700 161767 115283
35303 62782 85230 136011 33681 119033 53422 82149 60528 51878 80910 32818 124263 119911 42645 106423 41893 84775 98448 0 65526 40681 35303 119911 41893
75424 42384 142475 163756 89345 153979 12551 137190 10518 88930 63251 46396 127233 89414 22929 73170 42489 65159 155542 65526 0 52363 75424 89414 42489
72459 75714 125028 173979 74355 158333 45754 122473 54452 89621 98317 54272 153801 133286 36186 117601 59609 101597 138102 40681 52363 0 72459 133286 59609
0 50411 67932 101612 19952 86102 63324 62067 66483 17162 59566 29029 90500 97986 56978 87556 34626 63389 80700 35303 75424 72459 0 97986 34626
97986 58624 152236 120686 117712 123884 89520 144245 82006 95785 39263 87311 63793 0 97274 16246 78614 35343 161767 119911 89414 133286 97986 0 78614
34626 20904 102557 123279 51879 112058 31553 96582 32707 46586 40432 9183 94846 78614 29613 64639 0 44118 115283 41893 42489 59609 34626 78614 0
