StringID  Type  x          y          demand  ReadyTime  DueDate  ServiceTime
D0        d     27347.09    23976.04    0.0     0.0        32400.0  0.0
C1        c     28701.59    -54161.35   561.0   1496.0     20780.0  1122.0
C2        c     -30580.26   -43867.74   605.0   2654.0     22842.0  1210.0
C3        c     46953.86    6121.25     365.0   4649.0     24733.0  730.0
C4        c     -21847.33   -58533.21   263.0   2787.0     22861.0  526.0
C5        c     49833.33    -49253.02   753.0   2889.0     22820.0  1506.0
C6        c     -18067.24   -51640.71   663.0   4991.0     26010.0  1326.0
C7        c     -71072.41   6976.71     102.0   3934.0     22643.0  204.0
C8        c     -33901.15   -25572.83   290.0   4823.0     23559.0  580.0
C9        c     27127.15    -44726.81   517.0   2258.0     22703.0  1034.0
C10       c     63841.58    26924.70    104.0   1402.0     20164.0  208.0
C11       c     68812.33    37536.25    573.0   1144.0     21293.0  1146.0
C12       c     56985.03    -15905.03   336.0   2261.0     21190.0  672.0
C13       c     -22869.03   12846.79    766.0   3868.0     24858.0  1532.0
C14       c     -22157.00   5953.59     780.0   2201.0     22606.0  1560.0
C15       c     -7529.71    -55811.77   381.0   3547.0     22996.0  762.0
C16       c     -13827.06   -9138.35    316.0   2340.0     21250.0  632.0
C17       c     -15748.38   61997.10    701.0   3684.0     23850.0  1402.0
C18       c     81544.27    25091.26    207.0   654.0      19255.0  414.0
C19       c     -4482.44    -7163.87    825.0   2551.0     23246.0  1650.0
C20       c     49959.13    -7623.97    617.0   4728.0     24562.0  1234.0
C21       c     -38155.89   63232.76    243.0   3541.0     22723.0  486.0
C22       c     40246.38    45084.99    206.0   3317.0     23286.0  412.0
C23       c     30276.38    -26745.15   776.0   1976.0     21954.0  1552.0
C24       c     -26476.71   -18673.14   494.0   788.0      20955.0  988.0
C25       c     -24312.74   28099.94    270.0   4349.0     23815.0  540.0
C26       c     -48553.25   -4148.75    307.0   1088.0     20320.0  614.0
C27       c     -31270.60   -15943.42   807.0   2271.0     22340.0  1614.0
C28       c     31401.99    -7390.84    383.0   4008.0     24083.0  766.0
C29       c     -12504.78   -15892.84   810.0   4206.0     24287.0  1620.0
C30       c     7871.14     -5116.54    537.0   5063.0     24326.0  1074.0
C31       c     -34663.28   -36061.99   359.0   1226.0     21426.0  718.0
C32       c     39506.08    -47568.80   315.0   1145.0     19927.0  630.0
C33       c     11056.76    -6626.19    603.0   4121.0     24855.0  1206.0
C34       c     -2007.77    -13462.33   141.0   2555.0     22505.0  282.0
C35       c     -48767.09   79737.02    552.0   3435.0     23957.0  1104.0
C36       c     -27194.02   67866.02    301.0   4954.0     23814.0  602.0
C37       c     -51008.67   -9419.20    679.0   3951.0     24838.0  1358.0
C38       c     -22402.62   -12679.22   766.0   4464.0     25734.0  1532.0
C39       c     86441.79    21048.33    216.0   1116.0     19644.0  432.0
C40       c     42239.13    32052.32    289.0   5166.0     25055.0  578.0
C41       c     -37269.44   14725.96    260.0   3015.0     23472.0  520.0
C42       c     16915.95    8887.77     602.0   2761.0     21999.0  1204.0
C43       c     33049.91    42386.65    206.0   4016.0     23583.0  412.0
C44       c     -62005.88   13722.55    776.0   5249.0     25912.0  1552.0
C45       c     -38086.15   73272.37    495.0   3261.0     23349.0  990.0
C46       c     -29489.43   -28696.54   373.0   3752.0     23951.0  746.0
C47       c     -463.13     -35412.57   433.0   1614.0     21636.0  866.0
C48       c     -54142.43   -15313.55   432.0   4730.0     24567.0  864.0
C49       c     45821.27    16985.85    592.0   3556.0     23829.0  1184.0
C50       c     -36815.73   7371.33     178.0   747.0      20710.0  356.0
F1        f     27347.09    23976.04    0.0     0.0        32400.0  0.0
F2        f     -7529.71    -55811.77   0.0     0.0        32400.0  0.0
F3        f     -31270.60   -15943.42   0.0     0.0        32400.0  0.0
F4        f     -24312.74   28099.94    0.0     0.0        32400.0  0.0
F5        f     -30580.26   -43867.74   0.0     0.0        32400.0  0.0
F6        f     45821.27    16985.85    0.0     0.0        32400.0  0.0

m numVeh /7/
m numPetrolVeh /4/
m numElectroVeh /3/

DistanceMatrix
0 78149 89210 26518 96062 76604 88206 99877 78781 68703 36613 43626 49688 51435 52683 87077 52838 57470 54209 44529 38857 76366 24738 50806 68673 51824 80944 70920 31628 56371 35010 86313 72571 34668 47575 94354 70008 85176 61795 59167 16941 65275 18343 19274 89939 81925 77491 65578 90467 19752 66277 0 87077 70920 51824 89210 19752
78149 0 60169 62985 50738 21694 46837 117016 68822 9565 88373 100087 47576 84555 78743 36269 61933 124373 95254 57532 51163 135097 99916 27461 65605 97864 92030 71115 46848 56236 53285 65899 12657 50704 50985 154694 134220 91409 65821 94818 87270 95382 64141 96646 113296 143875 63519 34671 91500 73178 89882 78149 36269 71115 97864 60169 73178
89210 60169 0 92252 17069 80594 14731 64998 18594 57714 118013 128474 91922 57236 50528 25961 38559 106899 131633 45036 88319 107368 113706 63220 25527 72240 43596 27933 71919 33306 54591 8809 70184 55862 41724 124936 111785 40050 32243 133822 105198 58974 70986 107185 65606 117380 15210 31281 37021 97675 51617 89210 25961 27933 72240 0 97675
26518 62985 92252 0 94413 55449 86972 118029 86845 54577 26795 38271 24203 70146 69111 82487 62667 83986 39451 53124 14070 102496 39537 36856 77504 74579 96058 81277 20602 63403 40666 91874 54204 38093 52733 120755 96490 99188 71859 42215 26356 84662 30165 38839 109225 108356 83999 63035 103344 10923 83779 26518 82487 81277 74579 92252 10923
96062 50738 17069 94413 0 72279 7861 81943 35095 50883 121019 132093 89620 71387 64488 14574 50042 120685 132977 54225 88022 122853 120799 61052 40128 86668 60588 43620 73831 43652 61127 25869 62325 61457 49244 140866 126512 57119 45857 134387 110963 74865 77770 114885 82666 132802 30800 31494 53953 101401 67583 96062 14574 43620 86668 17069 101401
76604 21694 80594 55449 72279 0 67943 133342 87018 23153 77455 88840 34106 95614 90721 57737 75245 129142 80825 68715 41629 142812 94824 29817 82209 107150 108233 87678 45740 70703 60900 85520 10464 57625 62996 162359 140179 108424 80967 79262 81659 108075 66812 93164 128351 150806 81943 52166 109375 66360 103510 76604 57737 87678 107150 80594 66360
88206 46837 14731 86972 7861 67943 0 79029 30500 45720 113497 124501 83126 64666 57739 11333 42713 113661 125739 46505 81025 116617 112944 54377 34023 79985 56435 38061 66372 36178 53266 22762 57717 53614 41419 134917 119855 53552 39202 127302 103157 69089 69911 107024 78759 126507 25630 23943 51197 93762 61919 88206 11333 38061 79985 14731 93762
99877 117016 64998 118029 81943 133342 79029 0 49408 110979 136381 143184 130086 48559 48926 89331 59470 78026 153688 68075 121909 65179 117661 106812 51446 51309 25117 45929 103477 62874 79864 56373 123300 83248 72026 76102 75052 25911 52489 158141 116053 34680 88009 109979 11301 74049 54788 82356 27991 117321 34259 99877 89331 45929 51309 64998 117321
78781 68822 18594 86845 35095 87018 30500 49408 0 63963 110949 120552 91399 39972 33643 40123 25943 89432 126073 34704 85760 88907 102423 64188 10135 54523 25955 9982 67787 23484 46512 10517 76632 48787 34115 106354 93679 23529 17276 129058 95488 40439 61400 95399 48312 98934 5406 34856 22693 90371 33073 78781 40123 9982 54523 18594 90371
68703 9565 57714 54577 50883 23153 45720 110979 63963 0 80510 92222 41499 76252 70693 36386 54257 115014 88520 49093 43565 126163 90765 18255 59600 89162 85873 65106 37580 49011 44043 62395 12701 41351 42735 145778 125012 85743 58994 88570 78252 87644 54578 87315 106588 134821 58842 29120 86428 64482 82480 68703 36386 65106 89162 57714 64482
36613 88373 118013 26795 121019 77455 113497 136381 110949 80510 0 11718 43375 87846 88519 109267 85633 86975 17797 76356 37233 108267 29775 63301 101176 88162 116611 104326 47222 87533 64493 116921 78368 62545 77248 124378 99818 120464 94903 23352 22203 101844 50273 34456 126538 111970 108648 89560 125317 20579 102539 36613 109267 104326 88162 118013 20579
43626 100087 128474 38271 132093 88840 124501 143184 120552 92222 11718 0 54734 94948 96296 120590 94909 88028 17804 85850 48938 110011 29547 74947 110632 93602 124548 113475 58463 97299 74385 126980 90010 72705 87272 124923 100683 128693 104124 24138 27133 108506 59279 36090 132968 112714 118533 100601 133832 30837 109851 43626 120590 113475 93602 128474 30837
49688 47576 91922 24203 89620 34106 83126 130086 91399 41499 43375 54734 0 84872 82105 75860 71135 106578 47790 62086 10860 123752 63245 28825 83508 92443 106191 88256 26963 69490 50285 93839 36168 46856 59043 142587 118759 108188 79453 47257 50173 99107 47119 63014 122624 130350 87415 60670 111129 34734 96646 49688 75860 88256 92443 91922 34734
51435 84555 57236 70146 71387 95614 64666 48559 39972 76252 87846 94948 84872 0 6930 70351 23772 49663 105129 27175 75650 52654 70872 66272 31726 15321 30798 29991 57922 30551 35604 50311 86837 39117 33576 71729 55189 35883 25530 109618 67882 14523 39981 63242 39147 62312 42068 53207 42084 68815 14983 51435 70351 29991 15321 57236 68815
52683 78743 50528 69111 64488 90721 57739 48926 33643 70693 88519 96296 82105 6930 0 63474 17238 56409 105452 22010 73383 59472 73658 61794 25003 22251 28263 23718 55196 23884 32004 43837 81652 35516 27982 78435 62117 32692 18634 109643 69484 17474 39183 66145 40599 69178 35417 46710 38410 68868 14727 52683 63474 23718 22251 50528 68868
87077 36269 25961 82487 14574 57737 11333 89331 40123 36386 109267 120590 75860 70351 63474 0 47096 118095 120331 48743 75014 122921 111637 47688 41693 85574 65970 46402 62131 40228 52983 33560 47753 52580 42708 141683 125231 63582 45625 121401 100980 76551 69164 106253 88333 132651 34892 21589 61748 90254 69640 87077 0 46402 85574 25961 90254
52838 61933 38559 62667 50042 75245 42713 59470 25943 54257 85633 94909 71135 23772 17238 47096 0 71161 101328 9551 63804 76351 76577 47488 15841 38686 35083 18724 45263 6883 22068 34045 65737 25010 12585 95497 78156 37183 9278 104714 69571 33452 35638 69658 53327 85907 25057 29478 40786 65118 28303 52838 47096 18724 38686 38559 65118
57470 124373 106899 83986 120685 129142 113661 78026 89432 115014 86975 88028 106578 49663 56409 118095 71161 0 104057 70073 95732 22442 58493 99967 81380 34962 73834 79471 83892 77957 71149 99867 122710 73673 76700 37483 12863 79647 74972 110089 65263 51940 62350 52591 66859 25022 91729 98602 86319 76268 58547 57470 118095 79471 34962 106899 76268
54209 95254 131633 39451 132977 80825 125739 153688 126073 88520 17797 17804 47790 105129 105452 120331 101328 104057 0 91875 45474 125630 45883 72907 116550 105900 133343 120046 59744 102591 79626 131316 83945 77295 92018 141305 116849 136972 110596 6351 39917 119265 66629 51486 144000 128968 123376 101911 141575 36631 119679 54209 120331 120046 105900 131633 36631
44529 57532 45036 53124 54225 68715 46505 68075 34704 49093 76356 85850 62086 27175 22010 48743 9551 70073 91875 0 54444 78036 68779 39895 24824 40457 44174 28190 35885 11855 12522 41785 59729 15548 6767 97534 78392 46581 18750 95201 60998 39423 26750 62161 61198 87173 33000 28533 50324 55800 35450 44529 48743 28190 40457 45036 55800
38857 51163 88319 14070 88022 41629 81025 121909 85760 43565 37233 48938 10860 75650 73383 75014 63804 95732 45474 54444 0 113070 53596 27441 77230 82417 98574 81655 18559 63009 42163 89273 41290 38915 52294 131829 107941 100984 72538 46401 40420 90046 36939 52792 113982 119567 82196 57573 104385 24955 88061 38857 75014 81655 82417 88319 24955
76366 135097 107368 102496 122853 142812 116617 65179 88907 126163 108267 110011 123752 52654 59472 122921 76351 22442 125630 78036 113070 0 80475 113044 82734 37762 68179 79475 99126 83180 82402 99356 135308 85453 84787 19621 11901 73780 77529 131545 86230 48515 77371 74195 54955 10040 92337 105601 80157 95869 55878 76366 122921 79475 37762 107368 95869
24738 99916 113706 39537 120799 94824 112944 117661 102423 90765 29775 29547 63245 70872 73658 111637 76577 58493 45883 68779 53596 80475 0 72519 92288 66756 101535 94017 53216 80629 59736 110437 92657 59381 72203 95520 71184 106293 85215 52075 13184 83249 43064 7686 106954 83250 101522 90206 112059 28647 85796 24738 111637 94017 66756 113706 28647
50806 27461 63220 36856 61052 29817 54377 106812 64188 18255 63301 74947 28825 66272 61794 47688 47488 99967 72907 39895 27441 113044 72519 0 57324 77382 82004 62488 19387 44136 31141 65605 22777 27824 34910 132613 110698 83111 54525 73748 60002 79261 38055 69187 100765 121148 59798 31938 85189 46412 75268 50806 47688 62488 77382 63220 46412
68673 65605 25527 77504 40128 82209 34023 51446 10135 59600 101176 110632 83508 31726 25003 41693 15841 81380 116550 24824 77230 82734 92288 57324 0 46823 26426 5517 58968 14246 36926 19220 72033 39419 25018 100903 86542 26219 7247 119701 85410 35100 51406 85274 48081 92676 10466 30934 27869 80614 28022 68673 41693 5517 46823 25527 80614
51824 97864 72240 74579 86668 107150 79985 51309 54523 89162 88162 93602 92443 15321 22251 85574 38686 34962 105900 40457 82417 37762 66756 77382 46823 0 40343 44590 66059 45550 46251 64991 98988 49567 47169 57135 39870 46047 40824 110979 66669 18621 45485 59115 40342 47226 57032 67843 52674 71009 24207 51824 85574 44590 0 72240 71009
80944 92030 43596 96058 60588 108233 56435 25117 25955 85873 116611 124548 106191 30798 28263 65970 35083 73834 133343 44174 98574 68179 101535 82004 26426 40343 0 20924 80021 37913 56433 34805 98182 59661 47468 83886 75116 5814 27507 137326 97743 21990 66755 93939 22369 78125 31081 57359 12486 96712 16446 80944 65970 20924 40343 43596 96712
70920 71115 27933 81277 43620 87678 38061 45929 9982 65106 104326 113475 88256 29991 23718 46402 18724 79471 120046 28190 81655 79475 94017 62488 5517 44590 20924 0 63253 18766 40612 20403 77521 43341 29368 97267 83909 20788 9450 123388 87791 31251 54208 86830 42717 89476 12877 36444 22881 83830 23965 70920 46402 0 44590 27933 83830
31628 46848 71919 20602 73831 45740 66372 103477 67787 37580 47222 58463 26963 57922 55196 62131 45263 83892 59744 35885 18559 99126 53216 19387 58968 66059 80021 63253 0 44722 23641 72018 40987 20360 33957 118399 95379 82436 54064 61953 40905 72145 21791 49805 95764 106467 64511 42434 85911 28322 69797 31628 62131 63253 66059 71919 28322
56371 56236 33306 63403 43652 70703 36178 62874 23484 49011 87533 97299 69490 30551 23884 40228 6883 77957 102591 11855 63009 83180 80629 44136 14246 45550 37913 18766 44722 0 23050 29963 60897 25318 10775 102274 85037 39044 10406 105618 72771 39380 38466 73971 57684 92762 21270 22935 41642 66955 33649 56371 40228 18766 45550 33306 66955
35010 53285 54591 40666 61127 60900 53266 79864 46512 44043 64493 74385 50285 35604 32004 52983 22068 71149 79626 12522 42163 82402 59736 31141 36926 46251 56433 40612 23641 23050 0 52600 52943 3525 12932 102020 80969 59037 31204 82813 50623 49309 16671 53764 72372 90867 44180 31421 62846 43917 46399 35010 52983 40612 46251 54591 43917
86313 65899 8809 91874 25869 85520 22762 56373 10517 62395 116921 126980 93839 50311 43837 33560 34045 99867 131316 41785 89273 99356 110437 65605 19220 64991 34805 20403 72018 29963 52600 0 75057 54376 39713 116655 104196 31257 26402 133896 102730 50855 68417 103630 56799 109388 9001 34206 28459 96394 43487 86313 33560 20403 64991 8809 96394
72571 12657 70184 54204 62325 10464 57717 123300 76632 12701 78368 90010 36168 86837 81652 47753 65737 122710 83945 59729 41290 135308 92657 22777 72033 98988 98182 77521 40987 60897 52943 75057 0 49856 53728 154916 133320 98226 71063 83134 79668 98869 60808 90187 118580 143608 71530 41777 99048 64863 94040 72571 47753 77521 98988 70184 64863
34668 50704 55862 38093 61457 57625 53614 83248 48787 41351 62545 72705 46856 39117 35516 52580 25010 73673 77295 15548 38915 85453 59381 27824 39419 49567 59661 43341 20360 25318 3525 54376 49856 0 14745 105059 83739 62128 34002 80304 49683 52833 16584 53721 75843 93802 46164 31006 65775 42025 49877 34668 52580 43341 49567 55862 42025
47575 50985 41724 52733 49244 62996 41419 72026 34115 42735 77248 87272 59043 33576 27982 42708 12585 76700 92018 6767 52294 84787 72203 34910 25018 47169 47468 29368 33957 10775 12932 39713 53728 14745 0 104272 85139 49167 20410 94944 63477 45144 29285 65940 65869 93939 31422 22005 52168 56698 40566 47575 42708 29368 47169 41724 56698
94354 154694 124936 120755 140866 162359 134917 76102 106354 145778 124378 124923 142587 71729 78435 141683 95497 37483 141305 97534 131829 19621 95520 132613 100903 57135 83886 97267 118399 102274 102020 116655 154916 105059 104272 0 24624 89184 96103 147397 102742 66020 96612 89939 67329 12485 110134 124871 95202 113511 73346 94354 141683 97267 57135 124936 113511
70008 134220 111785 96490 126512 140179 119855 75052 93679 125012 99818 100683 118759 55189 62117 125231 78156 12863 116849 78392 107941 11901 71184 110698 86542 39870 75116 83909 95379 85037 80969 104196 133320 83739 85139 24624 0 80871 80688 122902 78125 54087 73649 65410 64369 12160 96590 106682 87436 88995 61255 70008 125231 83909 39870 111785 88995
85176 91409 40050 99188 57119 108424 53552 25911 23529 85743 120464 128693 108188 35883 32692 63582 37183 79647 136972 46581 100984 73780 106293 83111 26219 46047 5814 20788 82436 39044 59037 31257 98226 62128 49167 89184 80871 0 28791 140787 102054 27780 70348 98741 25622 83695 28891 56838 6676 100366 21985 85176 63582 20788 46047 40050 100366
61795 65821 32243 71859 45857 80967 39202 52489 17276 58994 94903 104124 79453 25530 18634 45625 9278 74972 110596 18750 72538 77529 85215 54525 7247 40824 27507 9450 54064 10406 31204 26402 71063 34002 20410 96103 80688 28791 0 113950 78610 31178 44845 78149 47597 87371 17515 31593 31849 74394 24693 61795 45625 9450 40824 32243 74394
59167 94818 133822 42215 134387 79262 127302 158141 129058 88570 23352 24138 47257 109618 109643 121401 104714 110089 6351 95201 46401 131545 52075 73748 119701 110979 137326 123388 61953 105618 82813 133896 83134 80304 94944 147397 122902 140787 113950 0 45552 123873 70581 57498 148628 135035 126153 103635 145211 40823 124014 59167 121401 123388 110979 133822 40823
16941 87270 105198 26356 110963 81659 103157 116053 95488 78252 22203 27133 50173 67882 69484 100980 69571 65263 39917 60998 40420 86230 13184 60002 85410 66669 97743 87791 40905 72771 50623 102730 79668 49683 63477 102742 78125 102054 78610 45552 0 81375 34320 13829 105844 90284 93997 79844 107391 15486 82818 16941 100980 87791 66669 105198 15486
65275 95382 58974 84662 74865 108075 69089 34680 40439 87644 101844 108506 99107 14523 17474 76551 33452 51940 119265 39423 90046 48515 83249 79261 35100 18621 21990 31251 72145 39380 49309 50855 98869 52833 45144 66020 54087 27780 31178 123873 81375 0 54499 75564 24757 58552 44114 62198 34454 83121 7369 65275 76551 31251 18621 58974 83121
18343 64141 70986 30165 77770 66812 69911 88009 61400 54578 50273 59279 47119 39981 39183 69164 35638 62350 66629 26750 36939 77371 43064 38055 51406 45485 66755 54208 21791 38466 16671 68417 60808 16584 29285 96612 73649 70348 44845 70581 34320 54499 0 37182 79070 84679 59716 47587 75067 30018 53753 18343 69164 54208 45485 70986 30018
19274 96646 107185 38839 114885 93164 107024 109979 95399 87315 34456 36090 63014 63242 66145 106253 69658 52591 51486 62161 52792 74195 7686 69187 85274 59115 93939 86830 49805 73971 53764 103630 90187 53721 65940 89939 65410 98741 78149 57498 13829 75564 37182 0 99284 77552 94678 84710 104555 28431 78149 19274 106253 86830 59115 107185 28431
89939 113296 65606 109225 82666 128351 78759 11301 48312 106588 126538 132968 122624 39147 40599 88333 53327 66859 144000 61198 113982 54955 106954 100765 48081 40342 22369 42717 95764 57684 72372 56799 118580 75843 65869 67329 64369 25622 47597 148628 105844 24757 79070 99284 0 64174 53448 78751 30082 107877 25978 89939 88333 42717 40342 65606 107877
81925 143875 117380 108356 132802 150806 126507 74049 98934 134821 111970 112714 130350 62312 69178 132651 85907 25022 128968 87173 119567 10040 83250 121148 92676 47226 78125 89476 106467 92762 90867 109388 143608 93802 93939 12485 12160 83695 87371 135035 90284 58552 84679 77552 64174 0 102331 115013 90029 101038 65913 81925 132651 89476 47226 117380 101038
77491 63519 15210 83999 30800 81943 25630 54788 5406 58842 108648 118533 87415 42068 35417 34892 25057 91729 123376 33000 82196 92337 101522 59798 10466 57032 31081 12877 64511 21270 44180 9001 71530 46164 31422 110134 96590 28891 17515 126153 93997 44114 59716 94678 53448 102331 0 29793 28051 88083 36804 77491 34892 12877 57032 15210 88083
65578 34671 31281 63035 31494 52166 23943 82356 34856 29120 89560 100601 60670 53207 46710 21589 29478 98602 101911 28533 57573 105601 90206 31938 30934 67843 57359 36444 42434 22935 31421 34206 41777 31006 22005 124871 106682 56838 31593 103635 79844 62198 47587 84710 78751 115013 29793 0 57319 69913 56142 65578 21589 36444 67843 31281 69913
90467 91500 37021 103344 53953 109375 51197 27991 22693 86428 125317 133832 111129 42084 38410 61748 40786 86319 141575 50324 104385 80157 112059 85189 27869 52674 12486 22881 85911 41642 62846 28459 99048 65775 52168 95202 87436 6676 31849 145211 107391 34454 75067 104555 30082 90029 28051 57319 0 105052 28545 90467 61748 22881 52674 37021 105052
19752 73178 97675 10923 101401 66360 93762 117321 90371 64482 20579 30837 34734 68815 68868 90254 65118 76268 36631 55800 24955 95869 28647 46412 80614 71009 96712 83830 28322 66955 43917 96394 64863 42025 56698 113511 88995 100366 74394 40823 15486 83121 30018 28431 107877 101038 88083 69913 105052 0 83194 19752 90254 83830 71009 97675 0
66277 89882 51617 83779 67583 103510 61919 34259 33073 82480 102539 109851 96646 14983 14727 69640 28303 58547 119679 35450 88061 55878 85796 75268 28022 24207 16446 23965 69797 33649 46399 43487 94040 49877 40566 73346 61255 21985 24693 124014 82818 7369 53753 78149 25978 65913 36804 56142 28545 83194 0 66277 69640 23965 24207 51617 83194
0 78149 89210 26518 96062 76604 88206 99877 78781 68703 36613 43626 49688 51435 52683 87077 52838 57470 54209 44529 38857 76366 24738 50806 68673 51824 80944 70920 31628 56371 35010 86313 72571 34668 47575 94354 70008 85176 61795 59167 16941 65275 18343 19274 89939 81925 77491 65578 90467 19752 66277 0 87077 70920 51824 89210 19752
87077 36269 25961 82487 14574 57737 11333 89331 40123 36386 109267 120590 75860 70351 63474 0 47096 118095 120331 48743 75014 122921 111637 47688 41693 85574 65970 46402 62131 40228 52983 33560 47753 52580 42708 141683 125231 63582 45625 121401 100980 76551 69164 106253 88333 132651 34892 21589 61748 90254 69640 87077 0 46402 85574 25961 90254
70920 71115 27933 81277 43620 87678 38061 45929 9982 65106 104326 113475 88256 29991 23718 46402 18724 79471 120046 28190 81655 79475 94017 62488 5517 44590 20924 0 63253 18766 40612 20403 77521 43341 29368 97267 83909 20788 9450 123388 87791 31251 54208 86830 42717 89476 12877 36444 22881 83830 23965 70920 46402 0 44590 27933 83830
51824 97864 72240 74579 86668 107150 79985 51309 54523 89162 88162 93602 92443 15321 22251 85574 38686 34962 105900 40457 82417 37762 66756 77382 46823 0 40343 44590 66059 45550 46251 64991 98988 49567 47169 57135 39870 46047 40824 110979 66669 18621 45485 59115 40342 47226 57032 67843 52674 71009 24207 51824 85574 44590 0 72240 71009
89210 60169 0 92252 17069 80594 14731 64998 18594 57714 118013 128474 91922 57236 50528 25961 38559 106899 131633 45036 88319 107368 113706 63220 25527 72240 43596 27933 71919 33306 54591 8809 70184 55862 41724 124936 111785 40050 32243 133822 105198 58974 70986 107185 65606 117380 15210 31281 37021 97675 51617 89210 25961 27933 72240 0 97675
19752 73178 97675 10923 101401 66360 93762 117321 90371 64482 20579 30837 34734 68815 68868 90254 65118 76268 36631 55800 24955 95869 28647 46412 80614 71009 96712 83830 28322 66955 43917 96394 64863 42025 56698 113511 88995 100366 74394 40823 15486 83121 30018 28431 107877 101038 88083 69913 105052 0 83194 19752 90254 83830 71009 97675 0
