StringID  Type  x          y          demand  ReadyTime  DueDate  ServiceTime
D0        d     20913.02    -12255.40   0.0     0.0        32400.0  0.0
D1        d     -40099.08   11887.71    0.0     0.0        32400.0  0.0
C1        c     -61591.50   -26441.52   755.0   1302.0     22678.0  1510.0
C2        c     -30059.49   -44096.76   687.0   3375.0     23212.0  1374.0
C3        c     13069.01    6082.58     546.0   2248.0     22620.0  1092.0
C4        c     -38421.06   12158.54    185.0   5109.0     23679.0  370.0
C5        c     6694.21     -25217.59   510.0   5267.0     26004.0  1020.0
C6        c     31034.67    -27985.36   161.0   1201.0     21130.0  322.0
C7        c     12635.93    9762.92     664.0   5159.0     24663.0  1328.0
C8        c     -67915.18   20667.81    480.0   3902.0     24817.0  960.0
C9        c     -41105.43   -2897.30    414.0   4020.0     23358.0  828.0
C10       c     63534.85    16367.04    379.0   2076.0     21454.0  758.0
C11       c     -45233.31   33073.60    334.0   4603.0     24146.0  668.0
C12       c     24096.88    -29950.40   700.0   3433.0     22883.0  1400.0
C13       c     3186.16     -50112.81   285.0   4229.0     24497.0  570.0
C14       c     -50929.97   37857.78    605.0   3117.0     24086.0  1210.0
C15       c     19163.79    -47679.03   477.0   5317.0     24697.0  954.0
C16       c     11517.24    -41625.49   536.0   2498.0     21750.0  1072.0
C17       c     -3046.51    23835.94    713.0   1305.0     22270.0  1426.0
C18       c     -39798.59   -55256.31   100.0   3205.0     23046.0  200.0
C19       c     29269.12    -3898.40    107.0   2210.0     22237.0  214.0
C20       c     -26940.15   27432.79    737.0   901.0      21665.0  1474.0
C21       c     49714.58    40724.26    380.0   2785.0     23190.0  760.0
C22       c     -20607.41   -40165.43   135.0   1687.0     20835.0  270.0
C23       c     50099.01    -57798.04   407.0   2604.0     21526.0  814.0
C24       c     -36872.30   28380.08    567.0   2849.0     22608.0  1134.0
C25       c     72678.53    -45293.64   276.0   2398.0     22292.0  552.0
C26       c     18359.87    -70877.06   474.0   2064.0     23004.0  948.0
C27       c     64398.53    49061.96    406.0   4138.0     23247.0  812.0
C28       c     -26710.10   32015.66    256.0   740.0      20907.0  512.0
C29       c     27901.06    8393.86     609.0   2897.0     23732.0  1218.0
C30       c     -24795.74   35497.67    353.0   3516.0     22540.0  706.0
C31       c     -32124.88   -18241.38   355.0   1908.0     21874.0  710.0
C32       c     66350.22    -22171.21   540.0   3575.0     24598.0  1080.0
C33       c     59302.22    -1739.41    151.0   1692.0     21542.0  302.0
C34       c     -30733.90   43274.56    671.0   3411.0     24102.0  1342.0
C35       c     -426.60     13614.38    418.0   2937.0     23321.0  836.0
C36       c     -5618.39    24007.59    532.0   3594.0     23222.0  1064.0
C37       c     -63811.91   -51847.02   344.0   3230.0     23220.0  688.0
C38       c     4757.11     -21262.27   112.0   4358.0     23576.0  224.0
C39       c     873.11      55726.91    637.0   2728.0     23245.0  1274.0
C40       c     -49549.77   31175.94    774.0   2463.0     22571.0  1548.0
C41       c     -16774.89   11774.34    494.0   2288.0     21544.0  988.0
C42       c     46622.44    10039.09    340.0   2110.0     22386.0  680.0
C43       c     -17951.74   -33265.22   296.0   4763.0     25243.0  592.0
C44       c     75740.46    -5365.85    546.0   1524.0     22516.0  1092.0
C45       c     6842.71     58461.33    135.0   2462.0     22121.0  270.0
C46       c     19881.13    36228.19    285.0   2694.0     22399.0  570.0
C47       c     63866.81    12856.25    702.0   2071.0     22441.0  1404.0
C48       c     -7458.76    77917.87    116.0   5393.0     25101.0  232.0
C49       c     70042.83    9023.11     411.0   4322.0     24748.0  822.0
C50       c     -40751.88   -15012.37   554.0   5268.0     24595.0  1108.0
C51       c     -47256.17   -44203.30   146.0   3732.0     22283.0  292.0
C52       c     12504.94    -68564.30   505.0   4653.0     25033.0  1010.0
C53       c     -39931.62   20919.30    741.0   5021.0     25988.0  1482.0
C54       c     54756.51    30685.27    431.0   1337.0     20209.0  862.0
C55       c     -56181.36   1426.80     773.0   1354.0     21524.0  1546.0
C56       c     -15278.65   56900.50    483.0   2072.0     21709.0  966.0
C57       c     64325.51    61136.23    778.0   4954.0     24652.0  1556.0
C58       c     -40777.64   14765.26    506.0   1890.0     22589.0  1012.0
C59       c     52557.74    -85879.92   553.0   2621.0     22336.0  1106.0
C60       c     -297.27     53362.81    389.0   5348.0     25003.0  778.0
C61       c     64536.85    35310.88    269.0   634.0      19981.0  538.0
C62       c     -5252.04    -39704.97   138.0   2141.0     20431.0  276.0
C63       c     -19993.68   -2937.48    130.0   3244.0     22291.0  260.0
C64       c     7623.04     -11734.95   718.0   5036.0     24796.0  1436.0
C65       c     48833.04    -11441.21   590.0   1431.0     21290.0  1180.0
C66       c     -4589.03    41543.32    486.0   3664.0     24387.0  972.0
C67       c     22270.66    -80296.32   417.0   3785.0     22724.0  834.0
C68       c     12828.79    20778.70    741.0   4423.0     25652.0  1482.0
C69       c     3758.60     18749.54    318.0   4538.0     24495.0  636.0
C70       c     -54096.46   -52469.01   529.0   1458.0     20585.0  1058.0
C71       c     10846.84    72735.62    166.0   2549.0     22136.0  332.0
C72       c     -56470.58   -7717.01    468.0   4699.0     24432.0  936.0
C73       c     -36596.47   -55491.17   214.0   2572.0     21641.0  428.0
C74       c     -63453.68   4579.16     332.0   5130.0     24823.0  664.0
C75       c     -66707.76   15089.03    228.0   4402.0     23071.0  456.0
F1        f     20913.02    -12255.40   0.0     0.0        32400.0  0.0
F2        f     -19993.68   -2937.48    0.0     0.0        32400.0  0.0
F3        f     72678.53    -45293.64   0.0     0.0        32400.0  0.0
F4        f     -56470.58   -7717.01    0.0     0.0        32400.0  0.0
F5        f     12504.94    -68564.30   0.0     0.0        32400.0  0.0
F6        f     -54096.46   -52469.01   0.0     0.0        32400.0  0.0
F7        f     -50929.97   37857.78    0.0     0.0        32400.0  0.0
F8        f     6694.21     -25217.59   0.0     0.0        32400.0  0.0

m numVeh /10/
m numPetrolVeh /5/
m numElectroVeh /5/

DistanceMatrix
0 65615 83715 60100 19945 64161 19240 18705 23523 94733 62721 51341 80188 17979 41802 87594 35467 30836 43320 74397 11818 62170 60302 50029 54092 70643 61410 58677 75172 65022 21800 66103 53375 46507 39803 75835 33535 44932 93519 18497 70874 82772 44697 34030 44180 55259 72103 48495 49756 94531 53540 61726 75284 56933 69301 54674 78299 78054 85270 67349 80137 68961 64541 37922 41955 13300 27932 59537 68054 34009 35434 85109 85585 77517 71949 86030 91788 0 41955 61410 77517 56933 85109 87594 19240
65615 0 43944 56878 53484 1700 59719 81547 52778 29169 14819 103731 21799 76626 75615 28138 84025 74350 38931 67145 71142 20367 94329 55583 113982 16805 126446 101328 110913 24174 68090 28136 31166 111765 100331 32754 39710 36549 68003 55776 60005 21479 23324 86741 50292 117117 66126 64731 103970 73657 110179 26908 56546 96123 9033 96700 19185 51402 115455 2956 134699 57484 107226 62258 24980 53249 91941 46265 111301 53669 44391 65861 79360 25542 67470 24471 26801 65615 24980 126446 25542 96123 65861 28138 59719
83715 43944 0 36138 81437 45020 68297 92639 82586 47532 31209 132247 61722 85760 68967 65177 83501 74669 77171 36128 93615 64056 130001 43221 116009 60137 135587 91470 146882 68073 96033 72044 30586 128013 123392 76240 73114 75353 25502 66550 103216 58862 58898 114198 44170 138940 109049 102788 131469 117564 136328 23768 22825 85233 52079 129616 28389 95346 153378 46165 128697 100627 140434 57880 47779 70760 111439 88720 99665 88137 79454 27085 122815 19412 38323 31077 41845 83715 47779 135587 19412 85233 27085 65177 68297
60100 56878 36138 0 66167 56873 41319 63183 68730 75017 42655 111426 78648 55973 33786 84570 49353 41650 73106 14812 71664 71598 116441 10237 81321 72796 102745 55332 132668 76186 78196 79768 25938 98871 98892 87374 64874 72357 34631 41637 104506 77755 57429 93866 16246 112666 108995 94584 109844 124090 113323 30988 17197 49096 65761 113076 52486 102073 141360 59830 92582 101903 123507 25193 42372 49672 85384 89347 63631 77770 71368 25453 123787 44956 13136 59030 69614 60100 42372 102745 44956 49096 25453 84570 41319
19945 53484 81437 66167 0 51847 31943 38515 3706 82287 54914 51503 64247 37683 57058 71453 54106 47733 23977 80978 19028 45349 50428 57210 73837 54693 78694 77141 66947 47486 15011 47948 51324 60309 46890 57462 15455 25894 96263 28580 51120 67460 30382 33786 50105 63709 52748 30906 51247 74711 57050 57807 78535 74649 55038 48406 69407 58190 75221 54542 100082 49133 59188 49317 34271 18631 39826 39614 86868 14698 15721 89104 66690 70896 79107 76537 80284 19945 34271 78694 70896 74649 89104 71453 31943
64161 1700 45020 56873 51847 0 58586 80222 51113 30697 15293 102043 21997 75377 74892 28582 83045 73393 37252 67429 69569 19108 92649 55273 112826 16295 125075 100593 109242 23053 66429 27025 31045 110252 98707 32052 38022 34877 68858 54601 58671 22034 21650 85070 49823 115499 64752 63075 102290 72684 108509 27271 57050 95444 8890 95002 20751 50373 113823 3514 133749 56136 105529 61563 23821 51874 90389 44812 110596 51970 42692 66501 78083 26848 67674 26155 28438 64161 23821 125075 26848 95444 66501 28582 58586
19240 59719 68297 41319 31943 58586 0 24497 35482 87590 52754 70428 78066 18035 25141 85434 25691 17102 50011 55353 31051 62477 78734 31126 54272 69071 68971 47126 94060 66268 39742 68396 39441 59734 57609 78052 39479 50742 75367 4404 81154 79647 43809 53266 25927 71843 83679 62845 68690 104102 72010 48531 57194 43734 65594 73723 68288 85007 103819 62066 76049 78891 83723 18778 34766 13515 44334 67708 57239 46404 44065 66619 98041 65544 52826 76214 83741 19240 34766 68971 65544 43734 66619 85434 0
18705 81547 92639 63183 38515 80222 24497 0 41993 110264 76378 54985 97699 7211 35569 105136 22995 23811 62024 75902 24152 80201 71204 53059 35387 88252 45098 44725 83961 83274 36514 84541 63907 35791 38573 94304 52157 63614 97802 27124 88980 99970 62182 41095 49270 50102 89768 65175 52402 112682 53770 72949 79953 44609 86185 63285 92042 96698 95136 83574 61766 87173 71616 38132 56844 28499 24300 78124 53040 52052 54112 88582 102724 89822 73011 99942 106813 18705 56844 45098 89822 44609 88582 105136 24497
23523 52778 82586 68730 3706 51113 35482 41993 0 81286 55212 51326 62388 41334 60617 69498 57812 51401 21071 83528 21524 43342 48306 59983 77253 52893 81464 80843 64991 45203 15326 45425 52799 62490 48063 54809 13618 23154 98184 32010 47445 65769 29480 33988 52792 64893 49042 27439 51324 71056 57412 58856 80619 78327 53738 47031 69320 54783 72877 53647 103640 45478 57848 52603 35014 22075 41951 36148 90573 11017 12632 91247 62998 71283 81743 76266 79522 23523 35014 81464 71283 78327 91247 69498 35482
94733 29169 47532 75017 82287 30697 87590 110264 81286 0 35694 131520 25853 105016 100326 24166 110698 100945 64946 80963 100241 41530 119327 77063 141719 31987 155298 125793 135326 42739 96599 45598 52867 140934 129176 43515 67856 62386 72631 83901 77207 21159 51908 115030 73520 145996 83768 89165 132013 83262 138449 44843 68081 120124 27985 123080 22537 63902 138294 27772 160830 75108 133259 87015 53420 82195 121083 66678 135378 80744 71699 74431 94417 30605 82347 16696 5708 94733 53420 155298 30605 120124 74431 24166 87590
62721 14819 31209 42655 54914 15293 52754 76378 55212 35694 0 106399 36207 70592 64738 41923 75085 65338 46510 52375 70382 33475 100753 42533 106453 31563 121426 90318 117605 37764 69924 41715 17779 109171 100414 47322 43902 44533 53960 49403 72104 35104 28412 88677 38188 116872 77871 72458 106148 87540 111786 12120 41761 84772 23846 101574 15684 65137 123353 17666 125136 69502 112339 51384 21112 49523 90343 57519 100036 58902 49813 51246 91757 16103 52787 23566 31289 62721 21112 121426 16103 84772 51246 41923 52754
51341 103731 132247 111426 51503 102043 70428 54985 51326 131520 106399 0 110044 60833 89786 116465 77915 77904 66999 125729 39810 91149 28005 101370 75372 101123 62335 98246 32706 91592 36515 90379 101728 38641 18595 98034 64021 69574 144466 69791 73998 114050 80441 18057 95412 24926 70611 47959 3526 93961 9813 108905 126267 99083 103567 16795 120645 88626 44776 104325 102835 73778 18970 88745 85730 62577 31455 72627 105103 50898 59824 136292 77159 122398 123247 127534 130249 51341 85730 62335 122398 99083 136292 116465 70428
80188 21799 61722 78648 64247 21997 78066 97699 62388 25853 36207 110044 0 93695 96252 7439 103286 93811 43186 88497 83172 19143 95256 77268 131704 9588 141579 121860 110792 18553 77186 20581 52963 124511 110180 17728 48850 40639 86929 73834 51371 4715 35546 94700 71730 126934 57935 65191 110958 58634 117758 48294 77303 116893 13260 100018 33487 38275 113096 18843 153990 49304 109793 83037 43975 69294 104068 41517 131945 59350 51043 86001 68688 42310 88985 33822 28011 80188 43975 141579 42310 116893 86001 7439 78066
17979 76626 85760 55973 37683 75377 18035 7211 41334 105016 70592 60833 93695 0 29048 101129 18402 17163 60247 68724 26560 76796 75174 45857 38100 84378 50947 41327 88697 80132 38533 81694 57428 42963 45114 91478 49993 61599 90595 21202 88769 95709 58408 45897 42179 57197 90080 66313 58430 112389 60249 66547 72763 40316 81776 67946 86192 95360 99575 78792 62755 86811 76775 30928 51708 24560 30894 77034 50379 51965 52776 81371 103537 83579 65848 94114 101361 17979 51708 50947 83579 40316 81371 101129 18035
41802 75615 68967 33786 57058 74892 25141 35569 60617 100326 64738 89786 96252 29048 0 103283 16162 11893 74211 43291 53067 83192 102060 25789 47538 88124 69659 25718 116544 87401 63513 90067 47567 69068 74088 99357 63830 74642 67021 28893 105865 96897 65027 74195 27031 85243 108636 87940 87449 128472 89257 56237 50787 20671 83095 95853 78618 108595 126942 78371 60966 103534 105172 13399 52563 38633 59826 91985 35711 71544 68865 57331 123087 73187 40145 86210 95585 41802 52563 69659 73187 20671 57331 103283 25141
87594 28138 65177 84570 71453 28582 85434 105136 69498 24166 41923 116465 7439 101129 103283 0 110588 101080 49894 93777 90418 26157 100685 83708 139129 16954 148974 128935 115871 24915 84157 26241 59167 131750 117128 20910 56021 47381 90625 81217 54798 6823 42976 101441 78397 133842 61337 70830 117488 59115 124362 53841 82143 123894 20196 105930 36808 40418 117583 25226 161309 52954 115495 90014 51199 76733 111279 46487 138992 66007 57931 90382 70942 45910 94443 35557 27701 87594 51199 148974 45910 123894 90382 0 85434
35467 84025 83501 49353 54106 83045 25691 22995 57812 110698 75085 77915 103286 18402 16162 110588 0 9753 74885 59447 44932 88133 93533 40475 32548 94472 53568 23212 106794 91955 56750 94079 59136 53640 61004 103742 64348 75849 83080 30090 105011 104593 69472 63917 39816 70649 106853 83910 75252 128387 76183 68242 66511 21921 90543 86069 89935 110105 117815 86558 50739 102899 94584 25685 59457 37751 46834 92330 32765 68750 68191 73417 120702 85543 56305 97758 106366 35467 59457 53568 85543 21921 73417 110588 25691
30836 74350 74669 41650 47733 73393 17102 23811 51401 100945 65338 77904 93811 17163 11893 101080 9753 0 67062 53095 41695 79044 90777 32158 41834 85102 61271 30041 104979 82972 52634 85244 49512 58182 62244 94832 56516 67833 76019 21456 97933 95022 60432 62463 30632 73752 100196 78302 75556 121040 77398 58654 58830 26957 80987 84252 80228 102105 115537 76907 60355 95720 93436 16879 49897 30143 47995 84714 40138 62418 60872 66504 114363 75975 50072 88065 96621 30836 49897 61271 75975 26957 66504 101080 17102
43320 38931 77171 73106 23977 37252 50011 62024 21071 64946 46510 66999 43186 60247 74211 49894 74885 67062 0 87214 42585 24163 55398 66367 97409 34130 102534 97102 72008 25037 34586 24678 51147 83262 67390 33830 10552 2578 97058 45768 32131 47079 18274 51550 59014 84025 36010 26062 67808 54262 74575 54138 81141 93700 37000 58207 57667 35255 77008 38806 123002 29655 68551 63579 31686 37137 62737 17774 107166 16167 8496 91807 50835 62046 86130 63402 64259 43320 31686 102534 62046 93700 91807 49894 50011
74397 67145 36128 14812 80978 67429 55353 75902 83528 80963 52375 125729 88497 68724 43291 93777 59447 53095 87214 0 86070 83683 131244 24414 89934 83688 112917 60220 147443 88248 92922 91986 37802 111185 112628 98947 79330 86319 24254 56043 118201 86981 70875 108315 30998 125850 122911 109229 124040 137045 127267 40255 13334 53970 76176 127776 59003 114806 156170 70028 97301 115579 138160 37885 55942 64366 98870 103004 66930 92471 85873 14567 137648 50378 3211 64342 75316 74397 55942 112917 50378 53970 14567 93777 55353
11818 71142 93615 71664 19028 69569 31051 24152 21524 100241 70382 39810 83172 26560 53067 90418 44932 41695 42585 86070 0 64352 49084 61668 57785 73597 59983 67861 63552 66509 12368 66896 63047 41339 30111 76326 34475 44675 104705 30039 66042 86271 48638 22257 55608 46495 66270 41210 38441 89682 42772 70898 86490 66804 73516 42961 85616 75372 73881 72491 85225 64444 52737 49738 49272 23021 20968 56669 76718 29652 34113 96483 78817 85825 83667 93110 97837 11818 49272 59983 85825 66804 96483 90418 31051
62170 20367 64056 71598 45349 19108 62477 80201 43342 41530 33475 91149 19143 76796 83192 26157 88133 79044 24163 83683 64352 0 77799 67894 114888 9977 123341 108245 93865 4589 58052 8345 45968 105658 91043 16290 29898 21595 87435 58103 39675 22917 18669 75591 61360 107792 45870 47640 91969 54113 98715 44636 74461 103785 14533 81761 39133 31691 97290 18760 138419 37178 91816 70554 31155 52237 85163 26433 118437 40322 31903 84391 58993 45908 83484 43076 41639 62170 31155 123341 45908 103785 84391 26157 62477
60302 94329 130001 116441 50428 92649 78734 71204 48306 119327 100753 28005 95256 75174 102060 100685 93533 90777 55398 131244 49084 77799 0 107184 98523 87462 89030 115922 16886 76919 39001 74693 100869 65058 43533 80489 57001 57803 146484 76574 51094 99723 72519 30841 100266 52931 46396 30170 31256 68207 37659 106258 128903 115449 91808 11234 112952 66976 25102 94142 126636 51584 15780 97418 82253 67258 52173 54310 124093 41933 50940 139505 50353 116713 129256 118800 119211 60302 82253 89030 116713 115449 139505 100685 78734
50029 55583 43221 10237 57210 55273 31126 53059 59983 77063 42533 101370 77268 45857 25789 83708 40475 32158 66367 24414 61668 67894 107184 0 72872 70449 93427 49615 123238 72439 68637 75779 24765 88800 88669 84052 57442 65900 44756 31634 98269 76989 52081 83907 7394 102440 102376 86460 99736 118813 103136 32225 26953 43623 64068 103439 54730 97212 132195 58517 86273 95708 113781 15362 37233 40066 75147 83264 58728 69514 63755 35678 117201 48364 22148 61951 71960 50029 37233 93427 48364 43623 35678 83708 31126
54092 113982 116009 81321 73837 112826 54272 35387 77253 141719 106453 75372 131704 38100 47538 139129 32548 41834 97409 89934 57785 114888 98523 72872 0 122436 25811 34328 107813 118178 69815 119638 91244 39158 56809 129420 87479 98978 114066 58230 123738 133590 96501 67926 72338 58366 124046 98763 71983 147417 69734 100422 98300 39105 119591 88606 121668 132023 119782 116293 28189 122051 94222 58233 89009 62658 46374 113400 35785 86968 89482 104332 136308 117751 86726 129557 137682 54092 89009 25811 117751 39105 104332 139129 54272
70643 16805 60137 72796 54693 16295 69071 88252 52893 31987 31563 101123 9588 84378 88124 16954 94472 85102 34130 83688 73597 9977 87462 70449 122436 0 132020 113589 103361 10793 67787 14018 46863 114936 100781 16110 39323 31558 84629 64787 46611 12982 26070 85485 64484 117560 53065 57293 101928 57612 108653 43566 73322 108795 8064 91658 33156 35773 106367 14164 145097 44293 101646 75069 35576 59909 94505 34864 123727 50279 41757 82663 65150 41074 83872 35680 32662 70643 35576 132020 41074 108795 82663 16954 69071
61410 126446 135587 102745 78694 125075 68971 45098 81464 155298 121426 62335 141579 50947 69659 148974 53568 61271 102534 112917 59983 123341 89030 93427 25811 132020 0 60042 94718 125916 69910 126604 108239 23973 45562 136156 93886 104561 136648 72047 123940 144178 106107 61161 91425 40045 122880 97126 58814 146980 54381 117403 119940 64517 130634 78064 137068 134834 106757 128372 45300 122713 81015 78131 101893 73201 41408 116237 61369 89149 94082 126978 133244 134505 109750 144980 151903 61410 101893 0 134505 64517 126978 148974 68971
58677 101328 91470 55332 77141 100593 47126 44725 80843 125793 90318 98246 121860 41327 25718 128935 23212 30041 97102 60220 67861 108245 115922 49615 34328 113589 60042 0 128472 112331 79843 114795 72933 68376 80351 124261 86555 97868 84347 51446 127806 122583 89809 85710 52280 87088 129850 107116 95300 151018 95159 81333 70830 6295 108740 107887 103847 132131 139787 104076 37344 125633 115794 39105 78018 60109 66792 114739 10199 91822 90808 74758 143809 97922 57069 111297 120941 58677 78018 60042 97922 6295 74758 128935 47126
75172 110913 146882 132668 66947 109242 94060 83961 64991 135326 117605 32706 110792 88697 116544 115871 106794 104979 72008 147443 63552 93865 16886 123238 107813 103361 94718 128472 0 92690 54644 90220 117671 71260 51056 95308 73884 74365 163158 92210 63874 115344 89328 42881 116445 55597 58318 46330 36210 77435 40435 123135 145483 128565 108059 20753 129648 80062 12074 110627 135460 64839 13752 112831 99126 83185 62473 69396 136045 58817 67794 156044 58551 133541 145366 135370 135436 75172 99126 94718 133541 128565 156044 115871 94060
65022 24174 68073 76186 47486 23053 66268 83274 45203 42739 37764 91592 18553 80132 87401 24915 91955 82972 25037 88248 66509 4589 76919 72439 118178 10793 125916 112331 92690 0 59501 3974 50548 107687 92399 11956 32085 22561 91703 61877 36374 22855 22548 76555 65866 109057 42722 46781 92581 49776 99447 49080 78940 107954 17261 81477 42476 27385 95580 22259 142066 33961 91306 74862 35593 55614 87151 24086 122528 41105 33231 88813 55395 49642 88064 45857 43432 65022 35593 125916 49642 107954 88813 24915 66268
21800 68090 96033 78196 15011 66429 39742 36514 15326 96599 69924 36515 77186 38533 63513 84157 56750 52634 34586 92922 12368 58052 39001 68637 69815 67787 69910 79843 54644 59501 0 59258 65670 49118 32996 68226 28805 36978 109728 37618 54506 80732 44804 18794 61951 49779 54316 28967 36242 77999 42146 72533 91734 78483 68979 34902 84371 64941 64098 68974 97445 53079 45461 58418 49217 28572 28837 46417 88869 19508 26270 102117 66564 85896 90781 91434 94845 21800 49217 69910 85896 78483 102117 84157 39742
66103 28136 72044 79768 47948 27025 68396 84541 45425 45598 41715 90379 20581 81694 90067 26241 94079 85244 24678 91986 66896 8345 74693 75779 119638 14018 126604 114795 90220 3974 59258 0 54237 107858 91973 9785 32753 22356 95663 63993 32682 25128 25043 75820 69103 108524 39094 44683 91508 45826 98464 52970 82805 110545 21015 79698 46324 23423 92736 26177 143931 30321 89333 77701 38734 57288 87318 21092 124994 40401 33104 92718 51547 53580 91751 49501 46617 66103 38734 126604 53580 110545 92718 26241 68396
53375 31166 30586 25938 51324 31045 39441 63907 52799 52867 17779 101728 52963 57428 47567 59167 59136 49512 51147 37802 63047 45968 100869 24765 91244 46863 108239 72933 117671 50548 65670 54237 0 98553 92904 61532 44940 49876 46189 37005 80995 52399 33713 83672 20654 108631 86034 75310 100903 99272 105743 9211 30050 67262 39931 99711 31073 77007 124914 34122 108380 78359 110505 34392 19529 40277 81243 65821 82521 59526 51536 40673 100615 26523 37517 38759 48030 53375 19529 108239 26523 67262 40673 59167 39441
46507 111765 128013 98871 60309 110252 59734 35791 62490 140934 109171 38641 124511 42963 69068 131750 53640 58182 83262 111185 41339 105658 65058 88800 39158 114936 23973 68376 71260 107687 49118 107858 98553 0 21613 117083 75761 85510 133502 61600 101761 127588 89789 37772 85029 19251 100214 74632 35115 124361 31412 107341 115723 71075 114685 54113 124783 113647 83332 113317 65185 100734 57511 73718 88460 59647 20542 95352 72949 68624 74781 124199 109945 123668 108205 132532 138177 46507 88460 23973 123668 71075 124199 131750 59734
39803 100331 123392 98892 46890 98707 57609 38573 48063 129176 100414 18595 110180 45114 74088 117128 61004 62244 67390 112628 30111 91043 43533 88669 56809 100781 45562 80351 51056 92399 32996 91973 92904 21613 0 100662 61671 69840 132921 57934 81953 113720 77268 17306 83439 16834 79851 54732 15293 103934 15205 100931 114708 81582 101788 32742 115527 94873 63076 101432 84410 81169 37418 74891 79305 52637 14273 77172 86848 51642 59202 124229 88851 115927 109935 122918 127129 39803 79305 45562 115927 81582 124229 117128 57609
75835 32754 76240 87374 57462 32052 78052 94304 54809 43515 47322 98034 17728 91478 99357 20910 103742 94832 33830 98947 76326 16290 80489 84052 129420 16110 136156 124261 95308 11956 68226 9785 61532 117083 100662 0 42406 31654 100709 73652 33972 22370 34455 84194 77600 117058 40529 51103 99371 41736 106438 59142 89024 119906 24173 86412 48978 20604 96723 30227 153683 32065 95603 86804 47444 67062 96565 26202 134459 49028 42323 98553 50960 57118 98940 50675 45701 75835 47444 136156 57118 119906 98553 20910 78052
33535 39710 73114 64874 15455 38022 39479 52157 13618 67856 43902 64021 48850 49993 63830 56021 64348 56516 10552 79330 34475 29898 57001 57442 87479 39323 93886 86555 73884 32085 28805 32753 44940 75761 61671 42406 0 11618 91120 35260 42133 52168 16452 47185 50048 78496 45432 30394 64298 64687 70619 49453 74404 83190 40175 57763 57071 45763 80319 40367 112723 39749 68491 53537 25629 26597 55266 28237 96615 15068 6625 85132 60186 59966 77999 63671 66298 33535 25629 93886 59966 83190 85132 56021 39479
44932 36549 75353 72357 25894 34877 50742 63614 23154 62386 44533 69574 40639 61599 74642 47381 75849 67833 2578 86319 44675 21595 57803 65900 98978 31558 104561 97868 74365 22561 36978 22356 49876 85510 69840 31654 11618 0 95605 46444 32377 44512 16557 54076 58586 86499 36638 28277 70374 53942 77131 52506 79915 94329 34452 60743 55376 34282 79188 36354 124337 29834 71060 63714 30540 38116 64974 17566 107968 18728 10751 90547 51435 59937 85321 61011 61737 44932 30540 104561 59937 94329 90547 47381 50742
93519 68003 25502 34631 96263 68858 75367 97802 98184 72631 53960 144466 86929 90595 67021 90625 83080 76019 97058 24254 104705 87435 146484 44756 114066 84629 136648 84347 163158 91703 109728 95663 46189 133502 132921 100709 91120 95605 0 75081 125524 84239 79121 126592 49482 147090 130996 121498 143138 141473 147045 43458 18235 78126 76585 144465 53818 119086 170834 70482 121244 122895 155145 59805 65667 81926 119673 110585 90662 105585 97722 9735 145240 44736 27458 56427 66999 93519 65667 136648 44736 78126 9735 90625 75367
18497 55776 66550 41637 28580 54601 4404 27124 32010 83901 49403 69791 73834 21202 28893 81217 30090 21456 45768 56043 30039 58103 76574 31634 58230 64787 72047 51446 92210 61877 37618 63993 37005 61600 57934 73652 35260 46444 75081 0 77087 75492 39434 52273 25686 72742 79751 59447 68250 99930 71968 45936 56848 47932 61452 72101 65025 80690 101675 58064 80376 74796 82305 20984 30796 9949 45157 63497 61577 42809 40024 66615 94195 62708 53682 72942 80179 18497 30796 72047 62708 47932 66615 81217 4404
70874 60005 103216 104506 51120 58671 81154 88980 47445 77207 72104 73998 51371 88769 105865 54798 105011 97933 32131 118201 66042 39675 51094 98269 123738 46611 123940 127806 63874 36374 54506 32682 80995 101761 81953 33972 42133 32377 125524 77087 0 56082 47363 64656 90961 96630 6566 27231 76198 23704 83461 82077 110917 124834 53634 59418 78764 16194 63683 58418 150744 2638 66857 95628 62265 67799 82533 15199 137696 36937 37090 121359 19717 85519 117360 82183 78858 70874 62265 123940 85519 124834 121359 54798 81154
82772 21479 58862 77755 67460 22034 79647 99970 65769 21159 35104 114050 4715 95709 96897 6823 104593 95022 47079 86981 86271 22917 99723 76989 133590 12982 144178 122583 115344 22855 80732 25128 52399 127588 113720 22370 52168 44512 84239 75492 56082 0 38087 98468 71771 130510 62647 69614 114887 62900 121627 47019 75414 117469 14061 104307 30479 42852 117751 18608 155332 54019 114162 83585 45136 71485 107217 46141 132606 63239 54738 83768 73314 39504 87630 30012 23520 82772 45136 144178 39504 117469 83768 6823 79647
44697 23324 58898 57429 30382 21650 43809 62182 29480 51908 28412 80441 35546 58408 65027 42976 69472 60432 18274 70875 48638 18669 72519 52081 96501 26070 106107 89809 89328 22548 44804 25043 33713 89789 77268 34455 16452 16557 79121 39434 47363 38087 0 63421 45055 94090 52321 44064 80649 66796 86861 35950 63739 85508 24897 73989 40742 45151 94941 24188 119764 44734 84650 52753 15060 33881 69594 32167 100008 30943 21686 74297 66927 44223 70125 47230 50043 44697 15060 106107 44223 85508 74297 42976 43809
34030 86741 114198 93866 33786 85070 53266 41095 33988 115030 88677 18057 94700 45897 74195 101441 63917 62463 51550 108315 22257 75591 30841 83907 67926 85485 61161 85710 42881 76555 18794 75820 83672 37772 17306 84194 47185 54076 126592 52273 64656 98468 63421 0 77750 32942 62667 37429 17473 86789 23442 90895 108422 85688 87235 22191 103164 77639 54077 87528 96102 63862 30977 71871 67868 44666 21594 60126 93560 35459 43740 118539 72186 104611 105923 110211 113443 34030 67868 61161 104611 85688 118539 101441 53266
44180 50292 44170 16246 50105 49823 25927 49270 52792 73520 38188 95412 71730 42179 27031 78397 39816 30632 59014 30998 55608 61360 100266 7394 72338 64484 91425 52280 116445 65866 61951 69103 20654 85029 83439 77600 50048 58586 49482 25686 90961 71771 45055 77750 0 97758 95019 79124 93923 111677 97629 29206 31279 46622 58473 96831 51624 90205 125225 53178 87977 88409 107271 14239 30396 33431 70260 75993 61885 62195 56364 40930 109843 46221 29011 59183 68668 44180 30396 91425 46221 46622 40930 78397 25927
55259 117117 138940 112666 63709 115499 71843 50102 64893 145996 116872 24926 126934 57197 85243 133842 70649 73752 84025 125850 46495 107792 52931 102440 58366 117560 40045 87088 55597 109057 49779 108524 108631 19251 16834 117058 78496 86499 147090 72742 96630 130510 94090 32942 97758 0 93919 69644 21749 117721 15476 116891 128983 89402 118621 41713 132097 110280 67475 118244 83785 96077 42191 87971 95765 68415 27585 93023 92052 68128 75914 138117 101543 132232 123013 139549 143909 55259 95765 40045 132232 89402 138117 133842 71843
72103 66126 109049 108995 52748 64752 83679 89768 49042 83768 77871 70611 57935 90080 108636 61337 106853 100196 36010 122911 66270 45870 46396 102376 124046 53065 122880 129850 58318 42722 54316 39094 86034 100214 79851 40529 45432 36638 130996 79751 6566 62647 52321 62667 95019 93919 0 25774 73018 24147 80240 87542 116046 127152 59977 55383 85000 22176 57545 64630 151408 8773 62166 98909 67008 70201 81545 20418 139613 38155 39831 126567 14825 91587 121951 88571 85386 72103 67008 122880 91587 127152 126567 61337 83679
48495 64731 102788 94584 30906 63075 62845 65175 27439 89165 72458 47959 65191 66313 87940 70830 83910 78302 26062 109229 41210 47640 30170 86460 98763 57293 97126 107116 46330 46781 28967 44683 75310 74632 54732 51103 30394 28277 121498 59447 27231 69614 44064 37429 79124 69644 25774 0 49810 49855 57064 79385 104769 105052 61741 35313 83646 40787 50948 64344 126405 26472 44665 79985 55892 49505 55773 25041 116549 16983 23779 115498 37609 88095 107713 89142 89132 48495 55892 97126 88095 105052 115498 70830 62845
49756 103970 131469 109844 51247 102290 68690 52402 51324 132013 106148 3526 110958 58430 87449 117488 75252 75556 67808 124040 38441 91969 31256 99736 71983 101928 58814 95300 36210 92581 36242 91508 100903 35115 15293 99371 64298 70374 143138 68250 76198 114887 80649 17473 93923 21749 73018 49810 0 96542 7269 108267 124916 96267 104111 20022 120591 90575 48282 104662 99382 75880 22465 86834 85335 61385 28572 74224 102018 51649 60396 134843 79979 122083 121508 127589 130594 49756 85335 58814 122083 96267 134843 117488 68690
94531 73657 117564 124090 74711 72684 104102 112682 71056 83262 87540 93961 58634 112389 128472 59115 128387 121040 54262 137045 89682 54113 68207 118813 147417 57612 146980 151018 77435 49776 77999 45826 99272 124361 103934 41736 64687 53942 141473 99930 23704 62900 66796 86789 111677 117721 24147 49855 96542 0 103697 98714 128442 147836 65600 78113 90691 22425 73720 71403 174447 25578 83658 117644 81821 90913 105612 36488 160983 60634 60222 138477 19025 98669 136554 92271 86359 94531 81821 146980 98669 147836 138477 59115 104102
53540 110179 136328 113323 57050 108509 72010 53770 57412 138449 111786 9813 117758 60249 89257 124362 76183 77398 74575 127267 42772 98715 37659 103136 69734 108653 54381 95159 40435 99447 42146 98464 105743 31412 15205 106438 70619 77131 147045 71968 83461 121627 86861 23442 97629 15476 80240 57064 7269 103697 0 113372 128810 96594 110616 26513 126453 97837 52426 110969 96500 83149 26858 89687 90827 65781 29473 81409 101292 58409 66994 138535 86968 127616 124636 133570 136885 53540 90827 54381 127616 96594 138535 124362 72010
61726 26908 23768 30988 57807 27271 48531 72949 58856 44843 12120 108905 48294 66547 56237 53841 68242 58654 54138 40255 70898 44636 106258 32225 100422 43566 117403 81333 123135 49080 72533 52970 9211 107341 100931 59142 49453 52506 43458 45936 82077 47019 35950 90895 29206 116891 87542 79385 108267 98714 113372 0 29907 75525 35941 105878 22546 76291 129769 29778 117170 79446 116697 43243 24015 48486 89656 67129 90740 64435 55866 39763 101795 17329 40692 29987 39747 61726 24015 117403 17329 75525 39763 53841 48531
75284 56546 22825 17197 78535 57050 57194 79953 80619 68081 41761 126267 77303 72763 50787 82143 66511 58830 81141 13334 86490 74461 128903 26953 98300 73322 119940 70830 145483 78940 91734 82805 30050 115723 114708 89024 74404 79915 18235 56848 110917 75414 63739 108422 31279 128983 116046 104769 124916 128442 128810 29907 0 64536 65533 126550 46495 106040 153450 59323 108165 108279 137187 42244 49458 63765 101521 95776 78337 88503 81028 10729 130578 37632 15526 51401 62401 75284 49458 119940 37632 64536 10729 82143 57194
56933 96123 85233 49096 74649 95444 43734 44609 78327 120124 84772 99083 116893 40316 20671 123894 21921 26957 93700 53970 66804 103785 115449 43623 39105 108795 64517 6295 128565 107954 78483 110545 67262 71075 81582 119906 83190 94329 78126 47932 124834 117469 85508 85688 46622 89402 127152 105052 96267 147836 96594 75525 64536 0 103716 107869 98064 128504 139670 98908 43636 122597 116178 33885 73233 57039 67696 111427 15265 89344 87751 68519 141310 91978 50812 105450 115206 56933 73233 64517 91978 0 68519 123894 43734
69301 9033 52079 65761 55038 8890 65594 86185 53738 27985 23846 103567 13260 81776 83095 20196 90543 80987 37000 76176 73516 14533 91808 64068 119591 8064 130634 108740 108059 17261 68979 21015 39931 114685 101788 24173 40175 34452 76585 61452 53634 14061 24897 87235 58473 118621 59977 61741 104111 65600 110616 35941 65533 103716 0 95190 25377 43617 111745 6212 141281 51220 105455 69843 31091 57687 94479 40920 118801 52761 43744 74743 72549 33069 76483 28641 27404 69301 31091 130634 33069 103716 74743 20196 65594
54674 96700 129616 113076 48406 95002 73723 63285 47031 123080 101574 16795 100018 67946 95853 105930 86069 84252 58207 127776 42961 81761 11234 103439 88606 91658 78064 107887 20753 81477 34902 79698 99711 54113 32742 86412 57763 60743 144465 72101 59418 104307 73989 22191 96831 41713 55383 35313 20022 78113 26513 105878 126550 107869 95190 0 114731 74781 31919 96852 116586 59541 10819 92498 81964 63412 42541 60331 115638 43082 52376 136980 60797 117670 125586 121059 122461 54674 81964 78064 117670 107869 136980 105930 73723
78299 19185 28389 52486 69407 20751 68288 92042 69320 22537 15684 120645 33487 86192 78618 36808 89935 80228 57667 59003 85616 39133 112952 54730 121668 33156 137068 103847 129648 42476 84371 46324 31073 124783 115527 48978 57071 55376 53818 65025 78764 30479 40742 103164 51624 132097 85000 83646 120591 90691 126453 22546 46495 98064 25377 114731 0 68923 134488 20376 139451 76291 125383 65465 36450 65148 105800 65354 113285 71672 62393 53936 97866 9148 60193 7926 17247 78299 36450 137068 9148 98064 53936 36808 68288
78054 51402 95346 102073 58190 50373 85007 96698 54783 63902 65137 88626 38275 95360 108595 40418 110105 102105 35255 114806 75372 31691 66976 97212 132023 35773 134834 132131 80062 27385 64941 23423 77007 113647 94873 20604 45763 34282 119086 80690 16194 42852 45151 77639 90205 110280 22176 40787 90575 22425 97837 76291 106040 128504 43617 74781 68923 0 79717 49250 158076 15393 82684 97124 60023 72355 93706 18711 142242 45769 42637 116054 30550 76630 114396 71122 66281 78054 60023 134834 76630 128504 116054 40418 85007
85270 115455 153378 141360 75221 113823 103819 95136 72877 138294 123353 44776 113096 99575 126942 117583 117815 115537 77008 156170 73881 97290 25102 132195 119782 106367 106757 139787 12074 95580 64098 92736 124914 83332 63076 96723 80319 79188 170834 101675 63683 117751 94941 54077 125225 67475 57545 50948 48282 73720 52426 129769 153450 139670 111745 31919 134488 79717 0 114878 147486 65089 25826 122515 105902 92333 74213 71646 147553 65427 73926 164103 54722 139041 154231 139736 138889 85270 105902 106757 139041 139670 164103 117583 103819
67349 2956 46165 59830 54542 3514 62066 83574 53647 27772 17666 104325 18843 78792 78371 25226 86558 76907 38806 70028 72491 18760 94142 58517 116293 14164 128372 104076 110627 22259 68974 26177 34122 113317 101432 30227 40367 36354 70482 58064 58418 18608 24188 87528 53178 118244 64630 64344 104662 71403 110969 29778 59323 98908 6212 96852 20376 49250 114878 0 137262 55932 107300 65031 27301 55180 93364 45019 114069 53943 44714 68541 77625 27418 70381 24859 25932 67349 27301 128372 27418 98908 68541 25226 62066
80137 134699 128697 92582 100082 133749 76049 61766 103640 160830 125136 102835 153990 62755 60966 161309 50739 60355 123002 97301 85225 138419 126636 86273 28189 145097 45300 37344 135460 142066 97445 143931 108380 65185 84410 153683 112723 124337 121244 80376 150744 155332 119764 96102 87977 83785 151408 126405 99382 174447 96500 117170 108165 43636 141281 116586 139451 158076 147486 137262 0 148937 121781 73987 110196 86698 74532 139651 30797 113818 115450 111765 164008 134151 94191 147110 156266 80137 110196 45300 134151 43636 111765 161309 76049
68961 57484 100627 101903 49133 56136 78891 87173 45478 75108 69502 73778 49304 86811 103534 52954 102899 95720 29655 115579 64444 37178 51584 95708 122051 44293 122713 125633 64839 33961 53079 30321 78359 100734 81169 32065 39749 29834 122895 74796 2638 54019 44734 63862 88409 96077 8773 26472 75880 25578 83149 79446 108279 122597 51220 59541 76291 15393 65089 55932 148937 0 67300 93200 59646 65578 81322 12575 135551 35129 34850 118721 22349 82983 114747 79803 76650 68961 59646 122713 82983 122597 118721 52954 78891
64541 107226 140434 123507 59188 105529 83723 71616 57848 133259 112339 18970 109793 76775 105172 115495 94584 93436 68551 138160 52737 91816 15780 113781 94222 101646 81015 115794 13752 91306 45461 89333 110505 57511 37418 95603 68491 71060 155145 82305 66857 114162 84650 30977 107271 42191 62166 44665 22465 83658 26858 116697 137187 116178 105455 10819 125383 82684 25826 107300 121781 67300 0 102459 92781 73841 49319 69406 123091 53711 62994 147578 65446 128430 135915 131628 132793 64541 92781 81015 128430 116178 147578 115495 83723
37922 62258 57880 25193 49317 61563 18778 38132 52603 87015 51384 88745 83037 30928 13399 90014 25685 16879 63579 37885 49738 70554 97418 15362 58233 75069 78131 39105 112831 74862 58418 77701 34392 73718 74891 86804 53537 63714 59805 20984 95628 83585 52753 71871 14239 87971 98909 79985 86834 117644 89687 43243 42244 33885 69843 92498 65465 97124 122515 65031 73987 93200 102459 0 39613 30791 61025 81251 49042 63128 59145 50485 113587 60387 35095 73134 82336 37922 39613 78131 60387 33885 50485 90014 18778
41955 24980 47779 42372 34271 23821 34766 56844 35014 53420 21112 85730 43975 51708 52563 51199 59457 49897 31686 55942 49272 31155 82253 37233 89009 35576 101893 78018 99126 35593 49217 38734 19529 88460 79305 47444 25629 30540 65667 30796 62265 45136 15060 67868 30396 95765 67008 55892 85335 81821 90827 24015 49458 73233 31091 81964 36450 60023 105902 27301 110196 59646 92781 39613 0 28984 69350 47073 88151 40494 32164 60136 81716 36789 55114 44105 50072 41955 0 101893 36789 73233 60136 51199 34766
13300 53249 70760 49672 18631 51874 13515 28499 22075 82195 49523 62577 69294 24560 38633 76733 37751 30143 37137 64366 23021 52237 67258 40066 62658 59909 73201 60109 83185 55614 28572 57288 40277 59647 52637 67062 26597 38116 81926 9949 67799 71485 33881 44666 33431 68415 70201 49505 61385 90913 65781 48486 63765 57039 57687 63412 65148 72355 92333 55180 86698 65578 73841 30791 28984 0 41211 54660 70109 32928 30728 73950 84532 64219 62209 72925 79023 13300 28984 73201 64219 57039 73950 76733 13515
27932 91941 111439 85384 39826 90389 44334 24300 41951 121083 90343 31455 104068 30894 59826 111279 46834 47995 62737 98870 20968 85163 52173 75147 46374 94505 41408 66792 62473 87151 28837 87318 81243 20542 14273 96565 55266 64974 119673 45157 82533 107217 69594 21594 70260 27585 81545 55773 28572 105612 29473 89656 101521 67696 94479 42541 105800 93706 74213 93364 74532 81322 49319 61025 69350 41211 0 75241 73801 48316 54251 110805 92351 105369 96118 113424 118548 27932 69350 41408 105369 67696 110805 111279 44334
59537 46265 88720 89347 39614 44812 67708 78124 36148 66678 57519 72627 41517 77034 91985 46487 92330 84714 17774 103004 56669 26433 54310 83264 113400 34864 116237 114739 69396 24086 46417 21092 65821 95352 77172 26202 28237 17566 110585 63497 15199 46141 32167 60126 75993 93023 20418 25041 74224 36488 81409 67129 95776 111427 40920 60331 65354 18711 71646 45019 139651 12575 69406 81251 47073 54660 75241 0 124765 27103 24274 106251 34803 71542 102177 69508 67517 59537 47073 116237 71542 111427 106251 46487 67708
68054 111301 99665 63631 86868 110596 57239 53040 90573 135378 100036 105103 131945 50379 35711 138992 32765 40138 107166 66930 76718 118437 124093 58728 35785 123727 61369 10199 136045 122528 88869 124994 82521 72949 86848 134459 96615 107968 90662 61577 137696 132606 100008 93560 61885 92052 139613 116549 102018 160983 101292 90740 78337 15265 118801 115638 113285 142242 147553 114069 30797 135551 123091 49042 88151 70109 73801 124765 0 101515 100761 81279 153458 107088 63880 120634 130444 68054 88151 61369 107088 15265 81279 138992 57239
34009 53669 88137 77770 14698 51970 46404 52052 11017 80744 58902 50898 59350 51965 71544 66007 68750 62418 16167 92471 29652 40322 41933 69514 86968 50279 89149 91822 58817 41105 19508 40401 59526 68624 51642 49028 15068 18728 105585 42809 36937 63239 30943 35459 62195 68128 38155 16983 51649 60634 58409 64435 88503 89344 52761 43082 71672 45769 65427 53943 113818 35129 53711 63128 40494 32928 48316 27103 101515 0 9294 99218 51995 74929 90884 77984 79740 34009 40494 89149 74929 89344 99218 66007 46404
35434 44391 79454 71368 15721 42692 44065 54112 12632 71699 49813 59824 51043 52776 68865 57931 68191 60872 8496 85873 34113 31903 50940 63755 89482 41757 94082 90808 67794 33231 26270 33104 51536 74781 59202 42323 6625 10751 97722 40024 37090 54738 21686 43740 56364 75914 39831 23779 60396 60222 66994 55866 81028 87751 43744 52376 62393 42637 73926 44714 115450 34850 62994 59145 32164 30728 54251 24274 100761 9294 0 91757 54449 65788 84500 68690 70561 35434 32164 94082 65788 87751 91757 57931 44065
85109 65861 27085 25453 89104 66501 66619 88582 91247 74431 51246 136292 86001 81371 57331 90382 73417 66504 91807 14567 96483 84391 139505 35678 104332 82663 126978 74758 156044 88813 102117 92718 40673 124199 124229 98553 85132 90547 9735 66615 121359 83768 74297 118539 40930 138117 126567 115498 134843 138477 138535 39763 10729 68519 74743 136980 53936 116054 164103 68541 111765 118721 147578 50485 60136 73950 110805 106251 81279 99218 91757 0 141045 44815 17759 57810 68725 85109 60136 126978 44815 68519 0 90382 66619
85585 79360 122815 123787 66690 78083 98041 102724 62998 94417 91757 77159 68688 103537 123087 70942 120702 114363 50835 137648 78817 58993 50353 117201 136308 65150 133244 143809 58551 55395 66564 51547 100615 109945 88851 50960 60186 51435 145240 94195 19717 73314 66927 72186 109843 101543 14825 37609 79979 19025 86968 101795 130578 141310 72549 60797 97866 30550 54722 77625 164008 22349 65446 113587 81716 84532 92351 34803 153458 51995 54449 141045 0 104901 136722 100826 96633 85585 81716 133244 104901 141310 141045 70942 98041
77517 25542 19412 44956 70896 26848 65544 89822 71283 30605 16103 122398 42310 83579 73187 45910 85543 75975 62046 50378 85825 45908 116713 48364 117751 41074 134505 97922 133541 49642 85896 53580 26523 123668 115927 57118 59966 59937 44736 62708 85519 39504 44223 104611 46221 132232 91587 88095 122083 98669 127616 17329 37632 91978 33069 117670 9148 76630 139041 27418 134151 82983 128430 60387 36789 64219 105369 71542 107088 74929 65788 44815 104901 0 51743 14141 24998 77517 36789 134505 0 91978 44815 45910 65544
71949 67470 38323 13136 79107 67674 52826 73011 81743 82347 52787 123247 88985 65848 40145 94443 56305 50072 86130 3211 83667 83484 129256 22148 86726 83872 109750 57069 145366 88064 90781 91751 37517 108205 109935 98940 77999 85321 27458 53682 117360 87630 70125 105923 29011 123013 121951 107713 121508 136554 124636 40692 15526 50812 76483 125586 60193 114396 154231 70381 94191 114747 135915 35095 55114 62209 96118 102177 63880 90884 84500 17759 136722 51743 0 65801 76735 71949 55114 109750 51743 50812 17759 94443 52826
86030 24471 31077 59030 76537 26155 76214 99942 76266 16696 23566 127534 33822 94114 86210 35557 97758 88065 63402 64342 93110 43076 118800 61951 129557 35680 144980 111297 135370 45857 91434 49501 38759 132532 122918 50675 63671 61011 56427 72942 82183 30012 47230 110211 59183 139549 88571 89142 127589 92271 133570 29987 51401 105450 28641 121059 7926 71122 139736 24859 147110 79803 131628 73134 44105 72925 113424 69508 120634 77984 68690 57810 100826 14141 65801 0 11002 86030 44105 144980 14141 105450 57810 35557 76214
91788 26801 41845 69614 80284 28438 83741 106813 79522 5708 31289 130249 28011 101361 95585 27701 106366 96621 64259 75316 97837 41639 119211 71960 137682 32662 151903 120941 135436 43432 94845 46617 48030 138177 127129 45701 66298 61737 66999 80179 78858 23520 50043 113443 68668 143909 85386 89132 130594 86359 136885 39747 62401 115206 27404 122461 17247 66281 138889 25932 156266 76650 132793 82336 50072 79023 118548 67517 130444 79740 70561 68725 96633 24998 76735 11002 0 91788 50072 151903 24998 115206 68725 27701 83741
0 65615 83715 60100 19945 64161 19240 18705 23523 94733 62721 51341 80188 17979 41802 87594 35467 30836 43320 74397 11818 62170 60302 50029 54092 70643 61410 58677 75172 65022 21800 66103 53375 46507 39803 75835 33535 44932 93519 18497 70874 82772 44697 34030 44180 55259 72103 48495 49756 94531 53540 61726 75284 56933 69301 54674 78299 78054 85270 67349 80137 68961 64541 37922 41955 13300 27932 59537 68054 34009 35434 85109 85585 77517 71949 86030 91788 0 41955 61410 77517 56933 85109 87594 19240
41955 24980 47779 42372 34271 23821 34766 56844 35014 53420 21112 85730 43975 51708 52563 51199 59457 49897 31686 55942 49272 31155 82253 37233 89009 35576 101893 78018 99126 35593 49217 38734 19529 88460 79305 47444 25629 30540 65667 30796 62265 45136 15060 67868 30396 95765 67008 55892 85335 81821 90827 24015 49458 73233 31091 81964 36450 60023 105902 27301 110196 59646 92781 39613 0 28984 69350 47073 88151 40494 32164 60136 81716 36789 55114 44105 50072 41955 0 101893 36789 73233 60136 51199 34766
61410 126446 135587 102745 78694 125075 68971 45098 81464 155298 121426 62335 141579 50947 69659 148974 53568 61271 102534 112917 59983 123341 89030 93427 25811 132020 0 60042 94718 125916 69910 126604 108239 23973 45562 136156 93886 104561 136648 72047 123940 144178 106107 61161 91425 40045 122880 97126 58814 146980 54381 117403 119940 64517 130634 78064 137068 134834 106757 128372 45300 122713 81015 78131 101893 73201 41408 116237 61369 89149 94082 126978 133244 134505 109750 144980 151903 61410 101893 0 134505 64517 126978 148974 68971
77517 25542 19412 44956 70896 26848 65544 89822 71283 30605 16103 122398 42310 83579 73187 45910 85543 75975 62046 50378 85825 45908 116713 48364 117751 41074 134505 97922 133541 49642 85896 53580 26523 123668 115927 57118 59966 59937 44736 62708 85519 39504 44223 104611 46221 132232 91587 88095 122083 98669 127616 17329 37632 91978 33069 117670 9148 76630 139041 27418 134151 82983 128430 60387 36789 64219 105369 71542 107088 74929 65788 44815 104901 0 51743 14141 24998 77517 36789 134505 0 91978 44815 45910 65544
56933 96123 85233 49096 74649 95444 43734 44609 78327 120124 84772 99083 116893 40316 20671 123894 21921 26957 93700 53970 66804 103785 115449 43623 39105 108795 64517 6295 128565 107954 78483 110545 67262 71075 81582 119906 83190 94329 78126 47932 124834 117469 85508 85688 46622 89402 127152 105052 96267 147836 96594 75525 64536 0 103716 107869 98064 128504 139670 98908 43636 122597 116178 33885 73233 57039 67696 111427 15265 89344 87751 68519 141310 91978 50812 105450 115206 56933 73233 64517 91978 0 68519 123894 43734
85109 65861 27085 25453 89104 66501 66619 88582 91247 74431 51246 136292 86001 81371 57331 90382 73417 66504 91807 14567 96483 84391 139505 35678 104332 82663 126978 74758 156044 88813 102117 92718 40673 124199 124229 98553 85132 90547 9735 66615 121359 83768 74297 118539 40930 138117 126567 115498 134843 138477 138535 39763 10729 68519 74743 136980 53936 116054 164103 68541 111765 118721 147578 50485 60136 73950 110805 106251 81279 99218 91757 0 141045 44815 17759 57810 68725 85109 60136 126978 44815 68519 0 90382 66619
87594 28138 65177 84570 71453 28582 85434 105136 69498 24166 41923 116465 7439 101129 103283 0 110588 101080 49894 93777 90418 26157 100685 83708 139129 16954 148974 128935 115871 24915 84157 26241 59167 131750 117128 20910 56021 47381 90625 81217 54798 6823 42976 101441 78397 133842 61337 70830 117488 59115 124362 53841 82143 123894 20196 105930 36808 40418 117583 25226 161309 52954 115495 90014 51199 76733 111279 46487 138992 66007 57931 90382 70942 45910 94443 35557 27701 87594 51199 148974 45910 123894 90382 0 85434
19240 59719 68297 41319 31943 58586 0 24497 35482 87590 52754 70428 78066 18035 25141 85434 25691 17102 50011 55353 31051 62477 78734 31126 54272 69071 68971 47126 94060 66268 39742 68396 39441 59734 57609 78052 39479 50742 75367 4404 81154 79647 43809 53266 25927 71843 83679 62845 68690 104102 72010 48531 57194 43734 65594 73723 68288 85007 103819 62066 76049 78891 83723 18778 34766 13515 44334 67708 57239 46404 44065 66619 98041 65544 52826 76214 83741 19240 34766 68971 65544 43734 66619 85434 0
