StringID  Type  x          y          demand  ReadyTime  DueDate  ServiceTime
D0        d     -20626.96   -11348.56   0.0     0.0        32400.0  0.0
C1        c     -65164.69   -75124.40   649.0   1423.0     22327.0  1298.0
C2        c     -60497.20   39757.18    465.0   4740.0     25293.0  930.0
C3        c     36183.72    -51766.22   166.0   2117.0     21363.0  332.0
C4        c     53865.51    -28633.76   199.0   1973.0     21349.0  398.0
C5        c     46050.49    -72019.96   820.0   1792.0     23340.0  1640.0
C6        c     -105663.87  -2395.38    677.0   1030.0     21554.0  1354.0
C7        c     20636.63    -103664.20  203.0   954.0      21031.0  406.0
C8        c     -10432.08   16257.47    332.0   1454.0     20122.0  664.0
C9        c     10452.76    -37581.27   514.0   898.0      20162.0  1028.0
C10       c     -24848.20   31604.97    546.0   1985.0     22849.0  1092.0
C11       c     -76342.98   -37852.27   462.0   5006.0     24878.0  924.0
C12       c     45329.26    27807.74    730.0   3512.0     24812.0  1460.0
C13       c     16687.28    28015.29    133.0   4310.0     23933.0  266.0
C14       c     39306.47    21900.46    767.0   1981.0     23398.0  1534.0
C15       c     -91700.07   21578.75    318.0   4121.0     24232.0  636.0
C16       c     67259.01    -25588.13   276.0   2329.0     21938.0  552.0
C17       c     -36066.40   -110462.54  407.0   2782.0     23008.0  814.0
C18       c     70440.88    1582.47     510.0   3637.0     23723.0  1020.0
C19       c     15104.05    -84584.54   376.0   2631.0     22299.0  752.0
C20       c     -107469.74  -13811.69   554.0   4979.0     24340.0  1108.0
C21       c     -53095.72   40919.07    739.0   2643.0     23181.0  1478.0
C22       c     55474.61    47031.14    557.0   4313.0     24551.0  1114.0
C23       c     39008.78    26555.10    499.0   806.0      21790.0  998.0
C24       c     -19229.00   -48948.26   458.0   4566.0     25250.0  916.0
C25       c     49510.21    -70963.52   781.0   4104.0     24555.0  1562.0
C26       c     61491.00    32557.52    429.0   2302.0     21778.0  858.0
C27       c     -34026.12   -6922.31    356.0   1271.0     21936.0  712.0
C28       c     3834.66     -18275.63   208.0   1112.0     21318.0  416.0
C29       c     -37148.12   79570.33    627.0   4908.0     25935.0  1254.0
C30       c     -89310.65   -40357.02   805.0   1245.0     21759.0  1610.0
C31       c     -40092.69   -5742.89    579.0   1354.0     21859.0  1158.0
C32       c     49390.46    27162.17    611.0   4011.0     24645.0  1222.0
C33       c     25455.54    30149.61    115.0   4460.0     22708.0  230.0
C34       c     2731.30     28661.20    423.0   2170.0     22152.0  846.0
C35       c     -29066.67   50964.64    791.0   2612.0     23234.0  1582.0
C36       c     47077.23    -38803.68   593.0   833.0      20362.0  1186.0
C37       c     -31337.87   30719.35    713.0   1359.0     20999.0  1426.0
C38       c     2408.06     -22171.70   526.0   5250.0     24980.0  1052.0
C39       c     883.03      78430.13    378.0   3759.0     24254.0  756.0
C40       c     -24914.31   13668.53    683.0   1984.0     23334.0  1366.0
C41       c     20285.55    -23143.24   427.0   2015.0     22407.0  854.0
C42       c     45517.73    -62181.83   816.0   706.0      22039.0  1632.0
C43       c     -46898.54   -59999.03   598.0   1673.0     21182.0  1196.0
C44       c     15676.49    4399.64     229.0   3827.0     23368.0  458.0
C45       c     72180.94    10038.19    375.0   1700.0     20697.0  750.0
C46       c     -4185.34    39274.49    526.0   863.0      21195.0  1052.0
C47       c     48986.41    48520.26    241.0   997.0      21071.0  482.0
C48       c     -60658.94   58256.13    557.0   4283.0     23991.0  1114.0
C49       c     -75487.68   63219.93    118.0   4864.0     24453.0  236.0
C50       c     54150.13    21924.45    237.0   2017.0     21980.0  474.0
C51       c     -65703.98   27435.35    753.0   827.0      21238.0  1506.0
C52       c     -61640.20   16009.43    731.0   5383.0     26208.0  1462.0
C53       c     -81404.69   31039.81    434.0   904.0      21761.0  868.0
C54       c     -94172.78   -16493.94   569.0   1995.0     21549.0  1138.0
C55       c     -27872.90   -4157.00    342.0   5070.0     25222.0  684.0
C56       c     -12751.08   -8488.04    242.0   4738.0     24554.0  484.0
C57       c     69949.08    -27457.08   482.0   2701.0     22994.0  964.0
C58       c     -27912.36   12887.20    396.0   1679.0     22235.0  792.0
C59       c     53269.36    -45867.21   400.0   2887.0     22467.0  800.0
C60       c     -32289.83   -43218.39   405.0   3786.0     24394.0  810.0
C61       c     52003.65    34392.13    695.0   2269.0     22436.0  1390.0
C62       c     35282.53    52042.94    402.0   1842.0     21358.0  804.0
C63       c     26071.46    24414.86    345.0   1116.0     20822.0  690.0
C64       c     38058.79    -7924.63    654.0   4655.0     24726.0  1308.0
C65       c     48341.11    21714.25    192.0   4429.0     22847.0  384.0
C66       c     -44331.95   47839.63    381.0   2451.0     22137.0  762.0
C67       c     6621.13     43441.84    675.0   1706.0     22482.0  1350.0
C68       c     20710.08    17420.77    114.0   2952.0     21285.0  228.0
C69       c     41153.00    -58513.85   390.0   1945.0     21069.0  780.0
C70       c     56639.21    21079.86    631.0   3890.0     24682.0  1262.0
C71       c     9993.55     84712.52    381.0   1277.0     20390.0  762.0
C72       c     60907.28    -36845.02   698.0   2369.0     23758.0  1396.0
C73       c     63313.70    8133.44     530.0   5225.0     25146.0  1060.0
C74       c     50740.48    -42009.99   799.0   2021.0     22535.0  1598.0
C75       c     -36649.98   64066.01    172.0   786.0      19427.0  344.0
C76       c     11542.60    13961.90    808.0   2619.0     23136.0  1616.0
C77       c     -62896.29   -20248.70   213.0   2984.0     21417.0  426.0
C78       c     47019.32    -35614.79   409.0   2278.0     23007.0  818.0
C79       c     -17884.68   -4262.60    816.0   2840.0     23680.0  1632.0
C80       c     -43191.49   -39536.71   722.0   3431.0     23774.0  1444.0
C81       c     -106039.37  -48363.24   264.0   4124.0     23828.0  528.0
C82       c     7140.33     3892.18     825.0   4442.0     25390.0  1650.0
C83       c     -88418.62   61476.52    538.0   3025.0     24024.0  1076.0
C84       c     66123.31    -15698.63   159.0   4976.0     23390.0  318.0
C85       c     -89527.08   -66471.36   157.0   4138.0     24334.0  314.0
C86       c     72089.19    -11700.74   466.0   3639.0     23672.0  932.0
C87       c     27863.43    42486.95    807.0   2112.0     22811.0  1614.0
C88       c     36678.99    37606.44    216.0   2363.0     22310.0  432.0
C89       c     59600.27    13152.71    450.0   671.0      20079.0  900.0
C90       c     20563.85    9015.43     348.0   2075.0     21262.0  696.0
C91       c     52143.34    16923.80    639.0   2209.0     23103.0  1278.0
C92       c     -27151.63   -25121.52   458.0   694.0      20620.0  916.0
C93       c     20998.60    39594.35    106.0   1524.0     20771.0  212.0
C94       c     69758.07    -1030.48    559.0   5215.0     25744.0  1118.0
C95       c     43547.23    5714.25     717.0   4174.0     24510.0  1434.0
C96       c     2249.33     35763.62    252.0   2230.0     22275.0  504.0
C97       c     -2586.15    -39307.84   173.0   3988.0     22939.0  346.0
C98       c     -50170.53   -40489.12   441.0   1656.0     22058.0  882.0
C99       c     18468.02    10916.57    338.0   4436.0     23503.0  676.0
C100      c     -90185.78   -25206.06   156.0   2025.0     20955.0  312.0
F1        f     -20626.96   -11348.56   0.0     0.0        32400.0  0.0
F2        f     -91700.07   21578.75    0.0     0.0        32400.0  0.0
F3        f     41153.00    -58513.85   0.0     0.0        32400.0  0.0
F4        f     26071.46    24414.86    0.0     0.0        32400.0  0.0
F5        f     -37148.12   79570.33    0.0     0.0        32400.0  0.0
F6        f     -32289.83   -43218.39   0.0     0.0        32400.0  0.0
F7        f     2249.33     35763.62    0.0     0.0        32400.0  0.0
F8        f     52003.65    34392.13    0.0     0.0        32400.0  0.0
F9        f     50740.48    -42009.99   0.0     0.0        32400.0  0.0
F10       f     46050.49    -72019.96   0.0     0.0        32400.0  0.0
F11       f     -107469.74  -13811.69   0.0     0.0        32400.0  0.0

m numVeh /14/
m numPetrolVeh /7/
m numElectroVeh /7/

DistanceMatrix
0 77788 64818 69721 76472 90149 85507 101118 29428 40671 43160 61699 76704 54239 68538 78330 89032 100309 91981 81488 86878 61532 95915 70662 37626 92050 93119 14111 25424 92408 74558 20257 79909 62014 46329 62882 73059 43410 25451 92320 25382 42579 83421 55291 39572 95240 53226 91817 80296 92575 81846 59465 49301 74099 73726 10209 8379 91997 25307 81561 33937 85834 84524 58820 58786 76484 63759 61192 50363 77726 83795 100823 85428 86172 77675 77098 40933 43196 71867 7598 36107 93088 31675 99495 86859 88237 92717 72454 75370 83885 45950 78069 15240 65787 90972 66404 52373 33274 41497 44991 70926 0 78330 77726 58820 92408 33937 52373 85834 77675 90149 86878
77788 0 114976 104005 127787 111258 83245 90423 106519 84424 114090 38912 151010 131672 142576 100278 141386 45777 155797 80824 74491 116669 171685 145571 52870 114750 166244 74974 89402 157211 42330 73773 153575 138905 124021 131155 117972 111118 85849 167156 97490 100019 111437 23716 113399 161606 129636 168281 133457 138729 153800 102561 91202 107399 65414 80169 84780 143276 95571 121994 45812 160382 162053 135026 123170 149202 124716 138604 126250 107607 155214 176626 131755 153097 120543 142081 117560 54923 118938 85187 41825 48856 107106 138566 144111 25853 151199 149956 151922 152837 120120 149111 62811 143473 153929 135474 129772 72103 37742 119989 55838 77788 100278 107607 135026 157211 45812 129772 160382 120543 111258 74491
64818 114976 0 133131 133252 154423 61781 164780 55306 104953 36569 79211 106499 78073 101389 36112 143498 152193 136389 145521 71246 7492 116200 100378 97835 156079 122200 53663 86639 46155 85138 49866 110607 86488 64195 33369 133207 30528 88274 72547 44122 102383 147074 100679 83980 135966 56314 109834 18500 27843 116026 13377 23775 22652 65561 54706 67877 146745 42235 142388 87639 112629 96564 87918 109484 110324 18073 67219 84223 141386 118616 83606 143551 127786 138057 34053 76519 60054 131304 61266 81160 99193 76558 35374 138232 110124 142222 88403 97200 123009 86695 114932 72946 81496 136492 109472 62873 98005 80908 84067 71426 64818 36112 141386 87918 46155 87639 62873 112629 138057 154423 71246
69721 104005 133131 0 29116 22529 150194 54177 82464 29382 103323 113384 80098 82129 73733 147424 40632 93088 63401 39005 148583 128691 100663 78372 55484 23369 88039 83309 46563 150422 126012 89086 80026 82615 87107 121701 16932 106598 44907 134897 89525 32742 13986 83489 59793 71523 99590 101100 146572 160288 75849 129050 119009 143819 135044 79812 65327 41606 91040 18075 69005 87599 103813 76849 43882 74479 128078 99692 70896 8380 75664 138969 28877 65757 17524 136828 70195 103972 19449 71972 80312 142264 62780 168374 46875 126568 53800 94620 89374 69013 62757 70520 68712 92614 60839 57950 93878 40722 87087 65138 129131 69721 147424 8380 76849 150422 69005 93878 87599 17524 22529 148583
76472 127787 133252 29116 0 44084 161673 82059 78418 44325 99119 130534 57083 67759 52590 153983 13735 121588 34464 68066 162015 127586 75682 57154 75865 42553 61665 90534 51092 141392 143655 96706 55975 65289 76795 114951 12227 103838 51862 119456 89419 34026 34571 105533 50494 42790 89339 77308 143756 158649 50559 132063 123833 147848 148535 85325 69596 16127 91715 17244 87381 63053 82789 59889 26052 50650 124463 86180 56748 32472 49791 121541 10817 37962 13736 129562 60047 117062 9778 75776 97667 161117 56931 168418 17821 148301 24876 75725 68433 42178 50264 45590 81093 75732 31851 35864 82530 57452 104709 53077 144092 76472 153983 32472 59889 141392 87381 82530 63053 13736 44084 162015
90149 111258 154423 22529 44084 0 166928 40586 104801 49530 125558 127073 99830 104256 94162 166541 51046 90670 77538 33400 164185 150284 119424 98826 69237 3617 105711 103199 68342 172921 139015 108689 99238 104225 109605 144110 33232 128625 66253 157084 111259 55252 9853 93723 82235 86118 122107 120576 168401 181828 94293 149601 139092 163909 150817 100350 86567 50567 112604 27131 83467 106578 124529 98483 64592 93762 150118 122009 92961 14367 93700 160827 38184 81991 30374 159244 92648 120622 36418 93160 94970 153919 85303 189482 59791 135691 65699 115942 110026 86244 84949 89152 86937 114391 74844 77775 116344 58614 101256 87403 144055 90149 166541 14367 98483 172921 83467 116344 106578 30374 0 164185
85507 83245 61781 150194 161673 166928 0 161886 97041 121331 87677 46010 153984 126074 146992 27744 174471 128539 176150 146082 11558 68114 168548 147541 98174 169648 170770 71781 110644 106831 41334 65657 157846 135098 112756 93351 157020 81369 109866 133735 82332 127647 162574 82289 121530 178279 109701 162816 75525 72222 161654 49866 47716 41309 18188 77811 93112 177392 79239 164771 83966 161902 151094 134436 143829 155881 79279 121281 127918 157177 163992 144791 170096 169305 161343 95812 118342 46344 156255 87799 72679 45969 112979 66159 172302 66077 177996 140869 147857 165994 126742 158985 81735 133441 175427 149431 114461 109488 67310 124844 27566 85507 27744 157177 134436 106831 83966 114461 161902 161343 166928 11558
101118 90423 164780 54177 82059 40586 161886 0 123881 66863 142712 117202 133771 131739 126945 168242 90937 57109 116436 19866 156476 162298 154670 131509 67699 43624 142216 111117 87026 192130 126871 115224 133949 133901 133531 162421 70043 144084 83506 183163 125864 80522 48372 80422 108178 124840 145078 154803 181183 192588 129983 156977 145228 168990 144152 110702 100862 90770 126259 66373 80342 141575 156394 128194 97312 128403 164846 147772 121085 49593 129836 188677 78016 119666 68611 177243 117977 118050 72985 106605 90479 138221 108400 197900 99030 116273 105379 146330 142179 123144 112680 124636 91938 143259 113783 111752 140635 68418 94893 114601 135784 101118 168242 49593 128194 192130 80342 140635 141575 68611 40586 156476
29428 106519 55306 82464 78418 104801 97041 123881 0 57748 21056 85277 56945 29559 50058 81442 88244 129287 82194 104025 101590 49279 72737 50502 65796 105833 73747 33075 37364 68719 97093 36929 60808 38483 18087 39393 79618 25420 40518 63194 14712 49960 96349 84527 28675 82847 23850 67612 65472 80235 64830 56391 51209 72496 89918 26850 24854 91499 17802 88979 63365 65016 58055 37404 54186 59026 46332 32091 31164 90839 67244 71437 88934 74192 84482 54526 22094 63916 77404 21832 64701 115398 21487 90148 82957 114456 87129 46417 51723 70101 31831 62579 44629 39147 82033 54999 23266 56117 69277 29389 89888 29428 81442 90839 37404 68719 63365 23266 65016 84482 104801 101590
40671 84424 104953 29382 44325 49530 121331 66863 57748 0 77672 86796 74109 65892 66111 118047 58058 86462 71641 47233 120294 100999 95845 70206 31784 51380 86743 54022 20409 126453 99802 59737 75550 69373 66691 96965 36645 80071 17383 116405 62269 17468 42834 61577 42305 77961 78237 94331 119339 132464 73827 100135 89830 114659 106729 50853 37213 60352 63395 43611 43113 83106 93000 63933 40517 70367 101480 81114 55950 37157 74661 122295 50460 69886 40530 112031 51555 75369 36619 43740 53680 116990 41606 139957 59817 104070 66849 81939 79630 70636 47681 68621 39615 77893 69664 54495 73802 13153 60693 49156 101397 40671 118047 37157 63933 126453 43113 73802 83106 40530 49530 120294
43160 114090 36569 103323 99119 125558 87677 142712 21056 77672 0 86464 70280 41690 64885 67600 108420 142510 99907 122867 94281 29743 81791 64056 80749 126686 86344 39605 57539 49517 96612 40339 74371 50325 27736 19814 100651 6550 60290 53429 17937 70954 117249 94221 48810 99397 22040 75747 44640 59698 79589 41068 39961 56559 84377 35890 41878 111691 18967 110020 75193 76902 63509 51425 74296 73855 25361 33622 47715 111703 82164 63517 109724 91233 105512 34540 40442 64315 98404 36537 73468 113960 42323 70239 102535 117483 106171 53823 61819 86441 50720 78379 56773 46538 100077 73132 27415 74325 76412 48003 86582 43160 67600 111703 51425 49517 75193 27415 76902 105512 125558 94281
61699 38912 79211 113384 130534 127073 46010 117202 85277 86796 86464 0 138258 113988 130174 61383 144125 83033 151989 102696 39330 82130 156784 132115 58182 130136 154776 52415 82533 123791 13207 48426 141548 122422 103329 100616 123424 82022 80297 139590 72796 97742 124266 36844 101256 156054 105618 152209 97380 101076 143533 66149 55832 69078 27822 59032 70044 146661 70143 129860 44379 147282 143323 119858 118252 138182 91476 116154 111689 119299 145455 149920 137254 147033 127151 109375 102022 22152 123383 67421 33194 31502 93338 100060 144178 31510 150718 131580 135897 145197 107645 139675 50812 124392 150670 127561 107685 73771 26305 106619 18750 61699 61383 119299 119858 123791 44379 107685 147282 127151 127073 39330
76704 151010 106499 80098 57083 99830 153984 133771 56945 74109 70280 138258 0 28643 8436 137171 57724 160449 36309 116386 158366 99294 21736 6443 100296 98860 16845 86622 62012 97375 150912 91774 4112 20011 42607 77917 66634 76722 65880 67365 71652 56773 89990 127342 37779 32199 50825 21033 110275 125900 10603 111034 107618 126775 146368 79877 68489 60501 74746 74102 105211 9376 26235 19554 36465 6797 91872 41746 26721 86423 13160 66983 66503 26656 70027 89640 36514 118415 63445 70884 111226 169453 45059 137921 48220 164544 47718 22815 13071 20456 31088 12841 89750 27035 37794 22165 43808 82464 117408 31731 145516 76704 137171 86423 19554 97375 105211 43808 9376 70027 99830 158366
54239 131672 78073 82129 67759 104256 126074 131739 29559 65892 41690 113988 28643 0 23431 108578 73694 148186 59901 112611 131013 70966 43198 22369 84932 104279 45033 61583 48042 74540 126136 66057 32714 9024 13971 51187 73405 48101 52179 52834 44006 51285 94693 108580 23637 58333 23716 38258 83048 98669 37955 82393 79242 98139 119461 54961 46895 76903 47096 82443 86446 35887 30383 10051 41814 32275 64159 18420 11333 89921 40549 57091 78500 50688 77866 64378 14965 93075 70490 47298 90270 144553 25944 110304 65991 142159 68167 18285 22173 45414 19391 37150 68887 12356 60499 34911 16386 70028 95723 17191 119392 54239 108578 89921 10051 74540 86446 16386 35887 77866 104256 131013
68538 142576 101389 73733 52590 94162 146992 126945 50058 66111 64885 130174 8436 23431 0 131007 55105 152319 37178 109201 151058 94339 29882 4664 91902 93423 24612 78794 53594 95766 142893 84074 11374 16121 37195 74294 61199 71193 57479 68352 64746 48895 84311 118907 29405 34949 46834 28325 106371 122004 14844 105156 101118 121057 138891 72056 60278 58096 67820 69191 96781 17812 30410 13472 29851 9037 87568 39145 19128 80436 17352 69315 62591 27674 64925 86875 28877 110553 58030 62891 102861 161439 36864 133716 46183 156230 46944 23553 15924 22099 22744 13768 81411 25461 38120 16733 39565 74172 109081 23556 137794 68538 131007 80436 13472 95766 96781 39565 17812 64925 94162 151058
78330 100278 36112 147424 153983 166541 27744 168242 81442 118047 67600 61383 137171 108578 131007 0 165809 143283 163369 150591 38745 43178 149359 130804 101124 168833 153584 64332 103515 79617 61982 58393 141201 117469 94697 69184 151345 61050 103781 108645 67253 120585 160762 93070 108742 164287 89286 143243 48050 44686 145851 26648 30571 13982 38153 68820 84481 168923 64377 159891 87910 144274 130586 117806 133071 140041 54161 100723 112487 155128 148340 119697 163409 155596 155990 69539 103523 50786 150047 78208 78027 71397 100410 40032 162166 88077 167136 121378 129376 151535 112965 143919 79671 114130 163033 136175 95014 107928 74680 110683 46809 78330 0 155128 117806 79617 87910 95014 144274 155990 166541 38745
89032 141386 143498 40632 13735 51046 174471 90937 88244 58058 108420 144125 57724 73694 55105 165809 0 133715 27356 78745 175125 137508 73569 59304 89587 48723 58431 102991 63845 148186 157265 109171 55695 69672 84302 123040 24124 113542 64941 123392 100185 47037 42565 119231 59666 35965 96496 76328 152947 168117 49288 143146 135445 159084 161688 97516 81817 3276 102654 24636 101098 61890 83959 64782 34127 50945 133582 91881 63376 42019 47861 124280 12925 33952 23292 137240 68327 130265 22587 87774 111328 174789 66958 178370 9954 162029 14703 78653 70205 39491 58119 45119 94412 79930 24684 39269 89388 71180 118371 60936 157445 89032 165809 42019 64782 148186 101098 89388 61890 23292 51046 175125
100309 45777 152193 93088 121588 90670 128539 57109 129287 86462 142510 83033 160449 148186 152319 143283 133715 0 154589 57342 120166 152336 182165 156237 63777 94252 173125 103560 100452 190036 88033 104797 161998 153482 144432 161579 109763 141261 96310 192473 124631 103924 94800 51613 125979 161981 153093 180304 170502 178100 160204 141047 129032 148588 110483 106621 104606 134645 123619 110243 67350 169526 177479 148503 126525 156829 158518 159715 139920 93067 160928 200536 121752 154730 110549 174530 133222 94119 111828 107745 71283 93555 122245 179733 139366 69233 146463 165773 164974 156310 132219 154946 85805 160541 152231 140838 151163 78638 71381 133067 100983 100309 143283 93067 148503 190036 67350 151163 169526 110549 90670 120166
91981 155797 136389 63401 34464 77538 176150 116436 82194 71641 99907 151989 36309 59901 37178 163369 27356 154589 0 102406 178575 129648 47849 40145 102927 75505 32242 104813 69503 132882 165165 110776 33128 53289 72924 111087 46657 105867 72061 103653 96118 55919 68462 132517 54837 8633 83605 51609 142825 158412 26061 138578 132867 154676 165603 98481 83799 29044 99001 50461 112075 37635 61501 49900 33749 29895 123744 76323 52192 66853 23888 102784 39592 9680 47837 123986 60185 135113 43957 88519 120843 183412 63343 169775 17812 173842 13385 59042 49372 15855 50428 23878 101180 62365 2701 27209 76279 83696 127739 52804 162845 91981 163369 66853 49900 132882 112075 76279 37635 47837 77538 178575
81488 80824 145521 39005 68066 33400 146082 19866 104025 47233 122867 102696 116386 112611 109201 150591 78745 57342 102406 0 141538 142837 137668 113681 49484 37004 125992 91898 67260 172270 113395 96243 116888 115200 113920 142564 55841 124305 63691 163634 106090 61659 37774 66699 88986 110504 125352 137350 161689 173358 113441 138125 126526 150609 128755 91190 81034 79193 106542 54366 62907 124567 138110 109550 80023 111374 145151 128307 102159 36854 113535 169374 66159 104503 55521 157402 98611 101110 58452 86832 73673 126443 88834 179027 85722 106187 92517 127710 124081 107389 93759 108055 72948 124319 99842 94673 121033 48610 78773 95560 120879 81488 150591 36854 109550 172270 62907 121033 124567 55521 33400 141538
86878 74491 71246 148583 162015 164185 11558 156476 101590 120294 94281 39330 158366 131013 151058 38745 175125 120166 178575 141538 0 77149 173933 151939 94979 167060 175208 73766 111394 116899 32162 67858 162123 140006 118103 101701 156555 88199 110195 142299 87009 128096 160452 76172 124486 181227 116128 168416 85936 83407 165524 58700 54678 51875 13565 80180 94868 177943 83918 163904 80727 166599 157210 138905 145648 159810 88245 127651 131930 155200 167777 153312 169945 172188 160704 105263 122210 45036 156020 90093 69235 34581 115969 77661 173603 55633 179571 146576 153045 169232 130053 162545 81110 139127 177688 152274 120399 107938 63205 128343 20702 86878 38745 155200 138905 116899 80727 120399 166599 160704 164185 0
61532 116669 7492 128691 127586 150284 68114 162298 49279 100999 29743 82130 99294 70966 94339 43178 137508 152336 129648 142837 77149 0 108742 93218 96037 151808 114891 51502 82128 41812 88979 48440 103405 79286 57157 26044 128025 24030 84030 65733 39202 97410 142669 101108 77867 129027 48938 102365 18915 31603 108915 18460 26334 29983 70594 51653 63787 140767 37683 137279 86672 105302 89076 80869 103416 103239 11167 59770 77456 137003 111514 76799 138000 120938 132888 28394 70034 61948 126018 57282 81063 103800 70706 40869 131980 113402 135794 80974 89836 116066 80272 107940 70954 74106 129818 102855 55585 94803 81461 77598 75817 61532 43178 137003 80869 41812 86672 55585 105302 132888 150284 77149
95915 171685 116200 100663 75682 119424 168548 154670 72737 95845 81791 156784 21736 43198 29882 149359 73569 182165 47849 137668 173933 108742 0 26275 121625 118145 15674 104505 83257 98172 169114 109171 20780 34440 55851 84633 86245 88332 87207 62977 87037 78503 109666 148107 58321 40590 60162 6657 116675 131959 25142 122753 121154 137810 162572 97811 87961 75882 90107 92925 125887 13107 20805 37095 57649 26303 99810 48985 45666 106512 25977 59063 84052 39680 89167 93686 54987 136155 83077 89513 131259 187582 64786 144616 63627 184142 61037 27983 21026 34129 51614 30291 109695 35269 50139 43004 54405 104046 137189 51708 162589 95915 149359 106512 37095 98172 125887 54405 13107 89167 119424 173933
70662 145571 100378 78372 57154 98826 147541 131509 50502 70206 64056 132115 6443 22369 4664 130804 59304 156237 40145 113681 151939 93218 26275 0 95354 98082 23270 80342 56983 92793 144717 85441 10399 14022 36339 72319 65855 70470 60942 64379 65209 53108 88975 121950 32175 37057 45028 24125 104588 120224 15834 104716 101200 120497 139966 73596 62507 62246 68303 73813 99759 15175 25759 13113 34493 10513 86016 36526 20452 85096 18461 64994 67075 30497 69562 84447 30216 112139 62684 64704 105475 163254 39105 132126 50205 158668 50575 19443 11294 24569 25453 16287 83950 22235 41310 21329 37895 77898 111570 25816 139178 70662 130804 85096 13113 92793 99759 37895 15175 69562 98826 151939
37626 52870 97835 55484 75865 69237 98174 67699 65796 31784 80749 58182 100296 84932 91902 101124 89587 63777 102927 49484 94979 96037 121625 95354 0 72179 114712 44555 38376 129762 70606 47979 102476 90847 80657 100396 67078 80583 34426 128956 62874 47194 66085 29795 63753 108790 89496 118968 114931 125486 102017 89411 77577 101311 81669 45618 40976 91731 62442 72564 14262 109634 114764 86222 70462 97770 99990 95938 77460 61135 103247 136818 81045 100357 70313 114349 70033 52254 67577 44706 25744 86812 59055 130311 91600 72449 98622 102850 103041 100352 70308 97124 25109 97253 101068 83240 87392 19233 32077 70745 74824 37626 101124 61135 86222 129762 14262 87392 109634 70313 69237 94979
92050 114750 156079 23369 42553 3617 169648 43624 105833 51380 126686 130136 98860 104279 93423 168833 48723 94252 75505 37004 167060 151808 118145 98082 72179 0 104212 105260 69730 173695 142155 110826 98126 103935 110061 145054 32252 129907 67818 157108 112701 56043 9647 97030 82609 84114 122620 119485 169809 183384 93004 151515 141134 165962 153661 102231 88202 48068 114128 25376 86377 105385 123827 98216 64071 92685 151395 122180 92958 14995 92319 160613 35972 80292 28980 160177 93026 123318 35436 94821 97884 157183 86015 191219 57708 139110 63418 115497 109326 84719 85056 87927 89323 114175 72805 76909 116723 60960 104235 87567 146999 92050 168833 14995 98216 173695 86377 116723 105385 28980 3617 167060
93119 166244 122200 88039 61665 105711 170770 142216 73747 86743 86344 154776 16845 45033 24612 153584 58431 173125 32242 125992 175208 114891 15674 23270 114712 104212 0 103355 76865 109270 167504 108564 13249 36116 58889 92409 72802 92847 80536 76011 88446 69285 96076 142531 53776 24928 66019 20277 124824 140369 12921 127298 124238 142904 163209 96612 84833 60608 91542 78855 120569 9663 32658 36343 46775 17044 106921 55939 43499 93315 12461 73295 69405 24492 75338 103075 53298 135132 69691 87500 127106 186050 61447 152674 48478 180591 45510 35063 25320 19497 47215 18215 105756 41099 34590 32288 59328 96283 133432 48159 162304 93119 153584 93315 36343 109270 120569 59328 9663 75338 105711 175208
14111 74974 53663 83309 90534 103199 71781 111117 33075 54022 39605 52415 86622 61583 78794 64332 102991 103560 104813 91898 73766 51502 104505 80342 44555 105260 103355 0 39526 86549 64609 6180 90111 70088 51159 58099 87145 37738 39497 92215 22517 56682 96855 54615 50976 107553 54997 99825 70410 81480 92775 46733 35894 60711 60904 6746 21333 105984 20731 95589 36338 95436 90998 67777 72092 87203 55723 64721 59905 91179 94891 101660 99538 98497 91742 71037 50126 31797 85975 16359 33878 83086 42563 87390 100533 81403 106223 79193 83558 95754 56869 89408 19454 72052 103951 78596 56018 45136 37247 55442 59061 14111 64332 91179 67777 86549 36338 56018 95436 91742 103199 73766
25424 89402 86639 46563 51092 68342 110644 87026 37364 20409 57539 82533 62012 48042 53594 103515 63845 100452 69503 67260 111394 82128 83257 56983 38376 69730 76865 39526 0 106082 95727 45680 64342 53033 46950 76660 47868 60313 4149 96751 42976 17156 60541 65686 25581 73979 58106 80625 100083 113726 64403 83217 73908 98477 98024 34709 19258 66749 44486 56613 43899 71373 77030 48135 35755 59833 81800 61780 39484 54880 65857 103172 60018 65078 52569 91756 33146 66760 46536 25848 51609 113919 22413 121947 62342 105068 68570 65341 64819 64012 32010 59772 31734 60362 68142 46396 54062 21990 58395 32655 94276 25424 103515 54880 48135 106082 43899 54062 71373 52569 68342 111394
92408 157211 46155 150422 141392 172921 106831 192130 68719 126453 49517 123791 97375 74540 95766 79617 148186 190036 132882 172270 116899 41812 98172 92793 129762 173695 109270 86549 106082 0 130780 85364 101171 79760 64669 29725 145280 49195 109161 38048 67028 117681 164095 139910 91875 129567 52061 91560 31734 41680 107974 59443 68116 65680 111715 84240 91376 151409 67320 154628 122885 99946 77485 83898 115375 103227 32534 56754 84913 158740 110531 47421 152208 123271 150021 15512 81702 103086 142660 86018 119260 145303 87685 54370 140503 155151 142349 74844 84920 117352 91152 109076 105168 70563 133886 109391 58917 123800 120764 88354 117435 92408 79617 158740 83898 0 122885 58917 99946 150021 172921 116899
74558 42330 85138 126012 143655 139015 41334 126871 97093 99802 96612 13207 150912 126136 142893 61982 157265 88033 165165 113395 32162 88979 169114 144717 70606 142155 167504 64609 95727 130780 0 60171 154262 134694 115044 109403 136397 91721 93504 149149 84057 110940 136583 46740 114129 169172 116565 164394 102691 104495 156397 71785 62792 71833 24353 71309 82928 159781 81269 142686 57093 159866 155117 132319 131434 151000 99004 127378 124269 131721 158354 159699 150259 160142 140061 116950 114551 33197 136412 80028 46126 18546 106117 101837 157378 26115 163924 143502 148161 158233 120458 152612 63999 136236 163858 140619 119070 86731 39140 119353 15176 74558 61982 131721 132319 130780 57093 119070 159866 140061 139015 32162
20257 73773 49866 89086 96706 108689 65657 115224 36929 59737 40339 48426 91774 66057 84074 58393 109171 104797 110776 96243 67858 48440 109171 85441 47979 110826 108564 6180 45680 85364 60171 0 95341 74732 54932 57770 93229 37499 45566 93617 24641 62836 102540 54681 56684 113377 57584 104305 67222 77516 98220 41913 30618 55314 55138 12322 27479 112164 22258 101619 38279 100462 94977 72713 78182 92598 53750 67833 65066 96879 100382 103396 105680 104333 97806 69894 55267 27026 92091 22257 33936 78520 48206 82788 106682 78305 112340 83332 88165 101468 62426 94980 23302 76076 109952 84421 59293 50332 36178 60884 53741 20257 58393 96879 72713 85364 38279 59293 100462 97806 108689 67858
79909 153575 110607 80026 55975 99238 157846 133949 60808 75550 74371 141548 4112 32714 11374 141201 55695 161998 33128 116888 162123 103405 20780 10399 102476 98126 13249 90111 64342 101171 154262 95341 0 24121 46683 81988 66006 80807 68126 70579 75520 58118 89428 129879 40679 28507 54928 21362 114358 129980 7077 115095 111589 130853 150054 83370 71642 58360 78610 73132 107820 7688 28602 23480 36871 5548 95976 45763 30290 86071 9462 69744 65035 23579 69185 93621 40084 121886 62822 74253 114106 172808 48234 142017 46011 167527 45006 26425 16452 17335 34063 10602 92695 30994 34780 22230 47919 84379 120371 34930 149077 79909 141201 86071 23480 101171 107820 47919 7688 69185 99238 162123
62014 138905 86488 82615 65289 104225 135098 133901 38483 69373 50325 122422 20011 9024 16121 117469 69672 153482 53289 115200 140006 79286 34440 14022 90847 103935 36116 70088 53033 79760 134694 74732 24121 0 22773 58360 72264 56796 57173 54174 52998 53543 94486 115594 27544 50870 31014 29853 90585 106222 29850 91200 88236 106864 128400 63410 54338 72789 56090 80945 93367 26885 23998 5768 40106 24391 71995 23053 13585 90042 32476 56711 75796 43794 76461 70763 21345 101715 69209 55341 97819 153151 32014 118105 61286 150189 62659 12570 13475 38141 21693 29785 76305 10444 54175 30404 23876 74904 103485 20463 128208 62014 117469 90042 5768 79760 93367 23876 26885 76461 104225 140006
46329 124021 64195 87107 76795 109605 112756 133531 18087 66691 27736 103329 42607 13971 37195 94697 84302 144432 72924 113920 118103 57157 55851 36339 80657 110061 58889 51159 46950 64669 115044 54932 46683 22773 0 38840 80735 34131 50834 49803 31449 54698 100415 101606 27499 71903 12668 50338 69958 85513 51858 68446 65603 84170 106908 44874 40246 87564 34465 90048 79957 49605 40079 23723 50858 46136 50821 15284 21203 95267 54438 56520 87610 63966 85436 52956 17138 81848 78057 38846 82218 133281 25158 96877 77371 132521 80247 28684 35106 58946 26532 50787 61527 21289 73309 46824 7119 68177 87065 23717 107402 46329 94697 95267 23723 64669 79957 7119 49605 85436 109605 118103
62882 131155 33369 121701 114951 144110 93351 162421 39393 96965 19814 100616 77917 51187 74294 69184 123040 161579 111087 142564 101701 26044 84633 72319 100396 145054 92409 58099 76660 29725 109403 57770 81988 58360 38840 0 117713 20372 79621 40637 37527 89037 135517 112387 64577 109206 27491 78091 32423 48011 88138 43542 47780 56002 93752 55135 61651 126309 38095 127105 94238 82747 64358 61197 89296 82750 15582 36472 60024 130063 90767 51620 125721 101827 122529 15138 54939 78840 115261 56348 91597 125662 59387 60276 116212 132086 118994 57558 67089 96393 64984 88056 76110 51340 111668 85559 34810 94076 93857 62156 97660 62882 69184 130063 61197 29725 94238 34810 82747 122529 144110 101701
73059 117972 133207 16932 12227 33232 157020 70043 79618 36645 100651 123424 66634 73405 61199 151345 24124 109763 46657 55841 156555 128025 86245 65855 67078 32252 72802 87145 47868 145280 136397 93229 66006 72264 80735 117713 0 104797 47665 126007 89085 31033 23430 96336 53409 54916 93403 87345 145009 159471 61139 130795 121754 146239 143001 82571 67071 25532 91079 9393 79490 73361 91609 66617 32169 60531 125947 91657 62100 20581 60642 128963 13968 49666 4868 132636 63615 111528 3189 73574 90272 153415 58463 168568 29943 139378 36880 83530 77114 53444 54677 55957 75479 82622 44059 44658 87005 49666 97262 57364 137935 73059 151345 20581 66617 145280 79490 87005 73361 4868 33232 156555
43410 111118 30528 106598 103838 128625 81369 144084 25420 80071 6550 82022 76722 48101 71193 61050 113542 141261 105867 124305 88199 24030 88332 70470 80583 129907 92847 37738 60313 49195 91721 37499 80807 56796 34131 20372 104797 0 62740 57572 18221 74607 120571 92043 53880 105564 28468 82273 40224 54822 85939 34523 33684 50068 78596 35048 43390 116806 18158 114122 73944 83422 69950 57754 79431 80186 21493 40034 53720 114967 88504 67997 114342 97309 109665 33767 46039 59947 102665 37480 71249 108786 46907 64840 107951 113278 111788 60360 68365 92619 56257 84613 55998 53084 105964 78950 33964 75700 73657 53598 81183 43410 61050 114967 57754 49195 73944 33964 83422 109665 128625 88199
25451 85849 88274 44907 51862 66253 109866 83506 40518 17383 60290 80297 65880 52179 57479 103781 64941 96310 72061 63691 110195 84030 87207 60942 34426 67818 80536 39497 4149 109161 93504 45566 68126 57173 50834 79621 47665 62740 0 100613 45067 17904 58815 62145 29700 76849 61799 84658 102206 115583 67983 84262 74565 99278 96748 35234 20422 67748 46351 56110 40582 75228 81170 52252 38392 63528 84180 65749 43618 53122 69367 107153 60311 68029 52245 94670 37270 65333 46593 27065 48794 111565 26490 123477 64043 102052 70463 69489 68905 67222 36087 63262 29707 64503 70590 49700 57936 17849 55678 36780 92644 25451 103781 53122 52252 109161 40582 57936 75228 52245 66253 110195
92320 167156 72547 134897 119456 157084 133735 183163 63194 116405 53429 139590 67365 52834 68352 108645 123392 192473 103653 163634 142299 65733 62977 64379 128956 157108 76011 92215 96751 38048 149149 93617 70579 54174 49803 40637 126007 57572 100613 0 69711 103410 147526 146444 75494 98797 39482 56644 64764 77871 77655 83871 88349 94958 134336 87450 87981 126421 71589 134886 126090 67473 43354 59600 94017 73952 54591 35456 64150 142742 79986 11067 129966 94017 130352 40188 65344 117496 123024 84796 125931 165858 74800 90897 114527 170794 114865 44943 54295 87800 72151 80067 107279 43736 105156 84308 42688 117789 129415 69766 137964 92320 108645 142742 59600 38048 126090 42688 67473 130352 157084 142299
25382 97490 44122 89525 89419 111259 82332 125864 14712 62269 17937 72796 71652 44006 64746 67253 100185 124631 96118 106090 87009 39202 87037 65209 62874 112701 88446 22517 42976 67028 84057 24641 75520 52998 31449 37527 89085 18221 45067 69711 0 58294 103508 76878 41636 97163 32945 81707 57147 70803 79494 43050 36800 59101 75541 18069 25276 103394 3098 98271 57363 79661 71388 52106 66572 73696 39303 43370 45778 97853 81890 79157 99584 88401 93935 51746 36458 50922 87197 19260 56257 102124 33512 79488 95657 102943 100266 60133 66081 84516 45716 77126 38855 52727 95807 68922 35015 57489 59757 43470 75971 25382 67253 97853 52106 67028 57363 35015 79661 93935 111259 87009
42579 100019 102383 32742 34026 55252 127647 80522 49960 17468 70954 97742 56773 51285 48895 120585 47037 103924 55919 61659 128096 97410 78503 53108 47194 56043 69285 56682 17156 117681 110940 62836 58118 53543 54698 89037 31033 74607 17904 103410 58294 0 46483 76629 27926 61597 67043 77197 114795 128962 56373 99762 90801 115225 114651 51766 36141 49851 60177 40054 56278 65699 76667 47909 23399 52908 95990 67973 40566 41067 57247 108346 42870 53194 35825 104149 38121 83232 29500 42585 65560 128818 30062 137757 46438 118051 53052 66066 62923 53507 32160 51189 47478 62742 54190 37066 61606 28007 72560 34108 110491 42579 120585 41067 47909 117681 56278 61606 65699 35825 55252 128096
83421 111437 147074 13986 34571 9853 162574 48372 96349 42834 117249 124266 89990 94693 84311 160762 42565 94800 68462 37774 160452 142669 109666 88975 66085 9647 96076 96855 60541 164095 136583 102540 89428 94486 100415 135517 23430 120571 58815 147526 103508 46483 0 92442 72963 76985 112977 110756 160558 174264 84548 142834 132653 157479 146972 93558 79236 42458 105011 18063 80085 96792 114682 88753 54768 83944 142048 112558 83379 5701 84001 151129 29644 72532 20837 150632 83380 116241 26609 85875 91554 152186 76411 182292 50846 135113 57047 106147 100179 76639 75444 79383 81574 104688 65781 67925 107077 53265 98116 77943 140651 83421 160762 5701 88753 164095 80085 107077 96792 20837 9853 160452
55291 23716 100679 83489 105533 93723 82289 80422 84527 61577 94221 36844 127342 108580 118907 93070 119231 51613 132517 66699 76172 101108 148107 121950 29795 97030 142531 54615 65686 139910 46740 54681 129879 115594 101606 112387 96336 92043 62145 146444 76878 76629 92442 0 89793 138149 108072 144811 119053 126492 130086 89434 77425 97359 64246 58994 61802 121294 75319 101160 22249 136716 138950 111581 99647 125490 107869 116466 102785 88064 131506 155493 110264 129571 99282 124488 94263 42849 97032 62836 20795 60275 83680 128375 121394 43117 128417 126857 128499 129202 96510 125405 40080 120536 130714 111797 107638 48905 19782 96446 55537 55291 93070 88064 111581 139910 22249 107638 136716 99282 93723 76172
39572 113399 83980 59793 50494 82235 121530 108178 28675 42305 48810 101256 37779 23637 29405 108742 59666 125979 54837 88986 124486 77867 58321 32175 63753 82609 53776 50976 25581 91875 114129 56684 40679 27544 27499 64577 53409 53880 29700 75494 41636 27926 72963 89793 0 56785 40134 55283 93422 108493 42277 84578 78183 100670 111819 44382 31212 62931 44408 62769 67589 47109 51520 22554 25551 36970 74081 40079 13960 67876 44229 80514 61212 47783 58166 79361 10418 82348 50828 34661 73456 132660 8551 118716 54303 126848 58665 39990 39291 44787 6722 38558 52017 35595 54354 27902 34117 47369 79692 7090 109924 39572 108742 67876 22554 91875 67589 34117 47109 58166 82235 124486
95240 161606 135966 71523 42790 86118 178279 124840 82847 77961 99397 156054 32199 58333 34949 164287 35965 161981 8633 110504 181227 129027 40590 37057 108790 84114 24928 107553 73979 129567 169172 113377 28507 50870 71903 109206 54916 105564 76849 98797 97163 61597 76985 138149 56785 0 81771 44932 141320 156953 21596 138978 133954 155015 168456 101056 86929 37562 100134 59017 117262 31627 55910 48299 38561 26546 122492 73579 51998 75247 19065 97178 48220 9070 56291 121504 60765 138431 52128 91194 125573 187545 65330 168636 26440 178894 21739 54927 44949 12960 51627 21188 105372 59103 11331 28958 74513 89583 132374 53720 166148 95240 164287 75247 48299 129567 117262 74513 31627 56291 86118 181227
53226 129636 56314 99590 89339 122107 109701 145078 23850 78237 22040 105618 50825 23716 46834 89286 96496 153093 83605 125352 116128 48938 60162 45028 89496 122620 66019 54997 58106 52061 116565 57584 54928 31014 12668 27491 93403 28468 61799 39482 32945 67043 112977 108072 40134 81771 0 53970 59578 75216 60861 62647 61986 77657 105867 49471 48525 99745 35486 102714 87149 56401 41482 33709 63343 55384 41050 11582 33127 107787 63488 47599 100156 74336 98102 40848 29801 83606 90721 45642 87936 134367 37151 87110 89249 135887 91740 32209 40898 68927 39091 60601 68369 25186 84215 58350 7330 78599 92070 36295 107489 53226 89286 107787 33709 52061 87149 7330 56401 98102 122107 116128
91817 168281 109834 101100 77308 120576 162816 154803 67612 94331 75747 152209 21033 38258 28325 143243 76328 180304 51609 137350 168416 102365 6657 24125 118968 119485 20277 99825 80625 91560 164394 104305 21362 29853 50338 78091 87345 82273 84658 56644 81707 77197 110756 144811 55283 44932 53970 0 110077 125339 27092 116612 115305 131558 157230 93179 84033 78816 84753 94485 122563 14447 14149 33259 57493 26814 93321 42669 42032 107320 28488 53201 86194 42853 90547 87036 50954 131327 84158 85193 127479 182810 61178 138015 66466 180025 64500 21968 16449 36926 48667 31754 105925 29377 53728 43150 48447 101850 133247 48429 157494 91817 143243 107320 33259 91560 122563 48447 14447 90547 120576 168416
80296 133457 18500 146572 143756 168401 75525 181183 65472 119339 44640 97380 110275 83048 106371 48050 152947 170502 142825 161689 85936 18915 116675 104588 114931 169809 124824 70410 100083 31734 102691 67222 114358 90585 69958 32423 145009 40224 102206 64764 57147 114795 160558 119053 93422 141320 59578 110077 0 15637 120421 31231 42258 34222 81919 70501 82158 156222 55952 154342 105365 115162 96142 93099 118849 114962 19367 68892 91041 154922 123048 75443 154346 133722 149877 24702 84706 78537 142851 75751 99341 115875 86903 27946 146775 128025 150053 89916 99504 128439 94983 120136 89859 83763 143260 116703 66808 113539 99301 92207 88531 80296 48050 154922 93099 31734 105365 66808 115162 149877 168401 85936
92575 138729 27843 160288 158649 181828 72222 192588 80235 132464 59698 101076 125900 98669 122004 44686 168117 178100 158412 173358 83407 31603 131959 120224 125486 183384 140369 81480 113726 41680 104495 77516 129980 106222 85513 48011 159471 54822 115583 77871 70803 128962 174264 126492 108493 156953 75216 125339 15637 0 136056 37098 49199 32720 81875 82503 95278 171389 69259 168755 114870 130710 111333 108720 133994 130600 34745 84457 106544 168595 138684 88142 169164 149333 164338 38847 100003 84413 157405 88724 107712 115690 101721 13048 162117 130449 165505 105410 115054 144068 110291 135768 100700 99337 158822 132198 82443 125804 106755 107533 89639 92575 44686 168595 108720 41680 114870 82443 130710 164338 181828 83407
81846 153800 116026 75849 50559 94293 161654 129983 64830 73827 79589 143533 10603 37955 14844 145851 49288 160204 26061 113441 165524 108915 25142 15834 102017 93004 12921 92775 64403 107974 156397 98220 7077 29850 51858 88138 61139 85939 67983 77655 79494 56373 84548 130086 42277 21596 60861 27092 120421 136056 0 119981 115941 135861 153218 86070 73489 51847 82559 67797 108238 12651 35540 28189 33910 5813 101835 52173 33742 81482 2628 76760 59157 16558 64025 100103 43345 124412 57979 76647 115121 174932 50350 147953 39482 168692 38111 33374 23477 10327 35982 5388 93932 37567 27759 19370 53714 83477 121566 37341 151836 81846 145851 81482 28189 107974 108238 53714 12651 64025 94293 165524
59465 102561 13377 129050 132063 149601 49866 156977 56391 100135 41068 66149 111034 82393 105156 26648 143146 141047 138578 138125 58700 18460 122753 104716 89411 151515 127298 46733 83217 59443 71785 41913 115095 91200 68446 43542 130795 34523 84262 83871 43050 99762 142834 89434 84578 138978 62647 116612 31231 37098 119981 0 12127 16109 52347 49288 63988 146338 40495 139742 78157 117913 103941 91825 109622 114189 29548 74075 86992 137134 122508 94925 141994 130454 135580 46754 78413 47767 129158 57371 70655 85863 76554 40924 138705 96881 143243 94770 102887 126116 88212 118315 65181 87551 138421 111390 68462 91861 69678 85778 58056 59465 26648 137134 91825 59443 78157 68462 117913 135580 149601 58700
49301 91202 23775 119009 123833 139092 47716 145228 51209 89830 39961 55832 107618 79242 101118 30571 135445 129032 132867 126526 54678 26334 121154 101200 77577 141134 124238 35894 73908 68116 62792 30618 111589 88236 65603 47780 121754 33684 74565 88349 36800 90801 132653 77425 78183 133954 61986 115305 42258 49199 115941 12127 0 24830 45987 39331 54683 138582 33872 130510 66101 115121 103404 88113 102532 110129 36232 73567 82362 126965 118388 99255 133460 125202 126474 54166 73211 36280 120299 48223 58530 78199 69840 52767 131639 87068 136570 93338 100663 121274 82501 113787 53677 85938 132499 105690 66874 80916 57651 80270 50135 49301 30571 126965 88113 68116 66101 66874 115121 126474 139092 54678
74099 107399 22652 143819 147848 163909 41309 168990 72496 114659 56559 69078 126775 98139 121057 13982 159084 148588 154676 150609 51875 29983 137810 120497 101311 165962 142904 60711 98477 65680 71833 55314 130853 106864 84170 56002 146239 50068 99278 94958 59101 115225 157479 97359 100670 155015 77657 131558 34222 32720 135861 16109 24830 0 49219 64066 79220 162265 56488 155086 89031 133450 118562 107680 125657 130081 40702 88895 103019 151790 138403 105992 157674 146520 150992 55621 94503 54526 144691 72671 80258 83137 92613 31234 154755 97849 159333 109866 118266 142135 104320 134292 78086 102760 154527 127493 83787 105646 78051 101880 56927 74099 13982 151790 107680 65680 89031 83787 133450 150992 163909 51875
73726 65414 65561 135044 148535 150817 18188 144152 89918 106729 84377 27822 146368 119461 138891 38153 161688 110483 165603 128755 13565 70594 162572 139966 81669 153661 163209 60904 98024 111715 24353 55138 150054 128400 106908 93752 143001 78596 96748 134336 75541 114651 146972 64246 111819 168456 105867 157230 81919 81875 153218 52347 45987 49219 0 67438 81814 164488 72482 150340 67407 154780 146479 127013 132509 147547 81381 117268 119784 141699 155422 145236 156410 159400 147143 98989 110015 31501 142481 77262 55947 34007 103344 78182 160298 50193 166331 135542 141595 156605 117538 150084 67574 128103 164659 139499 109673 94385 50120 115928 9581 73726 38153 141699 127013 111715 67407 109673 154780 147143 150817 13565
10209 80169 54706 79812 85325 100350 77811 110702 26850 50853 35890 59032 79877 54961 72056 68820 97516 106621 98481 91190 80180 51653 97811 73596 45618 102231 96612 6746 34709 84240 71309 12322 83370 63410 44874 55135 82571 35048 35234 87450 18069 51766 93558 58994 44382 101056 49471 93179 70501 82503 86070 49288 39331 64066 67438 0 15730 100559 17044 91235 39310 88692 84540 61044 66039 80485 54539 58783 53159 87859 88200 96601 94607 92011 87252 68785 43381 38543 81231 9989 38554 89801 35927 89295 94702 87660 100246 72679 76884 89169 50196 82747 20977 65594 97681 72099 50010 43301 42629 48731 65772 10209 68820 87859 61044 84240 39310 50010 88692 87252 100350 80180
8379 84780 67877 65327 69596 86567 93112 100862 24854 37213 41878 70044 68489 46895 60278 84481 81817 104606 83799 81034 94868 63787 87961 62507 40976 88202 84833 21333 19258 91376 82928 27479 71642 54338 40246 61651 67071 43390 20422 87981 25276 36141 79236 61802 31212 86929 48525 84033 82158 95278 73489 63988 54683 79220 81814 15730 0 84848 26206 75868 39849 77665 77274 50890 50813 68150 64577 55426 42319 73541 75427 95936 78928 77860 71798 76389 33078 51506 65638 6649 43481 101453 23429 103056 79203 96211 84901 65177 67587 75518 37633 69693 22001 58745 82845 58062 46725 32453 49237 36758 79219 8379 84481 73541 50890 91376 39849 46725 77665 71798 86567 94868
91997 143276 146745 41606 16127 50567 177392 90770 91499 60352 111691 146661 60501 76903 58096 168923 3276 134645 29044 79193 177943 140767 75882 62246 91731 48068 60608 105984 66749 151409 159781 112164 58360 72789 87564 126309 25532 116806 67748 126421 103394 49851 42458 121294 62931 37562 99745 78816 156222 171389 51847 146338 138582 162265 164488 100559 84848 0 105851 24842 103447 64400 86730 67941 37397 53710 136857 95064 66622 42353 50329 127188 13034 36204 24099 140499 71602 133041 24338 90845 113784 177226 70198 181630 12365 164179 15901 81629 73076 41908 61393 47820 97129 83018 26427 42396 92629 73497 120824 64209 160151 91997 168923 42353 67941 151409 103447 92629 64400 24099 50567 177943
25307 95571 42235 91040 91715 112604 79239 126259 17802 63395 18967 70143 74746 47096 67820 64377 102654 123619 99001 106542 83918 37683 90107 68303 62442 114128 91542 20731 44486 67320 81269 22258 78610 56090 34465 38095 91079 18158 46351 71589 3098 60177 105011 75319 44408 100134 35486 84753 55952 69259 82559 40495 33872 56488 72482 17044 26206 105851 0 100213 56276 82759 74342 55201 69176 76763 38617 46110 48833 99338 84948 81214 101795 91350 95916 51919 39470 48186 89259 19866 54605 99275 36188 77601 98285 100470 102980 63143 69160 87513 48631 80157 38016 55727 98657 71819 37856 58015 57831 46422 73001 25307 64377 99338 55201 67320 56276 37856 82759 95916 112604 83918
81561 121994 142388 18075 17244 27131 164771 66373 88979 43611 110020 129860 74102 82443 69191 159891 24636 110243 50461 54366 163904 137279 92925 73813 72564 25376 78855 95589 56613 154628 142686 101619 73132 80945 90048 127105 9393 114122 56110 134886 98271 40054 18063 101160 62769 59017 102714 94485 154342 168755 67797 139742 130510 155086 150340 91235 75868 24842 100213 0 85600 80269 99549 75361 40878 67761 135303 100758 71172 17514 67032 137564 11821 54927 4612 142024 72943 118957 12007 82425 96668 159328 67852 177759 32793 144275 39007 91934 85106 59358 63889 62801 83054 91351 47772 52490 96263 56239 103580 66600 144935 81561 159891 17514 75361 154628 85600 96263 80269 4612 27131 163904
33937 45812 87639 69005 87381 83467 83966 80342 63365 43113 75193 44379 105211 86446 96781 87910 101098 67350 112075 62907 80727 86672 125887 99759 14262 86377 120569 36338 43899 122885 57093 38279 107820 93367 79957 94238 79490 73944 40582 126090 57363 56278 80085 22249 67589 117262 87149 122563 105365 114870 108238 78157 66101 89031 67407 39310 39849 103447 56276 85600 0 114581 116794 89333 78706 103526 91851 94995 80536 75019 109739 134738 93415 108522 83039 107373 72048 38267 79673 41534 11507 73929 61434 118792 102188 61780 109034 104708 106251 107803 74309 103663 18812 98476 110425 90253 86204 29960 18088 74209 60633 33937 87910 75019 89333 122885 0 86204 114581 83039 83467 80727
85834 160382 112629 87599 63053 106578 161902 141575 65016 83106 76902 147282 9376 35887 17812 144274 61890 169526 37635 124567 166599 105302 13107 15175 109634 105385 9663 95436 71373 99946 159866 100462 7688 26885 49605 82747 73361 83422 75228 67473 79661 65699 96792 136716 47109 31627 56401 14447 115162 130710 12651 117913 115121 133450 154780 88692 77665 64400 82759 80269 114581 0 24314 27785 44555 13196 97270 46276 35599 93537 14096 65551 71791 28591 76413 93488 45326 127231 70184 79866 120530 178399 54249 143010 52043 173794 50279 25461 15658 22557 40403 17469 99032 31438 39623 29899 49773 91715 126676 40936 154175 85834 144274 93537 27785 99946 114581 49773 0 76413 106578 166599
84524 162053 96564 103813 82789 124529 151094 156394 58055 93000 63509 143323 26235 30383 30410 130586 83959 177479 61501 138110 157210 89076 20805 25759 114764 123827 32658 90998 77030 77485 155117 94977 28602 23998 40079 64358 91609 69950 81170 43354 71388 76667 114682 138950 51520 55910 41482 14149 96142 111333 35540 103941 103404 118562 146479 84540 77274 86730 74342 99549 116794 24314 0 29123 60032 33021 79725 29924 37564 110713 37614 41314 92508 52094 95315 72930 44875 121923 88440 77441 120603 173359 55772 124060 74432 172114 73607 12098 14504 45867 45475 38957 99259 18947 63288 47060 36827 98889 125954 44431 147342 84524 130586 110713 29123 77485 116794 36827 24314 95315 124529 157210
58820 135026 87918 76849 59889 98483 134436 128194 37404 63933 51425 119858 19554 10051 13472 117806 64782 148503 49900 109550 138905 80869 37095 13113 86222 98216 36343 67777 48135 83898 132319 72713 23480 5768 23723 61197 66617 57754 52252 59600 52106 47909 88753 111581 22554 48299 33709 33259 93099 108720 28189 91825 88113 107680 127013 61044 50890 67941 55201 75361 89333 27785 29123 0 34490 22433 74198 27209 8813 84289 30749 62404 70472 40646 70858 74204 17898 99549 63580 52484 94272 150831 27921 120339 56685 147049 58498 18161 16927 35370 16355 27127 72709 16005 50557 25595 26387 69870 100127 15492 126404 58820 117806 84289 0 83898 89333 26387 27785 70858 98483 138905
58786 123170 109484 43882 26052 64592 143829 97312 54186 40517 74296 118252 36465 41814 29851 133071 34127 126525 33749 80023 145648 103416 57649 34493 70462 64071 46775 72092 35755 115375 131434 78182 36871 40106 50858 89296 32169 79431 38392 94017 66572 23399 54768 99647 25551 38561 63343 57493 118849 133994 33910 109622 102532 125657 132509 66039 50813 37397 69176 40878 78706 44555 60032 34490 0 31372 99488 60223 30714 50684 34445 96795 36857 29928 36368 103750 34382 101705 29104 56063 87183 149665 33100 144267 29121 140378 34239 51432 45552 30138 24352 28563 67440 50489 32440 14702 56489 51351 94047 27181 129404 58786 133071 50684 34490 115375 78706 56489 44555 36368 64592 145648
76484 149202 110324 74479 50650 93762 155881 128403 59026 70367 73855 138182 6797 32275 9037 140041 50945 156829 29895 111374 159810 103239 26303 10513 97770 92685 17044 87203 59833 103227 151000 92598 5548 24391 46136 82750 60531 80186 63528 73952 73696 52908 83944 125490 36970 26546 55384 26814 114962 130600 5813 114189 110129 130081 147547 80485 68150 53710 76763 67761 103526 13196 33021 22433 31372 0 96285 47039 27963 80549 8322 73752 59892 20214 63769 94959 37606 118889 57344 71138 110136 169541 44890 142423 41424 163659 40994 29169 19712 14145 30542 6116 88841 32670 31241 16703 48185 79481 116507 31765 146257 76484 140041 80549 22433 103227 103526 48185 13196 63769 93762 159810
63759 124716 18073 128078 124463 150118 79279 164846 46332 101480 25361 91476 91872 64159 87568 54161 133582 158518 123744 145151 88245 11167 99810 86016 99990 151395 106921 55723 81800 32534 99004 53750 95976 71995 50821 15582 125947 21493 84180 54591 39303 95990 142048 107869 74081 122492 41050 93321 19367 34745 101835 29548 36232 40702 81381 54539 64577 136857 38617 135303 91851 97270 79725 74198 99488 96285 0 51143 71804 136451 104457 65657 135081 114735 130812 17953 65343 70574 123732 58430 87384 114293 67681 46148 127426 122921 130763 72394 81655 109568 75623 101308 74957 65849 124116 97454 48121 96630 88522 72850 86245 63759 54161 136451 74198 32534 91851 48121 97270 130812 150118 88245
61192 138604 67219 99692 86180 122009 121281 147772 32091 81114 33622 116154 41746 18420 39145 100723 91881 159715 76323 128307 127651 59770 48985 36526 95938 122180 55939 64721 61780 56754 127378 67833 45763 23053 15284 36472 91657 40034 65749 35456 43370 67973 112558 116466 40079 73579 11582 42669 68892 84457 52173 74075 73567 88895 117268 58783 55426 95064 46110 100758 94995 46276 29924 27209 60223 47039 51143 0 29590 107645 54789 41408 96917 66789 96169 47935 29888 94282 88780 53631 96782 145329 39553 96736 83893 146032 85597 21264 30619 61026 37143 52683 76430 14883 77227 52791 8836 83260 101340 34616 118677 61192 100723 107645 27209 56754 94995 8836 46276 96169 122009 127651
50363 126250 84223 70896 56748 92961 127918 121085 31164 55950 47715 111689 26721 11333 19128 112487 63376 139920 52192 102159 131930 77456 45666 20452 77460 92958 43499 59905 39484 84913 124269 65066 30290 13585 21203 60024 62100 53720 43618 64150 45778 40566 83379 102785 13960 51998 33127 42032 91041 106544 33742 86992 82362 103019 119784 53159 42319 66622 48833 71172 80536 35599 37564 8813 30714 27963 71804 29590 0 78638 36115 68140 67532 43604 66587 73932 9798 91701 59203 44269 85601 142804 19161 117686 56207 138528 59058 26067 25738 39124 8407 31437 64036 22175 52404 25663 26024 61326 91529 6880 118806 50363 112487 78638 8813 84913 80536 26024 35599 66587 92961 131930
77726 107607 141386 8380 32472 14367 157177 49593 90839 37157 111703 119299 86423 89921 80436 155128 42019 93067 66853 36854 155200 137003 106512 85096 61135 14995 93315 91179 54880 158740 131721 96879 86071 90042 95267 130063 20581 114967 53122 142742 97853 41067 5701 88064 67876 75247 107787 107320 154922 168595 81482 137134 126965 151790 141699 87859 73541 42353 99338 17514 75019 93537 110713 84289 50684 80549 136451 107645 78638 0 81086 146577 29322 70235 19087 145187 78291 110862 23639 80179 86453 147542 71073 176597 49565 130922 56112 101871 96224 74003 70598 76234 76030 100157 64207 64273 101989 47770 93085 73042 135496 77726 155128 0 84289 158740 75019 101989 93537 19087 14367 155200
83795 155214 118616 75664 49791 93700 163992 129836 67244 74661 82164 145455 13160 40549 17352 148340 47861 160928 23888 113535 167777 111514 25977 18461 103247 92319 12461 94891 65857 110531 158354 100382 9462 32476 54438 90767 60642 88504 69367 79986 81890 57247 84001 131506 44229 19065 63488 28488 123048 138684 2628 122508 118388 138403 155422 88200 75427 50329 84948 67032 109739 14096 37614 30749 34445 8322 104457 54789 36115 81086 0 78898 58082 14566 63365 102717 45655 126478 57505 78715 116793 176880 52398 150578 37982 170381 36239 35865 25914 8462 38039 6123 95684 40163 25709 20187 56337 84583 123284 39501 153948 83795 148340 81086 30749 110531 109739 56337 14096 63365 93700 167777
100823 176626 83606 138969 121541 160827 144791 188677 71437 122295 63517 149920 66983 57091 69315 119697 124280 200536 102784 169374 153312 76799 59063 64994 136818 160613 73295 101660 103172 47421 159699 103396 69744 56711 56520 51620 128963 67997 107153 11067 79157 108346 151129 155493 80514 97178 47599 53201 75443 88142 76760 94925 99255 105992 145236 96601 95936 127188 81214 137564 134738 65551 41314 62404 96795 73752 65657 41408 68140 146577 78898 0 131789 93313 133112 51009 70768 127788 125895 93240 135154 176558 80871 101118 115035 181000 114679 45851 54140 87073 76432 79824 115945 46441 104516 85829 49558 124657 138907 74281 148721 100823 119697 146577 62404 47421 134738 49558 65551 133112 160827 153312
85428 131755 143551 28877 10817 38184 170096 78016 88934 50460 109724 137254 66503 78500 62591 163409 12925 121752 39592 66159 169945 138000 84052 67075 81045 35972 69405 99538 60018 152208 150259 105680 65035 75796 87610 125721 13968 114342 60311 129966 99584 42870 29644 110264 61212 48220 100156 86194 154346 169164 59157 141994 133460 157674 156410 94607 78928 13034 101795 11821 93415 71791 92508 70472 36857 59892 135081 96917 67532 29322 58082 131789 0 45043 11404 140358 70839 124911 13942 85263 104134 167344 67457 178789 21780 153324 27519 85939 78295 50015 61080 54478 88836 86230 36892 45964 93342 63541 111138 63893 151541 85428 163409 29322 70472 152208 93415 93342 71791 11404 38184 169945
86172 153097 127786 65757 37962 81991 169305 119666 74192 69886 91233 147033 26656 50688 27674 155596 33952 154730 9680 104503 172188 120938 39680 30497 100357 80292 24492 98497 65078 123271 160142 104333 23579 43794 63966 101827 49666 97309 68029 94017 88401 53194 72532 129571 47783 9070 74336 42853 133722 149333 16558 130454 125202 146520 159400 92011 77860 36204 91350 54927 108522 28591 52094 40646 29928 20214 114735 66789 43604 70235 14566 93313 45043 0 51696 114548 52098 129362 46684 82139 116687 178528 56333 160836 23997 170077 21689 49365 39725 6244 42759 14214 96384 52729 11203 19914 67025 81200 123462 44932 157078 86172 155596 70235 40646 123271 108522 67025 28591 51696 81991 172188
77675 120543 138057 17524 13736 30374 161343 68611 84482 40530 105512 127151 70027 77866 64925 155990 23292 110549 47837 55521 160704 132888 89167 69562 70313 28980 75338 91742 52569 150021 140061 97806 69185 76461 85436 122529 4868 109665 52245 130352 93935 35825 20837 99282 58166 56291 98102 90547 149877 164338 64025 135580 126474 150992 147143 87252 71798 24099 95916 4612 83039 76413 95315 70858 36368 63769 130812 96169 66587 19087 63365 133112 11404 51696 0 137438 68332 115702 7399 78322 93965 156909 63309 173421 30478 142385 37073 87539 80849 55870 59281 58950 79702 86855 45177 48263 91652 53395 100922 61990 141925 77675 155990 19087 70858 150021 83039 91652 76413 0 30374 160704
77098 142081 34053 136828 129562 159244 95812 177243 54526 112031 34540 109375 89640 64378 86875 69539 137240 174530 123986 157402 105263 28394 93686 84447 114349 160177 103075 71037 91756 15512 116950 69894 93621 70763 52956 15138 132636 33767 94670 40188 51746 104149 150632 124488 79361 121504 40848 87036 24702 38847 100103 46754 54166 55621 98989 68785 76389 140499 51919 142024 107373 93488 72930 74204 103750 94959 17953 47935 73932 145187 102717 51009 140358 114548 137438 0 69519 88305 130142 70859 103809 132118 74421 51833 130095 140840 132532 68027 77957 108887 79398 100532 89692 62628 124741 99179 48106 108842 105426 76569 104094 77098 69539 145187 74204 15512 107373 48106 93488 137438 159244 105263
40933 117560 76519 70195 60047 92648 118342 117977 22094 51555 40442 102022 36514 14965 28877 103523 68327 133222 60185 98611 122210 70034 54987 30216 70033 93026 53298 50126 33146 81702 114551 55267 40084 21345 17138 54939 63615 46039 37270 65344 36458 38121 83380 94263 10418 60765 29801 50954 84706 100003 43345 78413 73211 94503 110015 43381 33078 71602 39470 72943 72048 45326 44875 17898 34382 37606 65343 29888 9798 78291 45655 70768 70839 52098 68332 69519 0 81924 60963 34614 76537 133079 10990 110679 62119 129169 65761 32864 34509 48064 10288 40709 54998 27321 60115 33050 23700 55112 82301 7565 109008 40933 103523 78291 17898 81702 72048 23700 45326 68332 92648 122210
43196 54923 60054 103972 117062 120622 46344 118050 63916 75369 64315 22152 118415 93075 110553 50786 130265 94119 135113 101110 45036 61948 136155 112139 52254 123318 135132 31797 66760 103086 33197 27026 121886 101715 81848 78840 111528 59947 65333 117496 50922 83232 116241 42849 82348 138431 83606 131327 78537 84413 124412 47767 36280 54526 31501 38543 51506 133041 48186 118957 38267 127231 121923 99549 101705 118889 70574 94282 91701 110862 126478 127788 124911 129362 115702 88305 81924 0 110984 47766 27574 51495 74080 85618 129100 53345 135256 110332 115163 126969 88442 120896 36075 103051 134039 109564 85915 63250 23909 87129 27736 43196 50786 110862 99549 103086 38267 85915 127231 115702 120622 45036
71867 118938 131304 19449 9778 36418 156255 72985 77404 36619 98404 123383 63445 70490 58030 150047 22587 111828 43957 58452 156020 126018 83077 62684 67577 35436 69691 85975 46536 142660 136412 92091 62822 69209 78057 115261 3189 102665 46593 123024 87197 29500 26609 97032 50828 52128 90721 84158 142851 157405 57979 129158 120299 144691 142481 81231 65638 24338 89259 12007 79673 70184 88440 63580 29104 57344 123732 88780 59203 23639 57505 125895 13942 46684 7399 130142 60963 110984 0 72080 90296 153589 56135 166644 27597 139989 34647 80417 73948 50364 51882 52788 74910 79583 41390 41475 84257 49743 97312 54593 137599 71867 150047 23639 63580 142660 79673 84257 70184 7399 36418 156020
7598 85187 61266 71972 75776 93160 87799 106605 21832 43740 36537 67421 70884 47298 62891 78208 87774 107745 88519 86832 90093 57282 89513 64704 44706 94821 87500 16359 25848 86018 80028 22257 74253 55341 38846 56348 73574 37480 27065 84796 19260 42585 85875 62836 34661 91194 45642 85193 75751 88724 76647 57371 48223 72671 77262 9989 6649 90845 19866 82425 41534 79866 77441 52484 56063 71138 58430 53631 44269 80179 78715 93240 85263 82139 78322 70859 34614 47766 72080 0 43413 98570 26320 96419 84783 94882 90281 65410 68777 79418 40677 73163 22825 58612 87702 62237 44805 38239 48526 39394 75273 7598 78208 80179 52484 86018 41534 44805 79866 78322 93160 90093
36107 41825 81160 80312 97667 94970 72679 90479 64701 53680 73468 33194 111226 90270 102861 78027 111328 71283 120843 73673 69235 81063 131259 105475 25744 97884 127106 33878 51609 119260 46126 33936 114106 97819 82218 91597 90272 71249 48794 125931 56257 65560 91554 20795 73456 125573 87936 127479 99341 107712 115121 70655 58530 80258 55947 38554 43481 113784 54605 96668 11507 120530 120603 94272 87183 110136 87384 96782 85601 86453 116793 135154 104134 116687 93965 103809 76537 27574 90296 43413 0 63465 66478 110676 111884 53595 118594 108520 111042 115509 80138 110799 21566 101893 119333 97833 87949 40606 7044 79671 49131 36107 78027 86453 94272 119260 11507 87949 120530 93965 94970 69235
93088 48856 99193 142264 161117 153919 45969 138221 115398 116990 113960 31502 169453 144553 161439 71397 174789 93555 183412 126443 34581 103800 187582 163254 86812 157183 186050 83086 113919 145303 18546 78520 172808 153151 133281 125662 153415 108786 111565 165858 102124 128818 152186 60275 132660 187545 134367 182810 115875 115690 174932 85863 78199 83137 34007 89801 101453 177226 99275 159328 73929 178399 173359 150831 149665 169541 114293 145329 142804 147542 176880 176558 167344 178528 156909 132118 133079 51495 153589 98570 63465 0 124661 111244 175234 24506 181862 161814 166611 176694 138999 171126 82240 154516 182058 159061 137127 103849 56421 137899 28064 93088 71397 147542 150831 145303 73929 137127 178399 156909 153919 34581
31675 107106 76558 62780 56931 85303 112979 108400 21487 41606 42323 93338 45059 25944 36864 100410 66958 122245 63343 88834 115969 70706 64786 39105 59055 86015 61447 42563 22413 87685 106117 48206 48234 32014 25158 59387 58463 46907 26490 74800 33512 30062 76411 83680 8551 65330 37151 61178 86903 101721 50350 76554 69840 92613 103344 35927 23429 70198 36188 67852 61434 54249 55772 27921 33100 44890 67681 39553 19161 71073 52398 80871 67457 56333 63309 74421 10990 74080 56135 26320 66478 124661 0 111568 62151 119564 66794 43806 44824 53271 14368 46852 44919 38297 62811 36452 32245 44281 72486 13329 101583 31675 100410 71073 27921 87685 61434 32245 54249 63309 85303 115969
99495 138566 35374 168374 168418 189482 66159 197900 90148 139957 70239 100060 137921 110304 133716 40032 178370 179733 169775 179027 77661 40869 144616 132126 130311 191219 152674 87390 121947 54370 101837 82788 142017 118105 96877 60276 168568 64840 123477 90897 79488 137757 182292 128375 118716 168636 87110 138015 27946 13048 147953 40924 52767 31234 78182 89295 103056 181630 77601 177759 118792 143010 124060 120339 144267 142423 46148 96736 117686 176597 150578 101118 178789 160836 173421 51833 110679 85618 166644 96419 110676 111244 111568 0 172740 127953 176402 117822 127355 155707 120952 147454 106080 111584 170079 143263 94243 132381 108903 118242 86701 99495 40032 176597 120339 54370 118792 94243 143010 173421 189482 77661
86859 144111 138232 46875 17821 59791 172302 99030 82957 59817 102535 144178 48220 65991 46183 162166 9954 139366 17812 85722 173603 131980 63627 50205 91600 57708 48478 100533 62342 140503 157378 106682 46011 61286 77371 116212 29943 107951 64043 114527 95657 46438 50846 121394 54303 26440 89249 66466 146775 162117 39482 138705 131639 154755 160298 94702 79203 12365 98285 32793 102188 52043 74432 56685 29121 41424 127426 83893 56207 49565 37982 115035 21780 23997 30478 130095 62119 129100 27597 84783 111884 175234 62151 172740 0 163722 7182 69637 60897 29580 51831 35492 93750 71369 15112 31116 82026 72652 118907 54584 156598 86859 162166 49565 56685 140503 102188 82026 52043 30478 59791 173603
88237 25853 110124 126568 148301 135691 66077 116273 114456 104070 117483 31510 164544 142159 156230 88077 162029 69233 173842 106187 55633 113402 184142 158668 72449 139110 180591 81403 105068 155151 26115 78305 167527 150189 132521 132086 139378 113278 102052 170794 102943 118051 135113 43117 126848 178894 135887 180025 128025 130449 168692 96881 87068 97849 50193 87660 96211 164179 100470 144275 61780 173794 172114 147049 140378 163659 122921 146032 138528 130922 170381 181000 153324 170077 142385 140840 129169 53345 139989 94882 53595 24506 119564 127953 163722 0 170645 160164 163585 169053 133485 164394 74837 153186 172204 151392 137386 91086 47159 132860 41271 88237 88077 130922 147049 155151 61780 137386 173794 142385 135691 55633
92717 151199 142222 53800 24876 65699 177996 105379 87129 66849 106171 150718 47718 68167 46944 167136 14703 146463 13385 92517 179571 135794 61037 50575 98622 63418 45510 106223 68570 142349 163924 112340 45006 62659 80247 118994 36880 111788 70463 114865 100266 53052 57047 128417 58665 21739 91740 64500 150053 165505 38111 143243 136570 159333 166331 100246 84901 15901 102980 39007 109034 50279 73607 58498 34239 40994 130763 85597 59058 56112 36239 114679 27519 21689 37073 132532 65761 135256 34647 90281 118594 181862 66794 176402 7182 170645 0 69944 60705 27815 55534 34888 100144 72398 10922 33435 84442 79615 125603 58196 162836 92717 167136 56112 58498 142349 109034 84442 50279 37073 65699 179571
72454 149956 88403 94620 75725 115942 140869 146330 46417 81939 53823 131580 22815 18285 23553 121378 78653 165773 59042 127710 146576 80974 27983 19443 102850 115497 35063 79193 65341 74844 143502 83332 26425 12570 28684 57558 83530 60360 69489 44943 60133 66066 106147 126857 39990 54927 32209 21968 89916 105410 33374 94770 93338 109866 135542 72679 65177 81629 63143 91934 104708 25461 12098 18161 51432 29169 72394 21264 26067 101871 35865 45851 85939 49365 87539 68027 32864 110332 80417 65410 108520 161814 43806 117822 69637 160164 69944 0 10076 43217 34258 35256 87164 7449 60406 39978 26482 87279 113905 32939 136081 72454 121378 101871 18161 74844 104708 26482 25461 87539 115942 146576
75370 151922 97200 89374 68433 110026 147857 142179 51723 79630 61819 135897 13071 22173 15924 129376 70205 164974 49372 124081 153045 89836 21026 11294 103041 109326 25320 83558 64819 84920 148161 88165 16452 13475 35106 67089 77114 68365 68905 54295 66081 62923 100179 128499 39291 44949 40898 16449 99504 115054 23477 102887 100663 118266 141595 76884 67587 73076 69160 85106 106251 15658 14504 16927 45552 19712 81655 30619 25738 96224 25914 54140 78295 39725 80849 77957 34509 115163 73948 68777 111042 166611 44824 127355 60897 163585 60705 10076 0 33517 32820 25825 89494 15806 50863 32623 34479 86357 116798 32311 141563 75370 129376 96224 16927 84920 106251 34479 15658 80849 110026 153045
83885 152837 123009 69013 42178 86244 165994 123144 70101 70636 86441 145197 20456 45414 22099 151535 39491 156310 15855 107389 169232 116066 34129 24569 100352 84719 19497 95754 64012 117352 158233 101468 17335 38141 58946 96393 53444 92619 67222 87800 84516 53507 76639 129202 44787 12960 68927 36926 128439 144068 10327 126116 121274 142135 156605 89169 75518 41908 87513 59358 107803 22557 45867 35370 30138 14145 109568 61026 39124 74003 8462 87073 50015 6244 55870 108887 48064 126969 50364 79418 115509 176694 53271 155707 29580 169053 27815 43217 33517 0 39255 8356 94820 46789 17445 17693 61647 81359 122176 41193 154620 83885 151535 74003 35370 117352 107803 61647 22557 55870 86244 169232
45950 120120 86695 62757 50264 84949 126742 112680 31831 47681 50720 107645 31088 19391 22744 112965 58119 132219 50428 93759 130053 80272 51614 25453 70308 85056 47215 56869 32010 91152 120458 62426 34063 21693 26532 64984 54677 56257 36087 72151 45716 32160 75444 96510 6722 51627 39091 48667 94983 110291 35982 88212 82501 104320 117538 50196 37633 61393 48631 63889 74309 40403 45475 16355 24352 30542 75623 37143 8407 70598 38039 76432 61080 42759 59281 79398 10288 88442 51882 40677 80138 138999 14368 120952 51831 133485 55534 34258 32820 39255 0 32555 58669 30582 50209 23219 32417 53582 86337 2830 115916 45950 112965 70598 16355 91152 74309 32417 40403 59281 84949 130053
78069 149111 114932 70520 45590 89152 158985 124636 62579 68621 78379 139675 12841 37150 13768 143919 45119 154946 23878 108055 162545 107940 30291 16287 97124 87927 18215 89408 59772 109076 152612 94980 10602 29785 50787 88056 55957 84613 63262 80067 77126 51189 79383 125405 38558 21188 60601 31754 120136 135768 5388 118315 113787 134292 150084 82747 69693 47820 80157 62801 103663 17469 38957 27127 28563 6116 101308 52683 31437 76234 6123 79824 54478 14214 58950 100532 40709 120896 52788 73163 110799 171126 46852 147454 35492 164394 34888 35256 25825 8356 32555 0 89752 38522 25152 14126 53332 78469 117322 34207 148433 78069 143919 76234 27127 109076 103663 53332 17469 58950 89152 162545
15240 62811 72946 68712 81093 86937 81735 91938 44629 39615 56773 50812 89750 68887 81411 79671 94412 85805 101180 72948 81110 70954 109695 83950 25109 89323 105756 19454 31734 105168 63999 23302 92695 76305 61527 76110 75479 55998 29707 107279 38855 47478 81574 40080 52017 105372 68369 105925 89859 100700 93932 65181 53677 78086 67574 20977 22001 97129 38016 83054 18812 99032 99259 72709 67440 88841 74957 76430 64036 76030 95684 115945 88836 96384 79702 89692 54998 36075 74910 22825 21566 82240 44919 106080 93750 74837 100144 87164 89494 94820 58669 89752 0 80663 99859 77131 67612 28367 27677 58137 63034 15240 79671 76030 72709 105168 18812 67612 99032 79702 86937 81110
65787 143473 81496 92614 75732 114391 133441 143259 39147 77893 46538 124392 27035 12356 25461 114130 79930 160541 62365 124319 139127 74106 35269 22235 97253 114175 41099 72052 60362 70563 136236 76076 30994 10444 21289 51340 82622 53084 64503 43736 52727 62742 104688 120536 35595 59103 25186 29377 83763 99337 37567 87551 85938 102760 128103 65594 58745 83018 55727 91351 98476 31438 18947 16005 50489 32670 65849 14883 22175 100157 40163 46441 86230 52729 86855 62628 27321 103051 79583 58612 101893 154516 38297 111584 71369 153186 72398 7449 15806 46789 30582 38522 80663 0 63465 40698 19137 82352 107137 28789 128690 65787 114130 100157 16005 70563 98476 19137 31438 86855 114391 139127
90972 153929 136492 60839 31851 74844 175427 113783 82033 69664 100077 150670 37794 60499 38120 163033 24684 152231 2701 99842 177688 129818 50139 41310 101068 72805 34590 103951 68142 133886 163858 109952 34780 54175 73309 111668 44059 105964 70590 105156 95807 54190 65781 130714 54354 11331 84215 53728 143260 158822 27759 138421 132499 154527 164659 97681 82845 26427 98657 47772 110425 39623 63288 50557 32440 31241 124116 77227 52404 64207 25709 104516 36892 11203 45177 124741 60115 134039 41390 87702 119333 182058 62811 170079 15112 172204 10922 60406 50863 17445 50209 25152 99859 63465 0 27065 76885 81846 126253 52663 161761 90972 163033 64207 50557 133886 110425 76885 39623 45177 74844 177688
66404 135474 109472 57950 35864 77775 149431 111752 54999 54495 73132 127561 22165 34911 16733 136175 39269 140838 27209 94673 152274 102855 43004 21329 83240 76909 32288 78596 46396 109391 140619 84421 22230 30404 46824 85559 44658 78950 49700 84308 68922 37066 67925 111797 27902 28958 58350 43150 116703 132198 19370 111390 105690 127493 139499 72099 58062 42396 71819 52490 90253 29899 47060 25595 14702 16703 97454 52791 25663 64273 20187 85829 45964 19914 48263 99179 33050 109564 41475 62237 97833 159061 36452 143263 31116 151392 33435 39978 32623 17693 23219 14126 77131 40698 27065 0 51073 64461 104488 25613 137261 66404 136175 64273 25595 109391 90253 51073 29899 48263 77775 152274
52373 129772 62873 93878 82530 116344 114461 140635 23266 73802 27415 107685 43808 16386 39565 95014 89388 151163 76279 121033 120399 55585 54405 37895 87392 116723 59328 56018 54062 58917 119070 59293 47919 23876 7119 34810 87005 33964 57936 42688 35015 61606 107077 107638 34117 74513 7330 48447 66808 82443 53714 68462 66874 83787 109673 50010 46725 92629 37856 96263 86204 49773 36827 26387 56489 48185 48121 8836 26024 101989 56337 49558 93342 67025 91652 48106 23700 85915 84257 44805 87949 137127 32245 94243 82026 137386 84442 26482 34479 61647 32417 53332 67612 19137 76885 51073 0 75227 92533 29672 110732 52373 95014 101989 26387 58917 86204 0 49773 91652 116344 120399
33274 72103 98005 40722 57452 58614 109488 68418 56117 13153 74325 73771 82464 70028 74172 107928 71180 78638 83696 48610 107938 94803 104046 77898 19233 60960 96283 45136 21990 123800 86731 50332 84379 74904 68177 94076 49666 75700 17849 117789 57489 28007 53265 48905 47369 89583 78599 101850 113539 125804 83477 91861 80916 105646 94385 43301 32453 73497 58015 56239 29960 91715 98889 69870 51351 79481 96630 83260 61326 47770 84583 124657 63541 81200 53395 108842 55112 63250 49743 38239 40606 103849 44281 132381 72652 91086 79615 87279 86357 81359 53582 78469 28367 82352 81846 64461 75227 0 47599 54459 88727 33274 107928 47770 69870 123800 29960 75227 91715 53395 58614 107938
41497 37742 80908 87087 104709 101256 67310 94893 69277 60693 76412 26305 117408 95723 109081 74680 118371 71381 127739 78773 63205 81461 137189 111570 32077 104235 133432 37247 58395 120764 39140 36178 120371 103485 87065 93857 97262 73657 55678 129415 59757 72560 98116 19782 79692 132374 92070 133247 99301 106755 121566 69678 57651 78051 50120 42629 49237 120824 57831 103580 18088 126676 125954 100127 94047 116507 88522 101340 91529 93085 123284 138907 111138 123462 100922 105426 82301 23909 97312 48526 7044 56421 72486 108903 118907 47159 125603 113905 116798 122176 86337 117322 27677 107137 126253 104488 92533 47599 0 85754 42834 41497 74680 93085 100127 120764 18088 92533 126676 100922 101256 63205
44991 119989 84067 65138 53077 87403 124844 114601 29389 49156 48003 106619 31731 17191 23556 110683 60936 133067 52804 95560 128343 77598 51708 25816 70745 87567 48159 55442 32655 88354 119353 60884 34930 20463 23717 62156 57364 53598 36780 69766 43470 34108 77943 96446 7090 53720 36295 48429 92207 107533 37341 85778 80270 101880 115928 48731 36758 64209 46422 66600 74209 40936 44431 15492 27181 31765 72850 34616 6880 73042 39501 74281 63893 44932 61990 76569 7565 87129 54593 39394 79671 137899 13329 118242 54584 132860 58196 32939 32311 41193 2830 34207 58137 28789 52663 25613 29672 54459 85754 0 114501 44991 110683 73042 15492 88354 74209 29672 40936 61990 87403 128343
70926 55838 71426 129131 144092 144055 27566 135784 89888 101397 86582 18750 145516 119392 137794 46809 157445 100983 162845 120879 20702 75817 162589 139178 74824 146999 162304 59061 94276 117435 15176 53741 149077 128208 107402 97660 137935 81183 92644 137964 75971 110491 140651 55537 109924 166148 107489 157494 88531 89639 151836 58056 50135 56927 9581 65772 79219 160151 73001 144935 60633 154175 147342 126404 129404 146257 86245 118677 118806 135496 153948 148721 151541 157078 141925 104094 109008 27736 137599 75273 49131 28064 101583 86701 156598 41271 162836 136081 141563 154620 115916 148433 63034 128690 161761 137261 110732 88727 42834 114501 0 70926 46809 135496 126404 117435 60633 110732 154175 141925 144055 20702
0 77788 64818 69721 76472 90149 85507 101118 29428 40671 43160 61699 76704 54239 68538 78330 89032 100309 91981 81488 86878 61532 95915 70662 37626 92050 93119 14111 25424 92408 74558 20257 79909 62014 46329 62882 73059 43410 25451 92320 25382 42579 83421 55291 39572 95240 53226 91817 80296 92575 81846 59465 49301 74099 73726 10209 8379 91997 25307 81561 33937 85834 84524 58820 58786 76484 63759 61192 50363 77726 83795 100823 85428 86172 77675 77098 40933 43196 71867 7598 36107 93088 31675 99495 86859 88237 92717 72454 75370 83885 45950 78069 15240 65787 90972 66404 52373 33274 41497 44991 70926 0 78330 77726 58820 92408 33937 52373 85834 77675 90149 86878
78330 100278 36112 147424 153983 166541 27744 168242 81442 118047 67600 61383 137171 108578 131007 0 165809 143283 163369 150591 38745 43178 149359 130804 101124 168833 153584 64332 103515 79617 61982 58393 141201 117469 94697 69184 151345 61050 103781 108645 67253 120585 160762 93070 108742 164287 89286 143243 48050 44686 145851 26648 30571 13982 38153 68820 84481 168923 64377 159891 87910 144274 130586 117806 133071 140041 54161 100723 112487 155128 148340 119697 163409 155596 155990 69539 103523 50786 150047 78208 78027 71397 100410 40032 162166 88077 167136 121378 129376 151535 112965 143919 79671 114130 163033 136175 95014 107928 74680 110683 46809 78330 0 155128 117806 79617 87910 95014 144274 155990 166541 38745
77726 107607 141386 8380 32472 14367 157177 49593 90839 37157 111703 119299 86423 89921 80436 155128 42019 93067 66853 36854 155200 137003 106512 85096 61135 14995 93315 91179 54880 158740 131721 96879 86071 90042 95267 130063 20581 114967 53122 142742 97853 41067 5701 88064 67876 75247 107787 107320 154922 168595 81482 137134 126965 151790 141699 87859 73541 42353 99338 17514 75019 93537 110713 84289 50684 80549 136451 107645 78638 0 81086 146577 29322 70235 19087 145187 78291 110862 23639 80179 86453 147542 71073 176597 49565 130922 56112 101871 96224 74003 70598 76234 76030 100157 64207 64273 101989 47770 93085 73042 135496 77726 155128 0 84289 158740 75019 101989 93537 19087 14367 155200
58820 135026 87918 76849 59889 98483 134436 128194 37404 63933 51425 119858 19554 10051 13472 117806 64782 148503 49900 109550 138905 80869 37095 13113 86222 98216 36343 67777 48135 83898 132319 72713 23480 5768 23723 61197 66617 57754 52252 59600 52106 47909 88753 111581 22554 48299 33709 33259 93099 108720 28189 91825 88113 107680 127013 61044 50890 67941 55201 75361 89333 27785 29123 0 34490 22433 74198 27209 8813 84289 30749 62404 70472 40646 70858 74204 17898 99549 63580 52484 94272 150831 27921 120339 56685 147049 58498 18161 16927 35370 16355 27127 72709 16005 50557 25595 26387 69870 100127 15492 126404 58820 117806 84289 0 83898 89333 26387 27785 70858 98483 138905
92408 157211 46155 150422 141392 172921 106831 192130 68719 126453 49517 123791 97375 74540 95766 79617 148186 190036 132882 172270 116899 41812 98172 92793 129762 173695 109270 86549 106082 0 130780 85364 101171 79760 64669 29725 145280 49195 109161 38048 67028 117681 164095 139910 91875 129567 52061 91560 31734 41680 107974 59443 68116 65680 111715 84240 91376 151409 67320 154628 122885 99946 77485 83898 115375 103227 32534 56754 84913 158740 110531 47421 152208 123271 150021 15512 81702 103086 142660 86018 119260 145303 87685 54370 140503 155151 142349 74844 84920 117352 91152 109076 105168 70563 133886 109391 58917 123800 120764 88354 117435 92408 79617 158740 83898 0 122885 58917 99946 150021 172921 116899
33937 45812 87639 69005 87381 83467 83966 80342 63365 43113 75193 44379 105211 86446 96781 87910 101098 67350 112075 62907 80727 86672 125887 99759 14262 86377 120569 36338 43899 122885 57093 38279 107820 93367 79957 94238 79490 73944 40582 126090 57363 56278 80085 22249 67589 117262 87149 122563 105365 114870 108238 78157 66101 89031 67407 39310 39849 103447 56276 85600 0 114581 116794 89333 78706 103526 91851 94995 80536 75019 109739 134738 93415 108522 83039 107373 72048 38267 79673 41534 11507 73929 61434 118792 102188 61780 109034 104708 106251 107803 74309 103663 18812 98476 110425 90253 86204 29960 18088 74209 60633 33937 87910 75019 89333 122885 0 86204 114581 83039 83467 80727
52373 129772 62873 93878 82530 116344 114461 140635 23266 73802 27415 107685 43808 16386 39565 95014 89388 151163 76279 121033 120399 55585 54405 37895 87392 116723 59328 56018 54062 58917 119070 59293 47919 23876 7119 34810 87005 33964 57936 42688 35015 61606 107077 107638 34117 74513 7330 48447 66808 82443 53714 68462 66874 83787 109673 50010 46725 92629 37856 96263 86204 49773 36827 26387 56489 48185 48121 8836 26024 101989 56337 49558 93342 67025 91652 48106 23700 85915 84257 44805 87949 137127 32245 94243 82026 137386 84442 26482 34479 61647 32417 53332 67612 19137 76885 51073 0 75227 92533 29672 110732 52373 95014 101989 26387 58917 86204 0 49773 91652 116344 120399
85834 160382 112629 87599 63053 106578 161902 141575 65016 83106 76902 147282 9376 35887 17812 144274 61890 169526 37635 124567 166599 105302 13107 15175 109634 105385 9663 95436 71373 99946 159866 100462 7688 26885 49605 82747 73361 83422 75228 67473 79661 65699 96792 136716 47109 31627 56401 14447 115162 130710 12651 117913 115121 133450 154780 88692 77665 64400 82759 80269 114581 0 24314 27785 44555 13196 97270 46276 35599 93537 14096 65551 71791 28591 76413 93488 45326 127231 70184 79866 120530 178399 54249 143010 52043 173794 50279 25461 15658 22557 40403 17469 99032 31438 39623 29899 49773 91715 126676 40936 154175 85834 144274 93537 27785 99946 114581 49773 0 76413 106578 166599
77675 120543 138057 17524 13736 30374 161343 68611 84482 40530 105512 127151 70027 77866 64925 155990 23292 110549 47837 55521 160704 132888 89167 69562 70313 28980 75338 91742 52569 150021 140061 97806 69185 76461 85436 122529 4868 109665 52245 130352 93935 35825 20837 99282 58166 56291 98102 90547 149877 164338 64025 135580 126474 150992 147143 87252 71798 24099 95916 4612 83039 76413 95315 70858 36368 63769 130812 96169 66587 19087 63365 133112 11404 51696 0 137438 68332 115702 7399 78322 93965 156909 63309 173421 30478 142385 37073 87539 80849 55870 59281 58950 79702 86855 45177 48263 91652 53395 100922 61990 141925 77675 155990 19087 70858 150021 83039 91652 76413 0 30374 160704
90149 111258 154423 22529 44084 0 166928 40586 104801 49530 125558 127073 99830 104256 94162 166541 51046 90670 77538 33400 164185 150284 119424 98826 69237 3617 105711 103199 68342 172921 139015 108689 99238 104225 109605 144110 33232 128625 66253 157084 111259 55252 9853 93723 82235 86118 122107 120576 168401 181828 94293 149601 139092 163909 150817 100350 86567 50567 112604 27131 83467 106578 124529 98483 64592 93762 150118 122009 92961 14367 93700 160827 38184 81991 30374 159244 92648 120622 36418 93160 94970 153919 85303 189482 59791 135691 65699 115942 110026 86244 84949 89152 86937 114391 74844 77775 116344 58614 101256 87403 144055 90149 166541 14367 98483 172921 83467 116344 106578 30374 0 164185
86878 74491 71246 148583 162015 164185 11558 156476 101590 120294 94281 39330 158366 131013 151058 38745 175125 120166 178575 141538 0 77149 173933 151939 94979 167060 175208 73766 111394 116899 32162 67858 162123 140006 118103 101701 156555 88199 110195 142299 87009 128096 160452 76172 124486 181227 116128 168416 85936 83407 165524 58700 54678 51875 13565 80180 94868 177943 83918 163904 80727 166599 157210 138905 145648 159810 88245 127651 131930 155200 167777 153312 169945 172188 160704 105263 122210 45036 156020 90093 69235 34581 115969 77661 173603 55633 179571 146576 153045 169232 130053 162545 81110 139127 177688 152274 120399 107938 63205 128343 20702 86878 38745 155200 138905 116899 80727 120399 166599 160704 164185 0
