StringID  Type  x          y          demand  ReadyTime  DueDate  ServiceTime
D0        d     -3431.23    4831.06     0.0     0.0        32400.0  0.0
D1        d     4175.73     9893.42     0.0     0.0        32400.0  0.0
C1        c     -66437.82   9207.56     703.0   3270.0     24488.0  1406.0
C2        c     7806.14     4814.04     369.0   3977.0     23657.0  738.0
C3        c     -17834.73   -18894.80   524.0   1067.0     22106.0  1048.0
C4        c     20197.42    -15127.03   797.0   1882.0     22381.0  1594.0
C5        c     -58301.63   10432.38    215.0   2523.0     22254.0  430.0
C6        c     15715.25    -16053.78   476.0   2319.0     22218.0  952.0
C7        c     12430.69    9641.08     211.0   3668.0     22921.0  422.0
C8        c     2597.64     -15892.92   240.0   1155.0     20350.0  480.0
C9        c     62309.03    -4102.92    351.0   1009.0     21222.0  702.0
C10       c     54794.76    -11279.87   769.0   1195.0     22006.0  1538.0
C11       c     4707.63     -18156.94   152.0   1578.0     20226.0  304.0
C12       c     50365.11    9758.68     136.0   4987.0     24132.0  272.0
C13       c     21312.84    6044.41     419.0   4641.0     25219.0  838.0
C14       c     3643.83     7365.62     460.0   4698.0     24593.0  920.0
C15       c     67885.98    23616.33    216.0   4463.0     23793.0  432.0
C16       c     -38735.72   -27333.67   317.0   2751.0     21554.0  634.0
C17       c     -48642.97   5119.76     794.0   1902.0     21927.0  1588.0
C18       c     -31345.80   1358.38     737.0   2763.0     23181.0  1474.0
C19       c     -57976.84   11962.02    354.0   1184.0     20045.0  708.0
C20       c     -1014.57    23261.17    717.0   3565.0     24147.0  1434.0
F1        f     -3431.23    4831.06     0.0     0.0        32400.0  0.0
F2        f     -58301.63   10432.38    0.0     0.0        32400.0  0.0
F3        f     4707.63     -18156.94   0.0     0.0        32400.0  0.0

m numVeh /3/
m numPetrolVeh /2/
m numElectroVeh /1/

DistanceMatrix
0 9137 63158 11237 27756 30930 55156 28333 16575 21583 66345 60414 24386 54022 24774 7515 73750 47760 45213 28130 55010 18588 0 55156 24386
9137 0 70617 6243 36238 29711 62480 28397 8259 25835 59794 54869 28055 46190 17564 2583 65171 56809 53034 36533 62187 14340 9137 62480 28055
63158 70617 0 74374 56143 89988 8228 85949 78870 73457 129433 122952 76227 116804 87808 70106 135094 45855 18258 35959 8898 66916 63158 8228 76227
11237 6243 74374 0 34922 23477 66346 22316 6685 21352 55228 49668 23179 42845 13563 4882 62953 56565 56450 39304 66170 20448 11237 66346 23179
27756 36238 56143 34922 0 38218 49977 33670 41597 20652 81497 73028 22554 73975 46417 33925 95683 22540 39062 24346 50631 45388 27756 49977 22554
30930 29711 89988 23477 38218 0 82555 4577 25957 17616 43531 34811 15783 39107 21201 27927 61443 60184 71756 54115 82735 43859 30930 82555 15783
55156 62480 8228 66346 49977 82555 0 78613 70737 66346 121483 115162 69192 108669 79735 62021 126874 42534 11023 28442 1564 58706 55156 0 69192
28333 28397 85949 22316 33670 4577 78613 0 25904 13119 48102 39370 11207 43208 22796 26347 65540 55607 67752 50179 78838 42726 28333 78613 11207
16575 8259 78870 6685 41597 25957 70737 25904 0 27362 51737 47248 28851 37935 9583 9077 57189 63128 61241 44553 70446 19138 16575 70737 28851
21583 25835 73457 21352 20652 17616 66346 13119 27362 0 60864 52401 3095 54219 28836 23282 76312 42887 55382 38076 66672 39320 21583 66346 3095
66345 59794 129433 55228 81497 43531 121483 48102 51737 60864 0 10391 59291 18298 42233 59776 28275 103681 111335 93814 121354 68983 66345 121483 59291
60414 54869 122952 49668 73028 34811 115162 39370 47248 52401 10391 0 50557 21500 37698 54443 37271 94898 104730 87063 115142 65634 60414 115162 50557
24386 28055 76227 23179 22554 15783 69192 11207 28851 3095 59291 50557 0 53515 29350 25545 75740 44402 58207 40996 69545 41812 24386 69192 0
54022 46190 116804 42845 73975 39107 108669 43208 37935 54219 18298 21500 53515 0 29289 46783 22339 96513 99117 82142 108364 53124 54022 108669 53515
24774 17564 87808 13563 46417 21201 79735 22796 9583 28836 42233 37698 29350 29289 0 17718 49778 68702 69962 52867 79510 28195 24774 79735 29350
7515 2583 70106 4882 33925 27927 62021 26347 9077 23282 59776 54443 25545 46783 17718 0 66266 54773 52335 35502 61792 16564 7515 62021 25545
73750 65171 135094 62953 95683 61443 126874 65540 57189 76312 28275 37271 75740 22339 49778 66266 0 118170 117988 101697 126401 68901 73750 126874 75740
47760 56809 45855 56565 22540 60184 42534 55607 63128 42887 103681 94898 44402 96513 68702 54773 118170 0 33932 29628 43754 63109 47760 42534 44402
45213 53034 18258 56450 39062 71756 11023 67752 61241 55382 111335 104730 58207 99117 69962 52335 117988 33932 0 17701 11573 50966 45213 11023 58207
28130 36533 35959 39304 24346 54115 28442 50179 44553 38076 93814 87063 40996 82142 52867 35502 101697 29628 17701 0 28664 37413 28130 28442 40996
55010 62187 8898 66170 50631 82735 1564 78838 70446 66672 121354 115142 69545 108364 79510 61792 126401 43754 11573 28664 0 58072 55010 1564 69545
18588 14340 66916 20448 45388 43859 58706 42726 19138 39320 68983 65634 41812 53124 28195 16564 68901 63109 50966 37413 58072 0 18588 58706 41812
0 9137 63158 11237 27756 30930 55156 28333 16575 21583 66345 60414 24386 54022 24774 7515 73750 47760 45213 28130 55010 18588 0 55156 24386
55156 62480 8228 66346 49977 82555 0 78613 70737 66346 121483 115162 69192 108669 79735 62021 126874 42534 11023 28442 1564 58706 55156 0 69192
24386 28055 76227 23179 22554 15783 69192 11207 28851 3095 59291 50557 0 53515 29350 25545 75740 44402 58207 40996 69545 41812 24386 69192 0
