StringID  Type  x          y          demand  ReadyTime  DueDate  ServiceTime
D0        d     25155.07    -2515.36    0.0     0.0        32400.0  0.0
D1        d     -49437.68   7970.05     0.0     0.0        32400.0  0.0
C1        c     -4367.78    -39938.61   178.0   2118.0     21122.0  356.0
C2        c     45992.40    84059.08    397.0   2997.0     22314.0  794.0
C3        c     108771.20   -51743.98   693.0   2954.0     23481.0  1386.0
C4        c     -66458.39   44488.36    346.0   4246.0     24493.0  692.0
C5        c     -37330.76   35229.15    785.0   4758.0     25737.0  1570.0
C6        c     -47568.30   -26532.46   803.0   4536.0     25159.0  1606.0
C7        c     -13760.90   -31854.90   609.0   4302.0     24706.0  1218.0
C8        c     -42125.77   -23034.34   216.0   746.0      20998.0  432.0
C9        c     53238.66    -53511.08   345.0   2949.0     22103.0  690.0
C10       c     -18252.78   -27087.42   748.0   2827.0     22474.0  1496.0
C11       c     46780.16    11741.78    473.0   5217.0     25832.0  946.0
C12       c     -15234.82   -22586.86   103.0   3514.0     22139.0  206.0
C13       c     -62811.27   33302.86    486.0   1517.0     21662.0  972.0
C14       c     -50553.98   -10084.47   410.0   4745.0     23584.0  820.0
C15       c     78523.66    80166.93    627.0   3881.0     24864.0  1254.0
F1        f     25155.07    -2515.36    0.0     0.0        32400.0  0.0
F2        f     -13760.90   -31854.90   0.0     0.0        32400.0  0.0

m numVeh /2/
m numPetrolVeh /2/
m numElectroVeh /0/

DistanceMatrix
0 75326 47667 89047 97032 102968 73001 76587 48737 70340 58217 49880 25902 45102 94979 76086 98410 0 48737
75326 0 65776 122051 169103 40290 29827 34553 53468 31855 119676 46920 96292 45865 28646 18089 146923 75326 53468
47667 65776 0 133834 113753 104801 82078 45233 12393 41369 59184 18919 72712 20474 93701 54995 145933 47667 12393
89047 122051 133834 0 149612 119210 96577 144859 130409 138686 137761 128378 72322 122972 120060 134849 32763 89047 130409
97032 169103 113753 149612 0 199915 170030 158359 124136 153604 55561 129395 88732 127388 191503 164682 135334 97032 124136
102968 40290 104801 119210 199915 0 30564 73490 92765 71773 154697 86295 117878 84398 11765 56843 149308 102968 92765
73001 29827 82078 96577 170030 30564 0 62604 71104 58460 126798 65171 87329 61894 25553 47204 124264 73001 71104
76587 34553 45233 144859 158359 73490 62604 0 34224 6470 104355 29321 101816 32573 61746 16717 165179 76587 34224
48737 53468 12393 130409 124136 92765 71104 34224 0 29705 70413 6550 74605 9385 81557 42751 145139 48737 0
70340 31855 41369 138686 153604 71773 58460 6470 29705 0 100116 24215 95465 26895 60015 15451 158766 70340 29705
58217 119676 59184 137761 55561 154697 126798 104355 70413 100116 0 76218 65572 75133 144928 112511 136048 58217 70413
49880 46920 18919 128378 129395 86295 65171 29321 6550 24215 76218 0 75743 5419 75050 36503 144462 49880 6550
25902 96292 72712 72322 88732 117878 87329 101816 74605 95465 65572 75743 0 70882 111692 99751 75430 25902 74605
45102 45865 20474 122972 127388 84398 61894 32573 9385 26895 75133 5419 70882 0 73397 37467 139101 45102 9385
94979 28646 93701 120060 191503 11765 25553 61746 81557 60015 144928 75050 111692 73397 0 45085 148902 94979 81557
76086 18089 54995 134849 164682 56843 47204 16717 42751 15451 112511 36503 99751 37467 45085 0 157500 76086 42751
98410 146923 145933 32763 135334 149308 124264 165179 145139 158766 136048 144462 75430 139101 148902 157500 0 98410 145139
0 75326 47667 89047 97032 102968 73001 76587 48737 70340 58217 49880 25902 45102 94979 76086 98410 0 48737
48737 53468 12393 130409 124136 92765 71104 34224 0 29705 70413 6550 74605 9385 81557 42751 145139 48737 0
