StringID  Type  x          y          demand  ReadyTime  DueDate  ServiceTime
D0        d     28287.03    2901.48     0.0     0.0        32400.0  0.0
D1        d     -10909.84   -7211.57    0.0     0.0        32400.0  0.0
C1        c     -19303.43   9460.24     646.0   3439.0     23893.0  1292.0
C2        c     -47775.56   -6708.42    343.0   888.0      21053.0  686.0
C3        c     -29247.86   -11383.58   372.0   812.0      19633.0  744.0
C4        c     18344.66    6044.91     321.0   1499.0     20303.0  642.0
C5        c     8163.33     19181.77    333.0   2456.0     22198.0  666.0
C6        c     29619.77    31926.33    602.0   2740.0     23447.0  1204.0
C7        c     -21603.97   20022.82    828.0   1770.0     22964.0  1656.0
C8        c     24631.64    -13122.13   664.0   3096.0     23216.0  1328.0
C9        c     4293.23     -3329.83    270.0   4708.0     24625.0  540.0
C10       c     10803.65    -13354.86   693.0   2082.0     22372.0  1386.0
C11       c     31480.11    -17494.24   784.0   1160.0     21671.0  1568.0
C12       c     24037.84    16237.75    458.0   4933.0     25033.0  916.0
C13       c     32142.15    -11641.96   157.0   2887.0     21797.0  314.0
C14       c     -25274.47   14873.95    407.0   5269.0     25930.0  814.0
C15       c     13368.08    1437.13     161.0   5272.0     24450.0  322.0
C16       c     18334.40    -12456.64   180.0   4347.0     22903.0  360.0
C17       c     37217.27    -6257.63    485.0   2027.0     21915.0  970.0
C18       c     -17251.29   13008.55    263.0   2251.0     21743.0  526.0
C19       c     8834.04     -8976.35    557.0   953.0      20342.0  1114.0
C20       c     -37.49      -12229.46   136.0   1888.0     21069.0  272.0
C21       c     -43711.18   1230.07     150.0   3514.0     22083.0  300.0
C22       c     19475.91    7206.78     396.0   1902.0     22448.0  792.0
C23       c     -57180.57   -6814.66    730.0   2522.0     22024.0  1460.0
C24       c     11587.54    -10971.66   368.0   3971.0     23770.0  736.0
C25       c     -59683.36   -7624.60    216.0   3582.0     22901.0  432.0
F1        f     28287.03    2901.48     0.0     0.0        32400.0  0.0
F2        f     -29247.86   -11383.58   0.0     0.0        32400.0  0.0
F3        f     8163.33     19181.77    0.0     0.0        32400.0  0.0

m numVeh /3/
m numPetrolVeh /2/
m numElectroVeh /1/

DistanceMatrix
0 40480 48040 76667 59282 10427 25885 29055 52747 16435 24790 23873 20644 13997 15046 54883 14991 18301 12792 46646 22793 32113 72018 9807 86018 21710 88598 0 59282 25885
40480 0 18666 36869 18807 32118 32564 56342 29259 36030 15691 22566 43619 42086 43279 26346 25772 29711 48137 21191 19823 11974 33870 33633 46272 22809 48775 40480 18807 32564
48040 18666 0 32743 23095 37803 29136 53835 10810 49399 26840 37775 57494 43868 55605 8060 33642 43554 58666 4099 33640 29011 25758 38845 41226 37037 43846 48040 23095 29136
76667 36869 32743 0 19108 67339 61640 86502 37410 72691 52178 58955 79986 75390 80070 31178 61684 66359 84994 36339 56655 48056 8918 68676 9406 59516 11943 76667 19108 61640
59282 18807 23095 19108 0 50683 48310 73083 32323 53908 34494 40100 61035 60019 61391 26556 44503 47594 66662 27183 38158 29223 19191 52150 28304 40837 30667 59282 0 48310
10427 32118 37803 67339 50683 0 16620 28231 42323 20172 16892 20814 26956 11675 22432 44504 6782 18502 22528 36271 17779 25920 62242 1622 76612 18309 79216 10427 50683 16620
25885 32564 29136 61640 48310 16620 0 24956 29779 36259 22842 32644 43460 16145 39052 33714 18492 33233 38617 26154 28166 32464 54893 16473 70325 30347 72950 25885 48310 0
29055 56342 53835 86502 73083 28231 24956 0 52589 45324 43410 49035 49456 16652 43641 57482 34550 45795 38932 50545 45881 53191 79496 26720 95053 46534 97669 29055 73083 24956
52747 29259 10810 37410 32323 42323 29779 52589 0 56889 34871 46522 65003 45798 62380 6323 39604 51478 64425 8255 42041 38798 29015 43033 44564 45413 47058 52747 32323 29779
16435 36030 49399 72691 53908 20172 36259 45324 56889 0 22573 13830 8125 29366 7655 57222 18408 6332 14336 49366 16333 24685 69834 20973 82055 13220 84494 16435 53908 36259
24790 15691 26840 52178 34494 16892 22842 43410 34871 22573 0 11954 30655 27798 29063 34722 10251 16747 33054 27039 7246 9897 48220 18481 61572 10564 64121 24790 34494 22842
23873 22566 37775 58955 40100 20814 32644 49035 46522 13830 11954 0 21087 32417 21407 45809 15013 7584 27351 38498 4801 10899 56432 22316 68298 2509 70720 23873 40100 32644
20644 43619 57494 79986 61035 26956 43460 49456 65003 8125 30655 21087 0 34543 5890 65336 26200 14078 12617 57491 24195 31954 77488 27463 89302 20935 91696 20644 61035 43460
13997 42086 43868 75390 60019 11675 16145 16652 45798 29366 27798 32417 34543 0 29034 49331 18246 29256 26072 41415 29443 37283 69391 10118 84427 29923 87055 13997 60019 16145
15046 43279 55605 80070 61391 22432 39052 43641 62380 7655 29063 21407 5890 29034 0 63244 22881 13832 7399 55203 23460 32185 76938 22709 89453 20566 91913 15046 61391 39052
54883 26346 8060 31178 26556 44504 33714 57482 6323 57222 34722 45809 65336 49331 63244 0 40912 51465 65968 8237 41620 37034 22936 45402 38580 45020 41112 54883 26556 33714
14991 25772 33642 61684 44503 6782 18492 34550 39604 18408 10251 15013 26200 18246 22881 40912 0 14755 25060 32733 11358 19144 57080 8402 71030 12536 73611 14991 44503 18492
18301 29711 43554 66359 47594 18502 33233 45795 51478 6332 16747 7584 14078 29256 13832 51465 14755 0 19874 43759 10118 18373 63537 19697 75725 6908 78167 18301 47594 33233
12792 48137 58666 84994 66662 22528 38617 38932 64425 14336 33054 27351 12617 26072 7399 65968 25060 19874 0 57776 28513 37730 81274 22272 94399 26060 96910 12792 66662 38617
46646 21191 4099 36339 27183 36271 26154 50545 8255 49366 27039 38498 57491 41415 55203 8237 32733 43759 57776 0 34114 30550 28963 37183 44579 37506 47183 46646 27183 26154
22793 19823 33640 56655 38158 17779 28166 45881 42041 16333 7246 4801 24195 29443 23460 41620 11358 10118 28513 34114 0 9449 53527 19369 66050 3400 68531 22793 38158 28166
32113 11974 29011 48056 29223 25920 32464 53191 38798 24685 9897 10899 31954 37283 32185 37034 19144 18373 37730 30550 9449 0 45701 27542 57399 11693 59823 32113 29223 32464
72018 33870 25758 8918 19191 62242 54893 79496 29015 69834 48220 56432 77488 69391 76938 22936 57080 63537 81274 28963 53527 45701 0 63469 15689 56629 18262 72018 19191 54893
9807 33633 38845 68676 52150 1622 16473 26720 43033 20973 18481 22316 27463 10118 22709 45402 8402 19697 22272 37183 19369 27542 63469 0 77928 19816 80537 9807 52150 16473
86018 46272 41226 9406 28304 76612 70325 95053 44564 82055 61572 68298 89302 84427 89453 38580 71030 75725 94399 44579 66050 57399 15689 77928 0 68894 2631 86018 28304 70325
21710 22809 37037 59516 40837 18309 30347 46534 45413 13220 10564 2509 20935 29923 20566 45020 12536 6908 26060 37506 3400 11693 56629 19816 68894 0 71349 21710 40837 30347
88598 48775 43846 11943 30667 79216 72950 97669 47058 84494 64121 70720 91696 87055 91913 41112 73611 78167 96910 47183 68531 59823 18262 80537 2631 71349 0 88598 30667 72950
0 40480 48040 76667 59282 10427 25885 29055 52747 16435 24790 23873 20644 13997 15046 54883 14991 18301 12792 46646 22793 32113 72018 9807 86018 21710 88598 0 59282 25885
59282 18807 23095 19108 0 50683 48310 73083 32323 53908 34494 40100 61035 60019 61391 26556 44503 47594 66662 27183 38158 29223 19191 52150 28304 40837 30667 59282 0 48310
25885 32564 29136 61640 48310 16620 0 24956 29779 36259 22842 32644 43460 16145 39052 33714 18492 33233 38617 26154 28166 32464 54893 16473 70325 30347 72950 25885 48310 0
