StringID  Type  x          y          demand  ReadyTime  DueDate  ServiceTime
D0        d     30952.27    31322.18    0.0     0.0        86400.0  0.0
D1        d     -16533.96   -28732.77   0.0     0.0        86400.0  0.0
C001      c     -10764.69   -29803.46   323.0   2132.0     22029.0  646.0
C002      c     56762.01    22398.85    775.0   1414.0     21445.0  1550.0
C003      c     -8463.01    -27066.37   462.0   1060.0     21675.0  924.0
C004      c     83526.11    44380.69    593.0   3501.0     23440.0  1186.0
C005      c     6104.91     3703.91     699.0   4117.0     23769.0  1398.0
C006      c     16583.26    14493.79    525.0   5211.0     25059.0  1050.0
C007      c     57709.42    48789.56    360.0   2980.0     23155.0  720.0
C008      c     7201.18     -30892.81   397.0   1363.0     21724.0  794.0
C009      c     -33711.15   -33594.87   114.0   4314.0     24253.0  228.0
C010      c     -24146.21   -26447.02   329.0   3508.0     22576.0  658.0
C011      c     52709.41    44711.28    365.0   5214.0     25039.0  730.0
C012      c     38394.36    -60808.32   126.0   4151.0     23112.0  252.0
C013      c     -50.05      -40952.05   819.0   4364.0     24723.0  1638.0
C014      c     -31399.77   43738.23    600.0   1479.0     20701.0  1200.0
C015      c     80042.34    62233.50    656.0   5098.0     26349.0  1312.0
C016      c     -54966.60   -6001.32    330.0   2475.0     22437.0  660.0
C017      c     -57908.91   35862.97    391.0   2796.0     21612.0  782.0
C018      c     43306.49    37022.68    126.0   2693.0     21342.0  252.0
C019      c     4893.90     -18496.30   195.0   1399.0     20653.0  390.0
C020      c     -29820.85   35816.87    127.0   910.0      20888.0  254.0
C021      c     -23030.79   -31668.31   409.0   2835.0     21991.0  818.0
C022      c     -34170.35   17673.25    704.0   4011.0     24061.0  1408.0
C023      c     -16130.09   -63789.52   622.0   37532.0    58557.0  1244.0
C024      c     -9501.87    24084.10    569.0   33635.0    53695.0  1138.0
C025      c     25464.66    -30547.32   621.0   36485.0    56142.0  1242.0
C026      c     -34873.44   39084.32    449.0   33447.0    52980.0  898.0
C027      c     18200.29    -71506.39   626.0   34232.0    54634.0  1252.0
C028      c     -37735.30   15790.30    173.0   35625.0    55579.0  346.0
C029      c     13801.11    -30953.62   627.0   36225.0    57169.0  1254.0
C030      c     24875.64    -26597.20   490.0   33264.0    52454.0  980.0
C031      c     30431.20    -38202.48   586.0   33555.0    53686.0  1172.0
C032      c     -43424.49   -22581.02   609.0   35417.0    54941.0  1218.0
C033      c     4649.88     -74887.82   533.0   37699.0    58403.0  1066.0
C034      c     25125.74    -20900.21   126.0   33851.0    53528.0  252.0
C035      c     -35407.79   15216.09    749.0   37302.0    56862.0  1498.0
C036      c     24761.31    13471.28    546.0   34293.0    54647.0  1092.0
C037      c     27798.62    -61145.83   191.0   35199.0    54875.0  382.0
C038      c     64527.61    -57624.03   614.0   33422.0    53369.0  1228.0
C039      c     -32173.56   -14046.90   472.0   34541.0    54181.0  944.0
C040      c     -10151.33   42030.06    463.0   36091.0    56377.0  926.0
C041      c     29756.37    -36710.37   745.0   37648.0    58206.0  1490.0
C042      c     59655.91    39631.21    585.0   34969.0    55624.0  1170.0
C043      c     -20001.76   -875.76     771.0   34044.0    55323.0  1542.0
C044      c     -49992.13   46919.20    571.0   35301.0    55031.0  1142.0
C045      c     28701.59    -54161.35   561.0   66296.0    85580.0  1122.0
C046      c     63841.58    26924.70    104.0   66202.0    84964.0  208.0
C047      c     68812.33    37536.25    573.0   65944.0    86093.0  1146.0
C048      c     56985.03    -15905.03   336.0   67061.0    85990.0  672.0
C049      c     -13827.06   -9138.35    316.0   67140.0    86050.0  632.0
C050      c     81544.27    25091.26    207.0   65454.0    84055.0  414.0
F1        f     30952.27    31322.18    0.0     0.0        86400.0  0.0
F2        f     -24474.97   35139.51    0.0     0.0        86400.0  0.0
F3        f     3072.61     16104.81    0.0     0.0        86400.0  0.0
F4        f     -45284.41   -27405.90   0.0     0.0        86400.0  0.0
F5        f     12560.87    -59159.83   0.0     0.0        86400.0  0.0
F6        f     24525.11    -24839.84   0.0     0.0        86400.0  0.0

m numVeh /7/
m numPetrolVeh /4/
m numElectroVeh /3/

DistanceMatrix
0 76561 74004 27309 70447 54171 37151 22128 31954 66594 91627 79832 25547 92431 78643 63576 58012 93675 88977 13606 56222 60939 82958 66538 106127 41097 62112 66282 103616 70422 64594 58237 69527 91856 109418 52546 68287 18894 92522 95072 77738 42475 68043 29882 60275 82433 85513 33182 38367 53927 60351 50974 0 55559 31762 96234 92332 56529
76561 0 5868 89369 8241 123926 39556 54454 107340 23833 17852 7948 100939 63608 20519 73980 132672 44652 76710 88908 23747 65903 7129 49644 35059 53283 42038 70253 55100 49313 30416 41465 47910 27585 50784 42390 47830 59046 54918 86056 21454 71050 46973 102365 28072 82720 51893 97765 108054 74630 19781 111877 76561 64364 48937 28781 42099 41243
74004 5868 0 85352 3576 119975 37514 52059 104238 17999 23258 13796 97885 58120 15463 76382 129293 50203 80837 85962 19314 68331 12407 52933 34407 53902 36237 72985 50775 52974 24593 35784 42043 33449 47647 36978 51323 55989 49694 80268 26582 71836 41105 98895 30367 86169 46378 93724 104246 69161 20891 107398 74004 66374 47948 34603 37495 35637
27309 89369 85352 0 81860 34634 53997 40949 26408 72776 106399 94510 22677 85210 85094 90708 46139 115282 115459 19872 66051 87616 96385 91055 112879 66285 61505 93142 101515 94728 68499 58458 66074 109820 110365 53625 92449 33223 88423 80399 96114 69734 64986 17474 80215 109534 81540 8403 19348 38305 77314 24928 27309 82230 54057 113552 92766 57190
70447 8241 3576 81860 0 116476 34045 48524 100662 16125 26079 15695 94309 57742 16235 74427 125729 51052 80031 82386 15870 66411 15277 51599 37515 51161 34106 71228 51825 51900 22601 33342 40457 35248 49587 34150 50138 52413 49763 79129 27050 69117 39417 95335 28620 84844 45993 90239 100722 66393 18713 104028 70447 64234 44686 36823 38367 33063
54171 123926 119975 34634 116476 0 87457 73311 26190 107199 140800 128879 30818 114462 119443 114928 18190 147372 141691 40887 100680 113670 130912 120689 147079 95216 94791 118518 133031 124586 102649 92075 98179 143528 142991 87591 122458 66398 119337 103759 129616 93707 97298 24338 112987 133542 112766 26310 16228 65870 111094 19391 54171 108396 85278 147463 125526 90954
37151 39556 37514 53997 34045 87457 0 15041 68525 34614 54557 42711 62077 72142 45078 54858 94300 61838 71638 49941 22233 48186 45827 42629 71062 25670 39344 54139 76177 45476 35502 35644 48455 56072 78605 31099 43079 21059 68382 84701 42194 41631 46826 64486 26505 70813 62121 62231 71252 54528 23711 78412 37151 43856 12766 60072 63194 33971
22128 54454 52059 40949 48524 73311 15041 0 53550 46346 69585 57750 47098 78397 57887 56193 79411 74427 77497 34953 35000 51069 60829 50853 84844 27792 45908 57031 86015 54334 45532 41919 54485 70537 90175 36410 51996 8242 76467 86600 56496 38379 52872 49871 39682 74052 69716 48866 57086 50561 38513 65820 22128 45957 13606 74721 73763 40127
31954 107340 104238 26408 100662 26190 68525 53550 0 94342 123065 111180 6452 111287 106723 89252 26067 125291 116339 18598 85539 88486 113984 97006 134634 71608 85639 93090 126618 100988 91032 82227 91169 123781 134579 76931 98985 48301 113932 106632 109669 68197 89953 9363 92226 107718 106960 22708 15809 64699 92050 33611 31954 83310 63667 128115 117011 80762
66594 23833 17999 72776 16125 107199 34614 46346 94342 0 41001 31661 88244 43220 12400 84023 118230 66966 93251 76916 12609 76294 30242 63799 40330 57458 18267 81652 42077 64797 6600 18189 24353 51303 44069 20522 62782 47713 36599 63252 42827 74959 23293 87893 40510 96570 31681 80938 92079 51991 30256 93065 66594 73237 47179 52601 28771 18351
91627 17852 23258 106399 26079 140800 54557 69585 123065 41001 0 11941 116621 77070 34456 77368 148738 34831 73552 104492 41453 69521 10853 51270 34940 62554 59254 72688 64281 49549 47586 59003 64308 14685 56362 60191 48840 75062 67398 101135 19608 79210 63544 118657 35475 82144 65714 114800 124783 92405 31520 129336 91627 69352 61831 13124 52865 58891
79832 7948 13796 94510 15695 128879 42711 57750 111180 31661 11941 0 104739 71358 28125 70559 136819 36985 70869 92619 30109 62522 5339 45245 38193 52610 49780 66404 61835 44370 38214 49022 55829 19662 56354 49583 43158 63130 62468 93995 14772 69893 54871 106720 25905 77786 59674 102910 112850 81813 20151 117587 79832 61587 50513 21160 49168 48698
25547 100939 97885 22677 94309 30818 62077 47098 6452 88244 116621 104739 0 106486 100607 84115 32467 119021 110972 12146 79256 83008 107566 90990 128496 65542 80038 87763 121233 94956 85083 76548 85855 117346 128894 71174 92923 41917 108749 103015 103236 62918 84595 8606 85820 102725 101746 20983 17629 60767 85597 34877 25547 77776 57290 121670 111360 75045
92431 63608 58120 85210 57742 114462 72142 78397 111287 43220 77070 71358 106486 0 43269 125703 129899 108259 136454 97954 53968 118278 67987 106888 54606 97472 32908 123882 22853 107996 38680 36785 23967 90309 36564 42056 105955 75520 10601 26327 84655 113721 25599 102665 83678 139346 11753 91349 102941 48600 73463 96128 92431 114711 84636 90099 25886 38550
78643 20519 15463 85094 16235 119443 45078 57887 106723 12400 34456 28125 100607 43269 0 90306 130622 65095 96168 89218 22994 82339 24785 67832 27931 65719 27555 87284 35590 68117 17083 28764 30605 47105 34260 32185 66370 59812 34400 66695 41902 83595 30107 100292 44768 101072 31641 93217 104415 62292 34669 104973 78643 79916 57142 47219 22149 29386
63576 73980 76382 90708 74427 114928 54858 56193 89252 84023 77368 70559 84115 125703 90306 0 112966 55040 27654 75007 72044 8077 75870 26212 108607 29425 93552 5807 125465 28657 87304 90078 102652 67401 123983 85868 28802 63798 120437 139558 57790 21317 101055 91148 46047 18863 114876 96714 100404 106626 55720 114473 63576 11040 44181 72486 111895 88490
58012 132672 129293 46139 125729 18190 94300 79411 26067 118230 148738 136819 32467 129899 130622 112966 0 151273 140449 44555 110293 112995 139433 122598 158527 97332 107643 117224 147346 126604 114332 104567 112021 149792 156481 99635 124657 73714 133985 120857 135688 92429 110989 30438 118286 130933 127215 38848 27131 81469 117921 37173 58012 107972 89734 154084 138889 103266
93675 44652 50203 115282 51052 147372 61838 74427 125291 66966 34831 36985 119021 108259 65095 55040 151273 0 41968 107278 61151 48796 40972 31511 69626 54518 84093 49360 98205 27781 73155 82456 91267 20202 91101 81466 28857 82071 99453 130168 24171 65692 90117 123372 35339 53154 96539 123286 131213 112389 41259 140007 93675 51208 62107 23493 85941 81693
88977 76710 80837 115459 80031 141691 71638 77497 116339 93251 73552 70869 110972 136454 96168 27654 140449 41968 0 101222 83061 28088 76006 29906 108056 49820 106590 23260 131608 28459 98014 103704 115281 60212 127198 100582 30538 85649 129447 154047 56154 48154 113807 117625 52789 13598 124923 122078 126732 126018 62995 139869 88977 33442 64103 64516 118302 102373
13606 88908 85962 19872 82386 40887 49941 34953 18598 76916 104492 92619 12146 97954 89218 75007 44555 107278 101222 0 67512 73137 95494 79857 117029 54370 69886 78207 111395 83777 74104 66236 76319 105237 118399 60709 81679 29977 99386 96997 91134 53692 74968 16556 73785 93822 92346 22884 25511 54667 73451 40056 13606 67808 45347 109542 100977 64651
56222 23747 19314 66051 15870 100680 22233 35000 85539 12609 41453 30109 79256 53968 22994 72044 110293 61151 83061 67512 0 64460 30875 53238 49935 44948 23841 69978 54655 54707 15314 21561 32257 48491 56392 20374 52543 37638 48411 71324 37334 62368 30820 79860 30500 85391 42881 74417 85001 52156 20930 88177 56222 61150 34649 50963 41380 20631
60939 65903 68331 87616 66411 113670 48186 51069 88486 76294 69521 62522 83008 118278 82339 8077 112995 48796 28088 73137 64460 0 67826 18658 100543 23463 86375 6017 117577 21534 79757 82989 95442 59961 115947 78968 21345 58979 112791 132789 49919 20627 93860 89558 37984 23025 107336 94084 98648 101047 47716 111880 60939 5389 38348 65086 104004 81442
82958 7129 12407 96385 15277 130912 45827 60829 113984 30242 10853 5339 107566 67987 24785 75870 139433 40972 76006 95494 30875 67826 0 50583 32854 57370 48508 71737 57333 49684 36839 48174 53860 22327 51324 49346 48491 65739 58758 91325 19852 74815 53027 109182 30941 83084 56411 104785 114998 81554 24337 118986 82958 66823 54439 22658 44973 48044
66538 49644 52933 91055 51599 120689 42629 50853 97006 63799 51270 45245 90990 106888 67832 26212 122598 31511 29906 79857 53238 18658 50583 0 83436 25488 76691 21423 103420 4032 68307 73799 85413 41304 100372 70739 2751 59081 100263 124141 31783 34208 83930 96361 23341 33251 95463 98448 104881 97143 33656 115952 66538 19977 37276 46429 89928 72474
106127 35059 34407 112879 37515 147079 71062 84844 134634 40330 34940 38193 128496 54606 27931 108607 158527 69626 108056 117029 49935 100543 32854 83436 0 88123 53246 104567 35187 82460 44431 55360 53129 49428 23558 59511 81324 87415 44008 80893 52266 105988 53281 128216 63033 115772 45854 120932 132220 87400 54700 132061 106127 99280 82170 46623 29062 56302
41097 53283 53902 66285 51161 95216 25670 27792 71608 57458 62554 52610 65542 97472 65719 29425 97332 54518 49820 54370 44948 23463 57370 25488 88123 0 64863 29474 99524 29426 59768 61241 73988 57692 99979 56768 27382 35869 93035 110257 44362 17958 72368 70884 27078 46486 87074 73398 79461 77586 33503 91052 41097 18612 14893 62703 86118 59594
62112 42038 36237 61505 34106 94791 39344 45908 85639 18267 59254 49780 80038 32908 27555 93552 107643 84093 106590 69886 23841 86375 48508 76691 53246 64863 0 92137 41598 78367 11671 3994 9125 69348 48983 9653 76156 44024 30687 47530 59954 80845 7510 78065 54292 108142 23835 69107 80712 34755 44746 78997 62112 82515 51748 70819 31388 5784
66282 70253 72985 93142 71228 118518 54139 57031 93090 81652 72688 66404 87763 123882 87284 5807 117224 49360 23260 78207 69978 6017 71737 21423 104567 29474 92137 0 122667 23469 85291 88792 101183 62255 120631 84841 23874 64902 118211 138683 53200 24897 99608 94531 42638 17028 112856 99461 103697 107060 52615 117256 66282 11122 44362 67300 109096 87261
103616 55100 50775 101515 51825 133031 76177 86015 126618 42077 64281 61835 121233 22853 35590 125465 147346 98205 131608 111395 54655 117577 57333 103420 35187 99524 41598 122667 0 103680 40791 45403 35479 78685 13966 51078 101954 85231 14123 48363 76414 117023 36665 118618 80300 136656 20276 108498 120216 67792 70111 115514 103616 114867 88908 77299 13574 47093
70422 49313 52974 94728 51900 124586 45476 54334 100988 64797 49549 44370 94956 107996 68117 28657 126604 27781 28459 83777 54707 21534 49684 4032 82460 29426 78367 23469 103680 0 69577 75610 86959 38791 100095 72785 2397 62540 101064 125886 30351 38071 85507 100267 24336 33455 96473 102185 108744 99883 34540 119642 70422 23457 40809 43851 90262 74345
64594 30416 24593 68499 22601 102649 35502 45532 91032 6600 47586 38214 85083 38680 17083 87304 114332 73155 98014 74104 15314 79757 36839 68307 44431 59768 11671 85291 40791 69577 0 11901 18141 57835 44877 15143 67477 45757 33279 57310 48985 76814 16962 84172 45247 100667 27579 76511 87847 45731 35203 87921 64594 76376 48266 59192 28233 12344
58237 41465 35784 58458 33342 92075 35644 41919 82227 18189 59003 49022 76548 36785 28764 90078 104567 82456 103704 66236 21561 82989 48174 73799 55360 61241 3994 88792 45403 75610 11901 0 12866 68418 52355 5702 73365 40069 34672 50348 58413 77049 11229 74806 51726 104928 27828 66204 77740 33843 42458 76701 58237 79037 47946 70165 34813 1792
69527 47910 42043 66074 40457 98179 48455 54485 91169 24353 64308 55829 85855 23967 30605 102652 112021 91267 115281 76319 32257 95442 53860 85413 53129 73988 9125 101183 35479 86959 18141 12866 0 75490 44838 18097 84784 51984 23094 39240 67103 89912 1638 83139 62744 117105 16052 73197 84909 34674 52948 81355 69527 91617 60809 76481 27542 14610
91856 27585 33449 109820 35248 143528 56072 70537 123781 51303 14685 19662 117346 90309 47105 67401 149792 20202 60212 105237 48491 59961 22327 41304 49428 57692 69348 62255 78685 38791 57835 68418 75490 0 71043 68571 38638 77130 80994 113497 14121 72675 74532 120399 31933 69810 78737 118139 127323 100631 32507 133753 91856 60751 60486 5171 66876 67987
109418 50784 47647 110365 49587 142991 78605 90175 134579 44069 56362 56354 128894 36564 34260 123983 156481 91101 127198 118399 56392 115947 51324 100372 23558 99979 48983 120631 13966 100095 44877 52355 44838 71043 0 57740 98607 90619 26920 62317 71117 117851 45693 127044 78010 133502 31750 117769 129445 78854 68296 126129 109418 113817 91006 68905 17605 53850
52546 42390 36978 53625 34150 87591 31099 36410 76931 20522 60191 49583 71174 42056 32185 85868 99635 81466 100582 60709 20374 78968 49346 70739 59511 56768 9653 84841 51078 72785 15143 5702 18097 68571 57740 0 70489 34373 40334 53862 57708 72144 16474 69688 49371 101204 33453 61532 72961 32249 40690 72789 52546 74838 43078 70710 40270 3985
68287 47830 51323 92449 50138 122458 43079 51996 98985 62782 48840 43158 92923 105955 66370 28802 124657 28857 30538 81679 52543 21345 48491 2751 81324 27382 76156 23874 101954 2397 67477 73365 84784 38638 98607 70489 0 60194 99127 123664 29441 36836 83323 98149 22278 34897 94463 99938 106583 97493 32540 117368 68287 22726 38491 43751 88503 72086
18894 59046 55989 33223 52413 66398 21059 8242 48301 47713 75062 63130 41917 75520 59812 63798 73714 82071 85649 29977 37638 58979 65739 59081 87415 35869 44024 64902 85231 62540 45757 40069 51984 77130 90619 34373 60194 0 74679 81461 63236 45105 50430 43612 47006 81895 67747 41331 50196 43604 44724 57960 18894 53793 21848 81101 73649 38312
92522 54918 49694 88423 49763 119337 68382 76467 113932 36599 67398 62468 108749 10601 34400 120437 133985 99453 129447 99386 48411 112791 58758 100263 44008 93035 30687 118211 14123 101064 33279 34672 23094 80994 26920 40334 99127 74679 0 36897 76256 109934 24514 105692 76924 133152 7043 95160 106866 53838 66614 101614 92522 109560 81111 80495 15367 36453
95072 86056 80268 80399 79129 103759 84701 86600 106632 63252 101135 93995 103015 26327 66695 139558 120857 130168 154047 96997 71324 132789 91325 124141 80893 110257 47530 138683 48363 125886 57310 50348 39240 113497 62317 53862 123664 81461 36897 0 106066 124531 40576 97377 101811 155061 35993 84552 95257 42395 92143 84448 95072 128556 95983 113894 51989 51720
77738 21454 26582 96114 27050 129616 42194 56496 109669 42827 19608 14772 103236 84655 41902 57790 135688 24171 56154 91134 37334 49919 19852 31783 52266 44362 59954 53200 76414 30351 48985 58413 67103 14121 71117 57708 29441 63236 76256 106066 0 60246 65947 106367 17934 63517 72904 104391 113397 89178 18992 120264 77738 49785 46383 18718 63532 57717
42475 71050 71836 69734 69117 93707 41631 38379 68197 74959 79210 69893 62918 113721 83595 21317 92429 65692 48154 53692 62368 20627 74815 34208 105988 17958 80845 24897 117023 38071 76814 77049 89912 72675 117851 72144 36836 45105 109934 124531 60246 0 88276 69848 44022 40140 103742 75519 79091 88678 51300 93247 42475 15895 29103 77818 103707 75326
68043 46973 41105 64986 39417 97298 46826 52872 89953 23293 63544 54871 84595 25599 30107 101055 110989 90117 113807 74968 30820 93860 53027 83930 53281 72368 7510 99608 36665 85507 16962 11229 1638 74532 45693 16474 83323 50430 24514 40576 65947 88276 0 81988 61319 115558 17483 72189 83892 34268 51573 80631 68043 90019 59173 75615 28278 12972
29882 102365 98895 17474 95335 24338 64486 49871 9363 87893 118657 106720 8606 102665 100292 91148 30438 123372 117625 16556 79860 89558 109182 96361 128216 70884 78065 94531 118618 100267 84172 74806 83139 120399 127044 69688 98149 43612 105692 97377 106367 69848 81988 0 89365 109890 98768 13378 9393 55600 88194 26278 29882 84251 61279 124525 109442 73421
60275 28072 30367 80215 28620 112987 26505 39682 92226 40510 35475 25905 85820 83678 44768 46047 118286 35339 52789 73785 30500 37984 30941 23341 63033 27078 54292 42638 80300 24336 45247 51726 62744 31933 78010 49371 22278 47006 76924 101811 17934 44022 61319 89365 0 56425 72190 88332 96765 78440 10315 104814 60275 36292 28649 36648 66763 50566
82433 82720 86169 109534 84844 133542 70813 74052 107718 96570 82144 77786 102725 139346 101072 18863 130933 53154 13598 93822 85391 23025 83084 33251 115772 46486 108142 17028 136656 33455 100667 104928 117105 69810 133502 101204 34897 81895 133152 155061 63517 40140 115558 109890 56425 0 128101 115576 119174 124060 66711 133335 82433 28105 61363 74474 123149 103451
85513 51893 46378 81540 45993 112766 62121 69716 106960 31681 65714 59674 101746 11753 31641 114876 127215 96539 124923 92346 42881 107336 56411 95463 45854 87074 23835 112856 20276 96473 27579 27828 16052 78737 31750 33453 94463 67747 7043 35993 72904 103742 17483 98768 72190 128101 0 88373 100087 47576 61933 95254 85513 103935 74794 78675 16897 29617
33182 97765 93724 8403 90239 26310 62231 48866 22708 80938 114800 102910 20983 91349 93217 96714 38848 123286 122078 22884 74417 94084 104785 98448 120932 73398 69107 99461 108498 102185 76511 66204 73197 118139 117769 61532 99938 41331 95160 84552 104391 75519 72189 13378 88332 115576 88373 0 11718 43375 85633 17797 33182 88698 61725 121903 100201 65003
38367 108054 104246 19348 100722 16228 71252 57086 15809 92079 124783 112850 17629 102941 104415 100404 27131 131213 126732 25511 85001 98648 114998 104881 132220 79461 80712 103697 120216 108744 87847 77740 84909 127323 129445 72961 106583 50196 106866 95257 113397 79091 83892 9393 96765 119174 100087 11718 0 54734 94909 17804 38367 93318 69145 131284 111868 76499
53927 74630 69161 38305 66393 65870 54528 50561 64699 51991 92405 81813 60767 48600 62292 106626 81469 112389 126018 54667 52156 101047 81554 97143 87400 77586 34755 107060 67792 99883 45731 33843 34674 100631 78854 32249 97493 43604 53838 42395 89178 88678 34268 55600 78440 124060 47576 43375 54734 0 71135 47790 53927 96132 62699 102914 62004 33667
60351 19781 20891 77314 18713 111094 23711 38513 92050 30256 31520 20151 85597 73463 34669 55720 117921 41259 62995 73451 20930 47716 24337 33656 54700 33503 44746 52615 70111 34540 35203 42458 52948 32507 68296 40690 32540 44724 66614 92143 18992 51300 51573 88194 10315 66711 61933 85633 94909 71135 0 101328 60351 45540 30378 36377 56555 41442
50974 111877 107398 24928 104028 19391 78412 65820 33611 93065 129336 117587 34877 96128 104973 114473 37173 140007 139869 40056 88177 111880 118986 115952 132061 91052 78997 117256 115514 119642 87921 76701 81355 133753 126129 72789 117368 57960 101614 84448 120264 93247 80631 26278 104814 133335 95254 17797 17804 47790 101328 0 50974 106494 78985 137264 108890 75791
0 76561 74004 27309 70447 54171 37151 22128 31954 66594 91627 79832 25547 92431 78643 63576 58012 93675 88977 13606 56222 60939 82958 66538 106127 41097 62112 66282 103616 70422 64594 58237 69527 91856 109418 52546 68287 18894 92522 95072 77738 42475 68043 29882 60275 82433 85513 33182 38367 53927 60351 50974 0 55559 31762 96234 92332 56529
55559 64364 66374 82230 64234 108396 43856 45957 83310 73237 69352 61587 77776 114711 79916 11040 107972 51208 33442 67808 61150 5389 66823 19977 99280 18612 82515 11122 114867 23457 76376 79037 91617 60751 113817 74838 22726 53793 109560 128556 49785 15895 90019 84251 36292 28105 103935 88698 93318 96132 45540 106494 55559 0 33484 65916 101311 77450
31762 48937 47948 54057 44686 85278 12766 13606 63667 47179 61831 50513 57290 84636 57142 44181 89734 62107 64103 45347 34649 38348 54439 37276 82170 14893 51748 44362 88908 40809 48266 47946 60809 60486 91006 43078 38491 21848 81111 95983 46383 29103 59173 61279 28649 61363 74794 61725 69145 62699 30378 78985 31762 33484 0 65051 75860 46224
96234 28781 34603 113552 36823 147463 60072 74721 128115 52601 13124 21160 121670 90099 47219 72486 154084 23493 64516 109542 50963 65086 22658 46429 46623 62703 70819 67300 77299 43851 59192 70165 76481 5171 68905 70710 43751 81101 80495 113894 18718 77818 75615 124525 36648 74474 78675 121903 131284 102914 36377 137264 96234 65916 65051 0 65988 69857
92332 42099 37495 92766 38367 125526 63194 73763 117011 28771 52865 49168 111360 25886 22149 111895 138889 85941 118302 100977 41380 104004 44973 89928 29062 86118 31388 109096 13574 90262 28233 34813 27542 66876 17605 40270 88503 73649 15367 51989 63532 103707 28278 109442 66763 123149 16897 100201 111868 62004 56555 108890 92332 101311 75860 65988 0 36346
56529 41243 35637 57190 33063 90954 33971 40127 80762 18351 58891 48698 75045 38550 29386 88490 103266 81693 102373 64651 20631 81442 48044 72474 56302 59594 5784 87261 47093 74345 12344 1792 14610 67987 53850 3985 72086 38312 36453 51720 57717 75326 12972 73421 50566 103451 29617 65003 76499 33667 41442 75791 56529 77450 46224 69857 36346 0
