StringID  Type  x          y          demand  ReadyTime  DueDate  ServiceTime
D0        d     -20626.96   -11348.56   0.0     0.0        86400.0  0.0
D1        d     21965.29    -1190.03    0.0     0.0        86400.0  0.0
C001      c     -65164.69   -75124.40   649.0   1423.0     22327.0  1298.0
C002      c     -60497.20   39757.18    465.0   4740.0     25293.0  930.0
C003      c     36183.72    -51766.22   166.0   2117.0     21363.0  332.0
C004      c     53865.51    -28633.76   199.0   1973.0     21349.0  398.0
C005      c     46050.49    -72019.96   820.0   1792.0     23340.0  1640.0
C006      c     -105663.87  -2395.38    677.0   1030.0     21554.0  1354.0
C007      c     20636.63    -103664.20  203.0   954.0      21031.0  406.0
C008      c     -10432.08   16257.47    332.0   1454.0     20122.0  664.0
C009      c     10452.76    -37581.27   514.0   898.0      20162.0  1028.0
C010      c     -24848.20   31604.97    546.0   1985.0     22849.0  1092.0
C011      c     -76342.98   -37852.27   462.0   5006.0     24878.0  924.0
C012      c     45329.26    27807.74    730.0   3512.0     24812.0  1460.0
C013      c     16687.28    28015.29    133.0   4310.0     23933.0  266.0
C014      c     39306.47    21900.46    767.0   1981.0     23398.0  1534.0
C015      c     -91700.07   21578.75    318.0   4121.0     24232.0  636.0
C016      c     67259.01    -25588.13   276.0   2329.0     21938.0  552.0
C017      c     -36066.40   -110462.54  407.0   2782.0     23008.0  814.0
C018      c     70440.88    1582.47     510.0   3637.0     23723.0  1020.0
C019      c     15104.05    -84584.54   376.0   2631.0     22299.0  752.0
C020      c     -107469.74  -13811.69   554.0   4979.0     24340.0  1108.0
C021      c     -53095.72   40919.07    739.0   2643.0     23181.0  1478.0
C022      c     55474.61    47031.14    557.0   4313.0     24551.0  1114.0
C023      c     39008.78    26555.10    499.0   806.0      21790.0  998.0
C024      c     -19229.00   -48948.26   458.0   4566.0     25250.0  916.0
C025      c     49510.21    -70963.52   781.0   4104.0     24555.0  1562.0
C026      c     61491.00    32557.52    429.0   2302.0     21778.0  858.0
C027      c     -34026.12   -6922.31    356.0   1271.0     21936.0  712.0
C028      c     3834.66     -18275.63   208.0   1112.0     21318.0  416.0
C029      c     -37148.12   79570.33    627.0   4908.0     25935.0  1254.0
C030      c     -89310.65   -40357.02   805.0   1245.0     21759.0  1610.0
C031      c     -40092.69   -5742.89    579.0   1354.0     21859.0  1158.0
C032      c     49390.46    27162.17    611.0   4011.0     24645.0  1222.0
C033      c     25455.54    30149.61    115.0   4460.0     22708.0  230.0
C034      c     2731.30     28661.20    423.0   2170.0     22152.0  846.0
C035      c     -29066.67   50964.64    791.0   2612.0     23234.0  1582.0
C036      c     47077.23    -38803.68   593.0   833.0      20362.0  1186.0
C037      c     -31337.87   30719.35    713.0   1359.0     20999.0  1426.0
C038      c     2408.06     -22171.70   526.0   5250.0     24980.0  1052.0
C039      c     883.03      78430.13    378.0   3759.0     24254.0  756.0
C040      c     -24914.31   13668.53    683.0   1984.0     23334.0  1366.0
C041      c     20285.55    -23143.24   427.0   2015.0     22407.0  854.0
C042      c     45517.73    -62181.83   816.0   706.0      22039.0  1632.0
C043      c     -46898.54   -59999.03   598.0   1673.0     21182.0  1196.0
C044      c     15676.49    4399.64     229.0   3827.0     23368.0  458.0
C045      c     72180.94    10038.19    375.0   1700.0     20697.0  750.0
C046      c     -4185.34    39274.49    526.0   863.0      21195.0  1052.0
C047      c     -50465.27   62261.15    718.0   36553.0    56969.0  1436.0
C048      c     -100017.63  34288.61    266.0   36059.0    54594.0  532.0
C049      c     -63223.17   -5763.70    332.0   35788.0    55636.0  664.0
C050      c     -33465.37   -65846.16   480.0   37252.0    57078.0  960.0
C051      c     66858.61    13523.72    780.0   33225.0    53724.0  1560.0
C052      c     -12920.69   -42268.81   344.0   37163.0    56401.0  688.0
C053      c     51963.04    -51097.60   637.0   37145.0    57807.0  1274.0
C054      c     8496.79     -21558.88   115.0   34428.0    53869.0  230.0
C055      c     -21242.87   -28002.82   468.0   37689.0    57203.0  936.0
C056      c     14452.71    14833.99    260.0   35783.0    55803.0  520.0
C057      c     72895.64    -12629.18   756.0   35891.0    55608.0  1512.0
C058      c     -40321.97   -6589.55    298.0   34477.0    53137.0  596.0
C059      c     57680.45    -23643.08   151.0   36072.0    55579.0  302.0
C060      c     44491.03    29279.63    567.0   35982.0    56173.0  1134.0
C061      c     4201.41     -41486.28   665.0   35744.0    56756.0  1330.0
C062      c     41381.67    -21083.60   825.0   36001.0    56297.0  1650.0
C063      c     32660.11    86892.99    105.0   34638.0    54391.0  210.0
C064      c     65778.77    49910.14    625.0   34616.0    53989.0  1250.0
C065      c     -56012.82   29127.80    187.0   35866.0    55404.0  374.0
C066      c     56555.37    20303.65    645.0   33386.0    53423.0  1290.0
C067      c     -44469.36   82649.62    217.0   33834.0    53107.0  434.0
C068      c     26426.50    12339.32    153.0   34462.0    53036.0  306.0
C069      c     59571.46    -28848.29   659.0   36245.0    55703.0  1318.0
C070      c     -54494.10   -41353.00   174.0   37612.0    57034.0  348.0
C071      c     -13369.02   -18583.28   493.0   36598.0    56603.0  986.0
C072      c     75801.22    2012.82     146.0   36075.0    55187.0  292.0
C073      c     -81040.99   40779.89    634.0   36102.0    55780.0  1268.0
C074      c     -18516.63   -82611.16   379.0   34317.0    54301.0  758.0
C075      c     -47691.44   13155.22    122.0   33696.0    53232.0  244.0
C076      c     60851.21    9543.83     226.0   35702.0    54233.0  452.0
C077      c     -29183.95   -10184.32   383.0   37111.0    56390.0  766.0
C078      c     10900.43    -49230.08   174.0   35974.0    55898.0  348.0
C079      c     -94002.82   -23395.35   495.0   34006.0    54617.0  990.0
C080      c     -71080.89   1677.17     117.0   33290.0    51710.0  234.0
C081      c     19927.02    -1669.03    574.0   36736.0    57668.0  1148.0
C082      c     20309.42    64194.76    663.0   36312.0    56049.0  1326.0
C083      c     60681.03    68846.79    435.0   34838.0    55621.0  870.0
C084      c     18341.55    -18883.56   735.0   33707.0    53559.0  1470.0
C085      c     -19328.26   25081.90    234.0   35051.0    54198.0  468.0
C086      c     27276.58    20669.79    336.0   33959.0    54364.0  672.0
C087      c     70289.73    12913.85    587.0   35262.0    55480.0  1174.0
C088      c     -28582.32   -80138.63   491.0   35709.0    55862.0  982.0
C089      c     69139.26    972.18      359.0   36776.0    55671.0  718.0
C090      c     26447.25    -51161.75   550.0   33983.0    54702.0  1100.0
C091      c     47700.81    -39447.55   186.0   35817.0    54744.0  372.0
C092      c     -2504.21    1645.14     562.0   35422.0    55565.0  1124.0
C093      c     109.91      -50342.20   472.0   66876.0    86368.0  944.0
C094      c     94703.14    -38015.65   142.0   65754.0    84826.0  284.0
C095      c     -23450.89   86.23       193.0   66054.0    85961.0  386.0
C096      c     4538.08     -8678.85    206.0   65701.0    85325.0  412.0
C097      c     72979.03    42460.07    305.0   66347.0    85757.0  610.0
C098      c     -4905.32    -19212.23   170.0   66576.0    85301.0  340.0
C099      c     -25550.31   -26459.78   352.0   67622.0    86353.0  704.0
C100      c     8662.38     -16032.08   294.0   65580.0    85472.0  588.0
F1        f     -20626.96   -11348.56   0.0     0.0        86400.0  0.0
F2        f     -91700.07   21578.75    0.0     0.0        86400.0  0.0
F3        f     41153.00    -58513.85   0.0     0.0        86400.0  0.0
F4        f     26071.46    24414.86    0.0     0.0        86400.0  0.0
F5        f     -37148.12   79570.33    0.0     0.0        86400.0  0.0
F6        f     -32289.83   -43218.39   0.0     0.0        86400.0  0.0
F7        f     2249.33     35763.62    0.0     0.0        86400.0  0.0
F8        f     52003.65    34392.13    0.0     0.0        86400.0  0.0
F9        f     50740.48    -42009.99   0.0     0.0        86400.0  0.0
F10       f     46050.49    -72019.96   0.0     0.0        86400.0  0.0
F11       f     -107469.74  -13811.69   0.0     0.0        86400.0  0.0

m numVeh /14/
m numPetrolVeh /7/
m numElectroVeh /7/

DistanceMatrix
0 43787 77788 64818 69721 76472 90149 85507 101118 29428 40671 43160 61699 76704 54239 68538 78330 89032 100309 91981 81488 86878 61532 95915 70662 37626 92050 93119 14111 25424 92408 74558 20257 79909 62014 46329 62882 73059 43410 25451 92320 25382 42579 83421 55291 39572 95240 53226 79427 91573 42961 55989 90952 31866 82760 30862 16666 43773 93531 20262 79267 76753 39048 62768 111763 105918 53763 83420 96975 52680 82085 45247 10248 97349 79795 71294 36509 84114 8636 49285 74358 52108 41693 85922 114203 39690 36454 57619 94098 69249 90608 61653 73880 22300 44165 118373 11778 25306 107970 17579 15893 29661 0 78330 77726 58820 92408 33937 52373 85834 77675 90149 86878
43787 0 114271 92069 52537 42081 74813 127635 102483 36797 38169 57158 104922 37239 29678 28877 115923 51447 123726 48555 83676 130049 86066 58721 32562 63070 75014 51973 56284 24913 100083 117968 62225 39446 31533 35511 72968 45226 62124 28683 82364 49178 22017 65381 90558 8414 51456 48179 96292 127038 85311 85164 47243 53893 58229 24419 50851 17698 52199 62521 42187 37892 44038 27798 88730 67312 83665 40724 106970 14246 46682 86366 39383 53931 111228 90930 71119 40340 51934 49298 118075 93090 2094 65406 80025 18061 48943 22496 50341 93744 47224 50172 46108 24633 53792 81529 45434 18968 67140 32355 53817 19931 43787 115923 60450 25932 100083 68629 41884 46566 49943 74813 130049
77788 114271 0 114976 104005 127787 111258 83245 90423 106519 84424 114090 38912 151010 131672 142576 100278 141386 45777 155797 80824 74491 116669 171685 145571 52870 114750 166244 74974 89402 157211 42330 73773 153575 138905 124021 131155 117972 111118 85849 167156 97490 100019 111437 23716 113399 161606 129636 138170 114830 69388 33029 159024 61716 119567 91078 64417 120131 151546 72898 133196 151409 77092 119468 189260 181052 104653 154668 159126 126645 133044 35417 76679 160691 116987 47245 89992 151818 74242 80352 59224 77029 112411 163449 191219 100679 110192 133124 161551 36924 154364 94694 118370 99095 69821 164118 86004 96299 181411 82203 62750 94564 77788 100278 107607 135026 157211 45812 129772 160382 120543 111258 74491
64818 92069 114976 0 133131 133252 154423 61781 164780 55306 104953 36569 79211 106499 78073 101389 36112 143498 152193 136389 145521 71246 7492 116200 100378 97835 156079 122200 53663 86639 46155 85138 49866 110607 86488 64195 33369 133207 30528 88274 72547 44122 102383 147074 100679 83980 135966 56314 24639 39897 45602 109008 130030 94825 144575 92303 78309 78985 143311 50548 134110 105510 103858 118663 104403 126683 11537 118658 45789 91145 138287 81332 74998 141428 20569 129369 29524 125053 58946 114089 71490 39523 90466 84421 124621 98256 43706 89825 133513 124071 135314 125800 134090 69395 108587 173597 54279 81090 133504 81042 74873 88857 64818 36112 141386 87918 46155 87639 62873 112629 138057 154423 71246
69721 52537 104005 133131 0 29116 22529 150194 54177 82464 29382 103323 113384 80098 82129 73733 147424 40632 93088 63401 39005 148583 128691 100663 78372 55484 23369 88039 83309 46563 150422 126012 89086 80026 82615 87107 121701 16932 106598 44907 134897 89525 32742 13986 83489 59793 71523 99590 143214 161109 109535 71058 72137 50014 15793 40976 62149 70056 53661 88848 35398 81470 33594 31120 138704 105896 122654 74894 156756 64844 32745 91274 59637 66796 149353 62798 106065 66086 77472 25410 133242 119841 52669 117042 123076 37411 94801 72982 73121 70708 62188 9755 16864 65951 36102 60113 79025 53460 101156 52422 66720 45104 69721 147424 8380 76849 150422 69005 93878 87599 17524 22529 148583
76472 42081 127787 133252 29116 0 44084 161673 82059 78418 44325 99119 130534 57083 67759 52590 153983 13735 121588 34464 68066 162015 127586 75682 57154 75865 42553 61665 90534 51092 141392 143655 96706 55975 65289 76795 114951 12227 103838 51862 119456 89419 34026 34571 105533 50494 42790 89339 138372 166251 119301 94929 44114 68164 22544 45917 75111 58675 24865 96733 6282 58667 51300 14589 117457 79442 124136 49011 148505 49312 5710 109104 67982 37688 151717 90292 109819 38811 85074 47647 147961 128570 43346 98707 97719 36838 90789 56016 44676 97213 33314 35486 12448 63987 57973 41901 82478 53211 73618 59521 79446 46927 76472 153983 32472 59889 141392 87381 82530 63053 13736 44084 162015
90149 74813 111258 154423 22529 44084 0 166928 40586 104801 49530 125558 127073 99830 104256 94162 166541 51046 90670 77538 33400 164185 150284 119424 98826 69237 3617 105711 103199 68342 172921 139015 108689 99238 104225 109605 144110 33232 128625 66253 157084 111259 55252 9853 93723 82235 86118 122107 165368 180658 127791 79755 88038 66051 21742 62902 80411 92423 65176 108357 49755 101312 51804 51150 159476 123516 143693 92919 179211 86612 45239 105117 79913 79787 169930 65430 126658 82896 97385 41892 148254 138387 75045 138626 141624 59927 117060 94572 88325 75073 76557 28624 32614 88228 50798 59358 100149 75732 117605 73384 84867 67324 90149 166541 14367 98483 172921 83467 116344 106578 30374 0 164185
85507 127635 83245 61781 150194 161673 166928 0 161886 97041 121331 87677 46010 153984 126074 146992 27744 174471 128539 176150 146082 11558 68114 168548 147541 98174 169648 170770 71781 110644 106831 41334 65657 157846 135098 112756 93351 157020 81369 109866 133735 82332 127647 162574 82289 121530 178279 109701 85014 37116 42574 96118 173255 100951 164979 115758 88219 121346 178853 65476 164720 153459 116613 148228 164639 179244 58813 163800 104773 132910 167339 64312 93704 181519 49703 118445 60022 166943 76876 125621 24020 34822 125593 142490 180959 125097 90603 134927 176618 109479 174836 140824 157777 103239 116134 203509 82250 110381 184188 102152 83650 115137 85507 27744 157177 134436 106831 83966 114461 161902 161343 166928 11558
101118 102483 90423 164780 54177 82059 40586 161886 0 123881 66863 142712 117202 133771 131739 126945 168242 90937 57109 116436 19866 156476 162298 154670 131509 67699 43624 142216 111117 87026 192130 126871 115224 133949 133901 133531 162421 70043 144084 83506 183163 125864 80522 48372 80422 108178 124840 145078 180518 183271 128907 66009 125974 69968 61193 82998 86479 118659 104968 114627 88180 135067 64313 85146 190936 160072 153326 129067 197362 116148 84341 97608 91625 119209 176642 44455 135335 120139 105927 55298 139947 139674 101998 167859 177098 84812 134806 124511 126712 54552 115331 52823 69687 107822 57137 98973 112729 96340 155216 88230 89965 88446 101118 168242 49593 128194 192130 80342 140635 141575 68611 40586 156476
29428 36797 106519 55306 82464 78418 104801 97041 123881 0 57748 21056 85277 56945 29559 50058 81442 88244 129287 82194 104025 101590 49279 72737 50502 65796 105833 73747 33075 37364 68719 97093 36929 60808 38483 18087 39393 79618 25420 40518 63194 14712 49960 96349 84527 28675 82847 23850 60984 91382 57200 85273 77339 58579 91814 42289 45561 24925 88193 37622 78939 56446 59569 63867 82742 83310 47363 67110 74609 37066 83277 72529 34964 87402 74746 99199 37388 71599 32416 68874 92501 62377 35257 56948 88446 45418 12530 37966 80791 98090 81026 76847 80514 16624 67429 118317 20761 29085 87430 35898 45314 37513 29428 81442 90839 37404 68719 63365 23266 65016 84482 104801 101590
40671 38169 84424 104953 29382 44325 49530 121331 66863 57748 0 77672 86796 74109 65892 66111 118047 58058 86462 71641 47233 120294 100999 95845 70206 31784 51380 86743 54022 20409 126453 99802 59737 75550 69373 66691 96965 36645 80071 17383 116405 62269 17468 42834 61577 42305 77961 78237 116959 131791 80253 52227 76114 23839 43655 16141 33111 52568 67244 59486 49242 75027 7371 35054 126440 103517 94169 74001 132181 52414 49889 65056 30470 76408 120464 53544 77168 68998 48184 11657 105414 90493 37141 102252 117685 20294 69380 60632 78296 57748 70217 20982 37295 41311 16426 84251 50678 29501 101568 23944 37682 21623 40671 118047 37157 63933 126453 43113 73802 83106 40530 49530 120294
43160 57158 114090 36569 103323 99119 125558 87677 142712 21056 77672 0 86464 70280 41690 64885 67600 108420 142510 99907 122867 94281 29743 81791 64056 80749 126686 86344 39605 57539 49517 96612 40339 74371 50325 27736 19814 100651 6550 60290 53429 17937 70954 117249 94221 48810 99397 22040 39950 75217 53564 97831 93472 74830 112870 62756 59717 42730 107287 41210 99314 69378 78652 84631 79775 92457 31263 82184 54686 54775 103833 78751 51484 104909 56937 114391 29363 88493 42014 88387 88359 55074 55785 55689 93286 66441 8545 53259 96957 111806 98853 97373 101547 37374 85664 138346 31550 49863 98428 54590 58069 58243 43160 67600 111703 51425 49517 75193 27415 76902 105512 125558 94281
61699 104922 38912 79211 113384 130534 127073 46010 117202 85277 86796 86464 0 138258 113988 130174 61383 144125 83033 151989 102696 39330 82130 156784 132115 58182 130136 154776 52415 82533 123791 13207 48426 141548 122422 103329 100616 123424 82022 80297 139590 72796 97742 124266 36844 101256 156054 105618 103404 75926 34667 51207 152139 63576 128988 86390 55974 104975 151355 47696 134775 138230 80626 118913 165659 167035 69997 145066 124646 114371 136212 22128 65856 157280 78772 73125 58504 145150 54676 87982 22823 39878 102845 140553 173667 96566 84920 119004 155172 63790 150574 103648 124054 83739 77466 171046 65091 85982 169550 73829 52055 87761 61699 61383 119299 119858 123791 44379 107685 147282 127151 127073 39330
76704 37239 151010 106499 80098 57083 99830 153984 133771 56945 74109 70280 138258 0 28643 8436 137171 57724 160449 36309 116386 158366 99294 21736 6443 100296 98860 16845 86622 62012 97375 150912 91774 4112 20011 42607 77917 66634 76722 65880 67365 71652 56773 89990 127342 37779 32199 50825 101802 145491 113625 122391 25837 91125 79184 61593 86872 33491 48939 92300 52913 1694 80580 49050 60428 30111 101351 13503 105221 24425 58419 121441 74817 39924 127034 127549 94168 23969 83640 84381 148443 119307 38912 44159 43816 53930 64715 19413 29066 130826 35876 81196 67297 54521 90290 82283 74157 54728 31292 68807 89269 57152 76704 137171 86423 19554 97375 105211 43808 9376 70027 99830 158366
54239 29678 131672 78073 82129 67759 104256 126074 131739 29559 65892 41690 113988 28643 0 23431 108578 73694 148186 59901 112611 131013 70966 43198 22369 84932 104279 45033 61583 48042 74540 126136 66057 32714 9024 13971 51187 73405 48101 52179 52834 44006 51285 94693 108580 23637 58333 23716 75381 116873 86757 106420 52222 76266 86621 50246 67651 13369 69364 66690 65947 27832 70614 54959 61006 53753 72709 40607 82006 18455 71222 99392 55451 64580 98558 116093 66071 47871 59694 77462 122047 91635 29861 36360 60022 46928 36135 12888 55689 117246 59013 79776 74250 32614 80092 102208 48899 38653 58116 51930 68931 44772 54239 108578 89921 10051 74540 86446 16386 35887 77866 104256 131013
68538 28877 142576 101389 73733 52590 94162 146992 126945 50058 66111 64885 130174 8436 23431 0 131007 55105 152319 37178 109201 151058 94339 29882 4664 91902 93423 24612 78794 53594 95766 142893 84074 11374 16121 37195 74294 61199 71193 57479 68352 64746 48895 84311 118907 29405 34949 46834 98427 139874 106196 113997 28797 82737 74087 53272 78464 25839 48172 84572 49110 9018 72459 43034 65331 38540 95593 17323 103484 16041 54645 113135 66435 41562 121819 119441 87436 24837 75633 76593 140794 112225 30514 46365 51583 45857 58721 12093 32260 122560 36442 74185 61920 46459 82191 81601 66441 46303 39453 60373 80902 48764 68538 131007 80436 13472 95766 96781 39565 17812 64925 94162 151058
78330 115923 100278 36112 147424 153983 166541 27744 168242 81442 118047 67600 61383 137171 108578 131007 0 165809 143283 163369 150591 38745 43178 149359 130804 101124 168833 153584 64332 103515 79617 61982 58393 141201 117469 94697 69184 151345 61050 103781 108645 67253 120585 160762 93070 108742 164287 89286 57926 15190 39478 105045 158763 101404 161000 109088 86154 106367 168113 58593 156075 136409 114779 139753 140469 160007 36477 148261 77204 118487 159455 73107 88027 168640 21961 127324 44808 153025 70122 124663 45033 28657 114022 119843 159544 117245 72457 118980 162221 119709 162154 138744 152174 91396 116626 195698 71553 100883 165998 95902 81753 107178 78330 0 155128 117806 79617 87910 95014 144274 155990 166541 38745
89032 51447 141386 143498 40632 13735 51046 174471 90937 88244 58058 108420 144125 57724 73694 55105 165809 0 133715 27356 78745 175125 137508 73569 59304 89587 48723 58431 102991 63845 148186 157265 109171 55695 69672 84302 123040 24124 113542 64941 123392 100185 47037 42565 119231 59666 35965 96496 146889 177670 131980 108472 39114 81896 29744 58900 88535 66502 14132 109246 9774 59404 65031 26266 117682 75513 134869 47123 155559 55730 8350 122770 80932 28893 162473 103000 121304 35712 97665 61117 161277 141001 53032 101317 94664 49375 100324 61142 38621 110278 26627 48162 23971 74890 71567 30127 94273 64960 68288 72445 92813 59371 89032 165809 42019 64782 148186 101098 89388 61890 23292 51046 175125
100309 123726 45777 152193 93088 121588 90670 128539 57109 129287 86462 142510 83033 160449 148186 152319 143283 133715 0 154589 57342 120166 152336 182165 156237 63777 94252 173125 103560 100452 190036 88033 104797 161998 153482 144432 161579 109763 141261 96310 192473 124631 103924 94800 51613 125979 161981 153093 173323 158249 108163 44692 161140 72015 106176 99447 83782 135098 146438 103960 127774 161299 79870 118266 208980 189979 141008 160245 193295 137788 125728 71524 94641 158635 157788 32920 124163 154255 100514 77171 104582 117479 122357 183530 203745 106522 136574 145630 162891 31234 153251 86166 109818 117024 70165 149497 111266 109584 187820 96424 84658 104488 100309 143283 93067 148503 190036 67350 151163 169526 110549 90670 120166
91981 48555 155797 136389 63401 34464 77538 176150 116436 82194 71641 99907 151989 36309 59901 37178 163369 27356 154589 0 102406 178575 129648 47849 40145 102927 75505 32242 104813 69503 132882 165165 110776 33128 53289 72924 111087 46657 105867 72061 103653 96118 55919 68462 132517 54837 8633 83605 135278 173568 133866 123867 12467 94192 55827 66126 96339 57535 14422 111064 28269 37954 79010 36854 93302 48552 129419 23309 140628 45310 32314 132107 86202 5378 156471 122483 118698 12464 100317 78275 166330 141522 50618 80209 67969 55975 92794 47196 11332 128390 1438 68683 46910 72945 87422 46440 93904 66697 40956 78163 100003 64241 91981 163369 66853 49900 132882 112075 76279 37635 47837 77538 178575
81488 83676 80824 145521 39005 68066 33400 146082 19866 104025 47233 122867 102696 116386 112611 109201 150591 78745 57342 102406 0 141538 142837 137668 113681 49484 37004 125992 91898 67260 172270 113395 96243 116888 115200 113920 142564 55841 124305 63691 163634 106090 61659 37774 66699 88986 110504 125352 160820 165481 111121 52059 110922 50754 49799 63371 67250 99421 92290 95683 74341 117595 44456 68723 172374 143725 134120 112782 177528 97583 71301 81932 71881 105751 157988 33679 116174 104656 86584 35603 125094 121938 83056 148870 160058 65781 114945 105956 112033 43912 101192 35295 55677 88009 37381 92221 93036 76638 139606 68366 70931 68854 81488 150591 36854 109550 172270 62907 121033 124567 55521 33400 141538
86878 130049 74491 71246 148583 162015 164185 11558 156476 101590 120294 94281 39330 158366 131013 151058 38745 175125 120166 178575 141538 0 77149 173933 151939 94979 167060 175208 73766 111394 116899 32162 67858 162123 140006 118103 101701 156555 88199 110195 142299 87009 128096 160452 76172 124486 181227 116128 95061 48674 44973 90467 176458 98739 163735 116225 87387 125242 180369 67535 165443 157952 115049 149029 172562 184596 67020 167535 115212 136426 167717 59707 94222 183953 60652 112455 65579 169934 78370 123555 16529 39548 127974 149708 187369 125913 96341 139088 179757 103065 177227 139028 157274 106097 113613 203617 85161 112125 189019 102707 82890 116153 86878 38745 155200 138905 116899 80727 120399 166599 160704 164185 0
61532 86066 116669 7492 128691 127586 150284 68114 162298 49279 100999 29743 82130 99294 70966 94339 43178 137508 152336 129648 142837 77149 0 108742 93218 96037 151808 114891 51502 82128 41812 88979 48440 103405 79286 57157 26044 128025 24030 84030 65733 39202 97410 142669 101108 77867 129027 48938 21504 47388 47769 108555 123043 92381 139658 87733 75926 72410 136899 49196 128217 98278 100367 113006 97302 119214 12147 111572 42613 84502 132519 82284 71545 134641 27946 128279 28285 118188 56421 110555 76222 43167 84534 77007 117154 93165 37297 82884 126524 123515 128597 121680 128914 64046 105638 167557 50459 76037 126084 77059 72792 84009 61532 43178 137003 80869 41812 86672 55585 105302 132888 150284 77149
95915 58721 171685 116200 100663 75682 119424 168548 154670 72737 95845 81791 156784 21736 43198 29882 149359 73569 182165 47849 137668 173933 108742 0 26275 121625 118145 15674 104505 83257 98172 169114 109171 20780 34440 55851 84633 86245 88332 87207 62977 87037 78503 109666 148107 58321 40590 60162 107029 156013 129909 143707 35388 112483 98192 83135 107311 52148 62152 109782 70709 20875 102295 69557 45929 10699 112916 26749 106101 45247 75990 141085 95104 49395 136659 149271 108586 37871 102180 106081 165237 134437 60294 39130 22428 75655 77957 38601 37195 152439 48043 102394 86827 73630 112013 93658 91832 75486 18091 89632 109389 78539 95915 149359 106512 37095 98172 125887 54405 13107 89167 119424 173933
70662 32562 145571 100378 78372 57154 98826 147541 131509 50502 70206 64056 132115 6443 22369 4664 130804 59304 156237 40145 113681 151939 93218 26275 0 95354 98082 23270 80342 56983 92793 144717 85441 10399 14022 36339 72319 65855 70470 60942 64379 65209 53108 88975 121950 32175 37057 45028 96335 139241 107219 117433 30748 86217 78726 56973 81282 27210 51805 85976 53558 6122 76428 47698 60671 35526 95056 18627 100574 18984 59096 115561 69144 44227 120890 123395 87730 27685 77460 80830 142081 112866 34069 42029 47521 49918 58356 13126 34126 126302 39526 78725 66573 48413 86176 85272 67837 49292 37509 63428 83537 52293 70662 130804 85096 13113 92793 99759 37895 15175 69562 98826 151939
37626 63070 52870 97835 55484 75865 69237 98174 67699 65796 31784 80749 58182 100296 84932 91902 101124 89587 63777 102927 49484 94979 96037 121625 95354 0 72179 114712 44555 38376 129762 70606 47979 102476 90847 80657 100396 67078 80583 34426 128956 62874 47194 66085 29795 63753 108790 89496 115513 115996 61647 22096 106366 9187 71224 38973 21042 72129 99025 47320 80966 100895 24590 66709 145414 130381 86307 102660 133997 76424 81324 36074 30925 107832 108958 33670 68315 99167 40022 30131 79019 72468 61388 119853 142342 48119 74030 83722 108814 32563 101494 45730 67601 53286 19389 114455 49216 46760 129838 33006 23360 43144 37626 101124 61135 86222 129762 14262 87392 109634 70313 69237 94979
92050 75014 114750 156079 23369 42553 3617 169648 43624 105833 51380 126686 130136 98860 104279 93423 168833 48723 94252 75505 37004 167060 151808 118145 98082 72179 0 104212 105260 69730 173695 142155 110826 98126 103935 110061 145054 32252 129907 67818 157108 112701 56043 9647 97030 82609 84114 122620 166565 182857 130230 83133 86250 68710 20017 64210 82775 92684 62847 110516 48021 100369 54054 50538 158753 121964 145442 91539 180081 86442 43300 108137 81838 77568 171844 69017 128546 81302 99433 44306 151191 140780 75345 138277 140256 60694 118167 94292 86413 78630 74566 30398 31568 89317 53532 55928 101840 76824 115826 75095 87262 68454 92050 168833 14995 98216 173695 86377 116723 105385 28980 3617 167060
93119 51973 166244 122200 88039 61665 105711 170770 142216 73747 86743 86344 154776 16845 45033 24612 153584 58431 173125 32242 125992 175208 114891 15674 23270 114712 104212 0 103355 76865 109270 167504 108564 13249 36116 58889 92409 72802 92847 80536 76011 88446 69285 96076 142531 53776 24928 66019 115830 161518 130469 136748 19776 105528 84196 75743 102530 50267 46604 109080 56330 17313 93619 57287 61511 17875 117554 13211 117204 40476 61436 137533 90661 33731 142769 140232 110893 23023 100244 96170 165255 136121 53843 51931 36298 67142 81164 36221 21524 144269 32498 90758 73314 71070 103150 77998 90937 70314 15167 84194 105163 71776 93119 153584 93315 36343 109270 120569 59328 9663 75338 105711 175208
14111 56284 74974 53663 83309 90534 103199 71781 111117 33075 54022 39605 52415 86622 61583 78794 64332 102991 103560 104813 91898 73766 51502 104505 80342 44555 105260 103355 0 39526 86549 64609 6180 90111 70088 51159 58099 87145 37738 39497 92215 22517 56682 96855 54615 50976 107553 54997 71110 77802 29220 58927 102936 41168 96673 44971 24654 53137 107074 6305 93218 86461 51537 76726 115102 114852 42226 94585 90179 63447 96131 40055 23721 110190 66977 77262 24287 96296 5838 61712 62198 38040 54208 89499 121286 53716 35218 67226 106185 73418 103467 74928 87961 32665 55232 132431 12687 38604 117850 31608 21297 43650 14111 64332 91179 67777 86549 36338 56018 95436 91742 103199 73766
25424 24913 89402 86639 46563 51092 68342 110644 87026 37364 20409 57539 82533 62012 48042 53594 103515 63845 100452 69503 67260 111394 82128 83257 56983 38376 69730 76865 39526 0 106082 95727 45680 64342 53033 46950 76660 47868 60313 4149 96751 42976 17156 60541 65686 25581 73979 58106 97132 116397 68215 60450 70592 29265 58255 5702 26898 34771 69291 45677 54113 62566 23214 37652 109047 92122 76347 65329 111889 38048 56731 62728 17206 74772 103399 68108 60356 63441 33996 31751 97971 77527 23125 84100 104028 14520 49157 45456 73410 69842 68082 39910 48708 20905 32282 92988 32889 9623 92031 8790 30503 5324 25424 103515 54880 48135 106082 43899 54062 71373 52569 68342 111394
92408 100083 157211 46155 150422 141392 172921 106831 192130 68719 126453 49517 123791 97375 74540 95766 79617 148186 190036 132882 172270 116899 41812 98172 92793 129762 173695 109270 86549 106082 0 130780 85364 101171 79760 64669 29725 145280 49195 109161 38048 67028 117681 164095 139910 91875 129567 52061 21839 77479 89229 145463 123205 124225 158161 110953 108743 82786 143563 86218 140162 95886 127924 127664 70191 107115 53855 110873 7942 92530 145290 122161 100993 137014 58577 163248 67247 120447 90107 137471 117620 84963 99284 59479 98415 113014 57328 87292 126436 159939 132192 145380 146166 85279 135150 176667 80656 97599 116212 103911 106663 106011 92408 79617 158740 83898 0 122885 58917 99946 150021 172921 116899
74558 117968 42330 85138 126012 143655 139015 41334 126871 97093 99802 96612 13207 150912 126136 142893 61982 157265 88033 165165 113395 32162 88979 169114 144717 70606 142155 167504 64609 95727 130780 0 60171 154262 134694 115044 109403 136397 91721 93504 149149 84057 110940 136583 46740 114129 169172 116565 109724 75410 43327 61387 165203 76414 141681 99598 69180 117528 164559 59499 147938 150838 93519 132106 176265 179446 77051 157977 130925 127169 149326 34831 79001 170462 81557 82445 67792 158236 67273 100603 17599 45817 115886 151485 185534 109773 95811 131594 168256 72598 163751 116261 137014 96434 89976 184029 77286 99051 182199 87014 65257 100948 74558 61982 131721 132319 130780 57093 119070 159866 140061 139015 32162
20257 62225 73773 49866 89086 96706 108689 65657 115224 36929 59737 40339 48426 91774 66057 84074 58393 109171 104797 110776 96243 67858 48440 109171 85441 47979 110826 108564 6180 45680 85364 60171 0 95341 74732 54932 57770 93229 37499 45566 93617 24641 62836 102540 54681 56684 113377 57584 68791 72066 23130 60468 108673 45524 102622 51099 29169 58298 113198 877 99398 91548 56917 82906 117790 119608 38333 100096 88501 68933 102307 38412 29648 116153 61977 79839 20369 102095 11778 67018 56727 31864 60158 92410 125375 59894 37166 72362 111948 75281 109438 80563 94041 38308 60045 138605 17633 44727 122918 37677 25311 49829 20257 58393 96879 72713 85364 38279 59293 100462 97806 108689 67858
79909 39446 153575 110607 80026 55975 99238 157846 133949 60808 75550 74371 141548 4112 32714 11374 141201 55695 161998 33128 116888 162123 103405 20780 10399 102476 98126 13249 90111 64342 101171 154262 95341 0 24121 46683 81988 66006 80807 68126 70579 75520 58118 89428 129879 40679 28507 54928 105845 149578 117328 124562 22162 93292 78302 63608 89623 37049 46215 95851 51477 5337 82187 48906 62030 28037 105422 9918 109035 27332 56928 124444 77662 36469 131140 129080 98087 21018 86998 85541 152045 123137 41223 47086 43187 55536 68750 23047 25294 132639 32801 81615 66631 57829 91845 79381 77711 57414 28115 71405 92149 59368 79909 141201 86071 23480 101171 107820 47919 7688 69185 99238 162123
62014 31533 138905 86488 82615 65289 104225 135098 133901 38483 69373 50325 122422 20011 9024 16121 117469 69672 153482 53289 115200 140006 79286 34440 14022 90847 103935 36116 70088 53033 79760 134694 74732 24121 0 22773 58360 72264 56796 57173 54174 52998 53543 94486 115594 27544 50870 31014 82433 125541 95675 112636 44617 81958 85462 54418 74582 18858 63879 75342 62706 19055 74722 53651 57199 44905 81475 32621 87440 17837 68152 107259 62308 57675 107026 121031 75095 40957 67914 80703 130910 100648 32295 34432 52329 49547 45070 9653 48033 122815 52532 81317 73066 39928 84388 97169 57408 44104 49092 57951 76199 49140 62014 117469 90042 5768 79760 93367 23876 26885 76461 104225 140006
46329 35511 124021 64195 87107 76795 109605 112756 133531 18087 66691 27736 103329 42607 13971 37195 94697 84302 144432 72924 113920 118103 57157 55851 36339 80657 110061 58889 51159 46950 64669 115044 54932 46683 22773 0 38840 80735 34131 50834 49803 31449 54698 100415 101606 27499 71903 12668 62919 102903 74398 101202 65890 72636 93730 50550 61527 18127 81412 55644 75863 41764 70163 62995 65473 66532 58746 54469 71712 28773 80859 90425 49913 77778 84644 113283 52753 61183 50275 78318 109852 78590 34866 39644 70520 50042 22348 25813 69369 113216 71949 83272 81615 27519 79047 113599 38756 37384 71590 48479 61953 45085 46329 94697 95267 23723 64669 79957 7119 49605 85436 109605 118103
62882 72968 131155 33369 121701 114951 144110 93351 162421 39393 96965 19814 100616 77917 51187 74294 69184 123040 161579 111087 142564 101701 26044 84633 72319 100396 145054 92409 58099 76660 29725 109403 57770 81988 58360 38840 0 117713 20372 79621 40637 37527 89037 135517 112387 64577 109206 27491 24197 72884 66218 116894 102973 94621 130317 81674 79354 56563 120169 58644 114418 76688 98254 100767 71422 94851 34683 90946 35230 67612 119276 95755 71297 115731 52963 133992 42148 99000 61149 107872 98722 64765 71907 51118 91512 84417 27654 63971 106393 131104 110198 116239 118607 56018 105425 152435 51187 68459 102399 74220 77504 76890 62882 69184 130063 61197 29725 94238 34810 82747 122529 144110 101701
73059 45226 117972 133207 16932 12227 33232 157020 70043 79618 36645 100651 123424 66634 73405 61199 151345 24124 109763 46657 55841 156555 128025 86245 65855 67078 32252 72802 87145 47868 145280 136397 93229 66006 72264 80735 117713 0 104797 47665 126007 89085 31033 23430 96336 53409 54916 93403 140459 164254 115143 84961 55942 60098 13229 42259 69169 62780 36765 93147 18501 68132 42960 18613 126521 90664 123459 59862 152091 55155 15975 101603 63739 49910 150824 78877 108078 50271 81454 37649 141919 124900 46001 106420 108507 34965 92147 62683 56688 86215 45485 24048 896 63988 48364 47632 80540 52126 85292 55552 73669 44657 73059 151345 20581 66617 145280 79490 87005 73361 4868 33232 156555
43410 62124 111118 30528 106598 103838 128625 81369 144084 25420 80071 6550 82022 76722 48101 71193 61050 113542 141261 105867 124305 88199 24030 88332 70470 80583 129907 92847 37738 60313 49195 91721 37499 80807 56796 34131 20372 104797 0 62740 57572 18221 74607 120571 92043 53880 105564 28468 36888 68772 48453 96589 99691 75276 116761 65725 59584 48468 112888 38375 104305 75843 80478 89284 85154 98995 24726 88508 53565 60618 108687 75701 52475 110918 50711 114053 23999 94590 40960 90421 82797 49224 60639 61547 99605 70203 13267 59470 103176 110892 104788 100218 105691 40947 86948 143565 31632 53285 104976 56496 57471 61528 43410 61050 114967 57754 49195 73944 33964 83422 109665 128625 88199
25451 28683 85849 88274 44907 51862 66253 109866 83506 40518 17383 60290 80297 65880 52179 57479 103781 64941 96310 72061 63691 110195 84030 87207 60942 34426 67818 80536 39497 4149 109161 93504 45566 68126 57173 50834 79621 47665 62740 0 100613 45067 17904 58815 62145 29700 76849 61799 99622 116956 67651 56519 73675 25276 57379 6119 24359 38917 71131 45483 55292 66470 19398 38989 113183 95977 77747 68819 114826 42046 57552 60048 16180 77275 104531 63959 61302 66494 33790 28360 96419 77262 26968 88202 108075 16269 52013 49536 76413 65731 70631 37660 48476 24318 28264 93645 34119 13660 95695 7889 28285 8764 25451 103781 53122 52252 109161 40582 57936 75228 52245 66253 110195
92320 82364 167156 72547 134897 119456 157084 133735 183163 63194 116405 53429 139590 67365 52834 68352 108645 123392 192473 103653 163634 142299 65733 62977 64379 128956 157108 76011 92215 96751 38048 149149 93617 70579 54174 49803 40637 126007 57572 100613 0 69711 103410 147526 146444 75494 98797 39482 53834 110134 105822 148309 92551 121486 139236 100278 108708 65028 116093 94479 116811 65707 119962 107439 32885 70886 75285 80487 45548 70855 122282 131964 98055 107016 90161 162206 81365 91332 93576 128053 139182 105213 82332 24084 60561 98867 57048 63505 95445 161283 103241 132089 126835 76860 128775 149539 82036 87186 80571 97814 108169 94782 92320 108645 142742 59600 38048 126090 42688 67473 130352 157084 142299
25382 49178 97490 44122 89525 89419 111259 82332 125864 14712 62269 17937 72796 71652 44006 64746 67253 100185 124631 96118 106090 87009 39202 87037 65209 62874 112701 88446 22517 42976 67028 84057 24641 75520 52998 31449 37527 89085 18221 45067 69711 0 58294 103508 76878 41636 97163 32945 54901 77883 42956 79973 91773 57209 100523 48552 41833 39384 101284 25452 90631 71139 62368 74852 93148 97666 34729 81739 71699 51358 94581 62469 34256 101388 62332 96492 22783 85865 24232 72380 78403 47698 47392 67809 101839 54136 12707 52658 95207 93879 94907 82710 89968 25432 68728 130306 13661 36971 102039 38490 40133 44828 25382 67253 97853 52106 67028 57363 35015 79661 93935 111259 87009
42579 22017 100019 102383 32742 34026 55252 127647 80522 49960 17468 70954 97742 56773 51285 48895 120585 47037 103924 55919 61659 128096 97410 78503 53108 47194 56043 69285 56682 17156 117681 110940 62836 58118 53543 54698 89037 31033 74607 17904 103410 58294 0 46483 76629 27926 61597 67043 110904 133309 85298 68649 59275 38320 42248 11895 41812 38423 53650 62828 37398 57741 24396 21196 110730 86061 92486 56596 124038 36010 39698 76965 33962 60949 119805 71007 77061 52096 51139 27724 114289 94678 21477 87338 100469 4682 62409 44367 61648 75077 54482 28688 31897 33672 33865 75889 49523 21382 84145 25496 45956 13626 42579 120585 41067 47909 117681 56278 61606 65699 35825 55252 128096
83421 65381 111437 147074 13986 34571 9853 162574 48372 96349 42834 117249 124266 89990 94693 84311 160762 42565 94800 68462 37774 160452 142669 109666 88975 66085 9647 96076 96855 60541 164095 136583 102540 89428 94486 100415 135517 23430 120571 58815 147526 103508 46483 0 92442 72963 76985 112977 157158 174606 122505 79068 78656 61738 12822 54962 75001 83045 56613 102269 40412 91467 46210 41306 149628 113908 136550 83221 170510 76928 36175 102158 73270 70979 163151 67214 119848 73346 91017 36961 144812 132941 65701 128866 131903 51120 108720 84836 79076 76245 67427 22026 22839 79875 46926 54802 92919 67394 108185 66249 79541 59060 83421 160762 5701 88753 164095 80085 107077 96792 20837 9853 160452
55291 90558 23716 100679 83489 105533 93723 82289 80422 84527 61577 94221 36844 127342 108580 118907 93070 119231 51613 132517 66699 76172 101108 148107 121950 29795 97030 142531 54615 65686 139910 46740 54681 129879 115594 101606 112387 96336 92043 62145 146444 76878 76629 92442 0 89793 138149 108072 122312 108221 56639 14651 135448 38326 99262 67426 41012 96768 128820 53813 110718 127760 54350 96477 167053 157405 89592 130963 142669 103002 110933 20134 53287 137480 106405 36288 73159 128243 52871 58794 59654 66248 88702 141213 167853 77115 89436 109587 138019 27223 131081 73876 96806 75966 47990 143298 64498 72660 157697 58541 39757 70853 55291 93070 88064 111581 139910 22249 107638 136716 99282 93723 76172
39572 8414 113399 83980 59793 50494 82235 121530 108178 28675 42305 48810 101256 37779 23637 29405 108742 59666 125979 54837 88986 124486 77867 58321 32175 63753 82609 53776 50976 25581 91875 114129 56684 40679 27544 27499 64577 53409 53880 29700 75494 41636 27926 72963 89793 0 56785 40134 87879 119493 79552 85729 51989 54733 66307 26933 49122 10506 59699 57067 50505 38070 47299 36196 84223 67686 75834 43864 98694 13364 55065 83769 37039 60172 103333 93488 63970 45467 47172 53842 113146 86800 7409 59974 78606 23435 40658 19982 55273 95423 53573 56596 54297 18388 56912 89690 39364 17179 68791 31323 51497 21602 39572 108742 67876 22554 91875 67589 34117 47109 58166 82235 124486
95240 51456 161606 135966 71523 42790 86118 178279 124840 82847 77961 99397 156054 32199 58333 34949 164287 35965 161981 8633 110504 181227 129027 40590 37057 108790 84114 24928 107553 73979 129567 169172 113377 28507 50870 71903 109206 54916 105564 76849 98797 97163 61597 76985 138149 56785 0 81771 133302 173898 136323 130075 6362 99891 64392 71092 100872 57927 22679 113725 36670 33719 85299 43785 86421 40383 129607 18696 137403 45812 40880 136703 90211 8804 156275 129653 119913 11341 103362 85253 169514 143506 53549 74991 59922 61116 92738 46146 3442 135222 9563 76400 55210 75155 94021 53070 96148 70185 32432 82449 104324 68661 95240 164287 75247 48299 129567 117262 74513 31627 56291 86118 181227
53226 48179 129636 56314 99590 89339 122107 109701 145078 23850 78237 22040 105618 50825 23716 46834 89286 96496 153093 83605 125352 116128 48938 60162 45028 89496 122620 66019 54997 58106 52061 116565 57584 54928 31014 12668 27491 93403 28468 61799 39482 32945 67043 112977 108072 40134 81771 0 51674 95962 74256 109122 75567 82010 106394 62141 69406 30736 92927 58390 88238 49692 81195 75627 60209 70768 52811 63634 59196 40775 93304 95036 58582 88240 76870 122725 50744 71510 55418 89781 109520 76737 47516 34943 71289 62368 20754 36551 79003 121880 82726 95483 94283 37667 89720 125510 43668 48740 77230 58491 69119 56779 53226 89286 107787 33709 52061 87149 7330 56401 98102 122107 116128
79427 96292 138170 24639 143214 138372 165368 85014 180518 60984 116959 39950 103404 101802 75381 98427 57926 146889 173323 135278 160820 95061 21504 107029 96335 115513 166565 115830 71110 97132 21839 109724 68791 105845 82433 62919 24197 140459 36888 99622 53834 54901 110904 157158 122312 87879 133302 51674 0 56903 69211 129230 127044 111068 152780 102481 94876 80397 144314 69594 138112 100521 117269 124025 86698 116898 33595 114952 21252 91676 142860 103692 88949 139904 37367 148353 49184 123168 75507 127264 96086 63995 95090 70801 111341 106390 48495 88168 130449 144071 134393 137041 141355 77295 123440 176435 67790 89766 125022 93347 92153 98112 79427 57926 151593 85383 21839 107034 59000 106191 145310 165368 95061
91573 127038 114830 39897 161109 166251 180658 37116 183271 91382 131791 75217 75926 145491 116873 139874 15190 177670 158249 173568 165481 48674 47388 156013 139241 115996 182857 161518 77802 116397 77479 75410 72066 149578 125541 102903 72884 164254 68772 116956 110134 77883 133309 174606 108221 119493 173898 95962 56903 0 54388 120234 168163 115961 174324 122042 100428 116112 179166 72351 168002 144595 128854 151855 142726 166531 44306 157196 73651 128335 171624 88284 101506 178757 20056 142506 56433 162761 83638 138846 57997 43599 125218 123988 164373 129754 81213 128021 171643 134895 172407 152627 165099 102832 131103 207712 83859 113040 173190 109127 96103 119764 91573 15190 168942 126475 77479 102929 102278 152021 168966 180658 48674
42961 85311 69388 45602 109535 119301 127791 42574 128907 57200 80253 53564 34667 113625 86757 106196 39478 131980 108163 133866 111121 44973 47769 129909 107219 61647 130230 130469 29220 68215 89229 43327 23130 117328 95675 74398 66218 115143 48453 67651 105822 42956 85298 122505 56639 79552 136323 74256 69211 54388 0 67048 131504 62153 123786 73439 47507 80360 136292 22916 122218 113271 76303 105721 133337 140503 35629 122582 90380 91459 124946 36644 51476 139242 49838 88906 24478 125015 34325 85928 35472 10822 83251 108958 144634 82613 53649 94281 134813 82046 132534 100508 115926 61169 77449 161186 40200 67824 144487 59848 42983 72615 42961 39478 116949 94256 89229 48577 77532 122023 119589 127791 44973
55989 85164 33029 109008 71058 94929 79755 96118 66009 85273 52227 97831 51207 122391 106420 113997 105045 108472 44692 123867 52059 90467 108555 143707 117433 22096 83133 136748 58927 60450 145463 61387 60468 124562 112636 101202 116894 84961 96589 56519 148309 79973 68649 79068 14651 85729 130075 109122 129230 120234 67048 0 127924 31273 86692 61010 39768 93837 118932 59652 100442 122988 44857 87211 166439 152476 97614 124601 148903 98489 100123 32282 51358 128624 116759 22462 80272 120745 55826 47375 73938 77294 83483 140721 164334 69925 92020 105710 130262 15104 122443 61686 85351 74254 36982 131155 66689 68647 151857 54685 40174 65239 55989 105045 74978 108128 145463 22658 107704 131730 87515 79755 90467
90952 47243 159024 130030 72137 44114 88038 173255 125974 77339 76114 93472 152139 25837 52222 28797 158763 39114 161140 12467 110922 176458 123043 35388 30748 106366 86250 19776 102936 70592 123205 165203 108673 22162 44617 65890 102973 55942 99691 73675 92551 91773 59275 78656 135448 51989 6362 75567 127044 168163 131504 127924 0 97353 66316 68095 97398 52422 26841 109051 38283 27360 83379 42974 80948 36402 123858 12334 131043 40449 42994 133184 86414 14576 150390 128572 114551 7206 98925 84079 165044 138447 49329 68807 55667 58345 86958 40222 3485 133722 12757 76271 56329 70373 92381 58580 91304 66157 29577 78878 100688 65271 90952 158763 76487 42216 123205 114237 68330 25616 57825 88038 176458
31866 53893 61716 94825 50014 68164 66051 100951 69968 58579 23839 74830 63576 91125 76266 82737 101404 81896 72015 94192 50754 98739 92381 112483 86217 9187 68710 105528 41168 29265 124225 76414 45524 93292 81958 72636 94621 60098 75276 25276 121486 57209 38320 61738 38326 54733 99891 82010 111068 115961 62153 31273 97353 0 65482 29793 16516 63325 90791 44987 73017 91735 17140 58289 136969 121205 83393 93500 128841 67307 73724 41583 23690 99159 107413 40729 65428 90149 35971 24817 83250 72896 52224 111529 133281 39041 67655 74680 99845 40981 92756 40360 60687 45132 15329 107708 43644 37856 120655 24410 20234 33973 31866 101404 56461 77247 124225 19392 79493 100459 63662 66051 98739
82760 58229 119567 144575 15793 22544 21742 164979 61193 91814 43655 112870 128988 79184 86621 74087 161000 29744 106176 55827 49799 163735 139658 98192 78726 71224 20017 84196 96673 58255 158161 141681 102622 78302 85462 93730 130317 13229 116761 57379 139236 100523 42248 12822 99262 66307 64392 106394 152780 174324 123786 86692 66316 65482 0 52553 76762 75855 43795 102457 28044 80724 48719 31825 139334 101948 134517 71549 164886 68384 23514 106902 72976 58215 161653 77204 118573 61289 90878 41105 148571 133884 58902 119559 120261 46563 104335 75895 66583 85621 54830 25516 12405 75819 51859 44697 91143 63628 95889 65197 81335 55718 82760 161000 13109 79828 158161 84620 100082 85490 9169 21742 163735
30862 24419 91078 92303 40976 45917 62902 115758 82998 42289 16141 62756 86390 61593 50246 53272 109088 58900 99447 66126 63371 116225 87733 83135 56973 38973 64210 75743 44971 5702 110953 99598 51099 63608 54418 50550 81674 42259 65725 6119 100278 48552 11895 54962 67426 26933 71092 62141 102481 122042 73439 61010 68095 29793 52553 0 30430 36877 65015 51062 49228 62291 20385 32888 111111 91592 82040 63735 116897 38348 51592 66028 22067 71313 109101 66762 66047 60896 39360 27775 102516 82901 22940 86563 104386 10202 54310 46216 70758 69329 64693 34620 43092 25680 29980 87763 38590 13475 90865 13606 34398 5529 30862 109088 49316 49218 110953 46181 57662 70876 46934 62902 116225
16666 50851 64417 78309 62149 75111 80411 88219 86479 45561 33111 59717 55974 86872 67651 78464 86154 88535 83782 96339 67250 87387 75926 107311 81282 21042 82775 102530 24654 26898 108743 69180 29169 89623 74582 61527 79354 69169 59584 24359 108708 41833 41812 75001 41012 49122 100872 69406 94876 100428 47507 39768 97398 16516 76762 30430 0 55760 95386 28680 79044 87191 28796 63006 126912 116804 66879 91576 113064 62449 80819 35831 12277 101580 91142 54676 48924 90273 19508 38520 72906 58006 48872 101129 126852 40621 53119 68725 100262 52650 94913 53016 69887 35073 30903 116378 28176 32219 117655 18552 4575 32212 16666 86154 69456 70613 108743 18803 67956 96219 73334 80411 87387
43773 17698 120131 78985 70056 58675 92423 121346 118659 24925 52568 42730 104975 33491 13369 25839 106367 66502 135098 57535 99421 125242 72410 52148 27210 72129 92684 50267 53137 34771 82786 117528 58298 37049 18858 18127 56563 62780 48468 38917 65028 39384 38423 83045 96768 10506 57927 30736 80397 116112 80360 93837 52422 63325 75855 36877 55760 0 64574 58815 57872 33331 57246 44891 74324 62167 71901 42456 89837 12231 62800 88942 43483 62674 98956 102871 62167 46699 50300 64162 114996 86540 17387 49707 71095 33941 35301 14089 55870 104268 56416 67077 63655 21482 66736 96090 40672 25518 64719 39165 57493 31404 43773 106367 78056 15059 82786 74531 24228 42339 67439 92423 125242
93531 52199 151546 143311 53661 24865 65176 178853 104968 88193 67244 107287 151355 48939 69364 48172 168113 14132 146438 14422 92290 180369 136899 62152 51805 99025 62847 46604 107074 69291 143563 164559 113198 46215 63879 81412 120169 36765 112888 71131 116093 101284 53650 56613 128820 59699 22679 92927 144314 179166 136292 118932 26841 90791 43795 65015 95386 64574 0 113379 18783 50628 74509 32628 107348 62943 135503 36764 151171 52752 20990 130588 86470 14928 162939 115125 123313 25233 102109 71993 167245 144686 54091 93098 82386 54911 99636 56479 25676 121882 14111 60351 36797 76739 81976 33467 97182 68472 55089 78079 99413 64323 93531 168113 55794 59706 143563 109543 85632 51454 36798 65176 180369
20262 62521 72898 50548 88848 96733 108357 65476 114627 37622 59486 41210 47696 92300 66690 84572 58593 109246 103960 111064 95683 67535 49196 109782 85976 47320 110516 109080 6305 45677 86218 59499 877 95851 75342 55644 58644 93147 38375 45483 94479 25452 62828 102269 53813 57067 113725 58390 69594 72351 22916 59652 109051 44987 102457 51062 28680 58815 113379 0 99475 92086 56570 82979 118598 120206 39012 100541 89335 69381 102343 37541 29501 116441 62465 79087 21075 102451 11704 66648 56250 31850 60450 93202 126064 59938 37998 72888 112318 74480 109722 80280 93956 38704 59574 138634 18144 44909 123462 37599 24759 49886 20262 58593 96614 73276 86218 37499 60051 101012 97709 108357 67535
79267 42187 133196 134110 35398 6282 49755 164720 88180 78939 49242 99314 134775 52913 65947 49110 156075 9774 127774 28269 74341 165443 128217 70709 53558 80966 48021 56330 93218 54113 140162 147938 99398 51477 62706 75863 114418 18501 104305 55292 116811 90631 37398 40412 110718 50505 36670 88238 138112 168002 122218 100442 38283 73017 28044 49228 79044 57872 18783 99475 0 54541 56377 16499 113332 73998 125343 43961 147420 47661 5538 113564 71229 31410 152951 96350 111612 33338 87901 53320 151683 131227 43683 95457 92539 39626 91129 53740 38670 103117 27152 41627 18692 65282 63460 39715 84530 55209 67850 62742 83278 49605 79267 156075 38589 57521 140162 92075 81251 58312 19634 49755 165443
76753 37892 151409 105510 81470 58667 101312 153459 135067 56446 75027 69378 138230 1694 27832 9018 136409 59404 161299 37954 117595 157952 98278 20875 6122 100895 100369 17313 86461 62566 95886 150838 91548 5337 19055 41764 76688 68132 75843 66470 65707 71139 57741 91467 127760 38070 33719 49692 100521 144595 113271 122988 27360 91735 80724 62291 87191 33331 50628 92086 54541 0 81431 50459 58816 29644 100504 15037 103742 24765 60052 121602 75091 41519 126058 128412 93582 25635 83579 85394 148173 118822 39512 42471 42751 54804 63957 19248 30552 131575 37535 82440 68802 54518 91155 83964 73948 55110 31389 69220 89514 57765 76753 136409 87857 19051 95886 105600 42736 9087 71563 101312 157952
39048 44038 77092 103858 33594 51300 51804 116613 64313 59569 7371 78652 80626 80580 70614 72459 114779 65031 79870 79010 44456 115049 100367 102295 76428 24590 54054 93619 51537 23214 127924 93519 56917 82187 74722 70163 98254 42960 80478 19398 119962 62368 24396 46210 54350 47299 85299 81195 117269 128854 76303 44857 83379 17140 48719 20385 28796 57246 74509 56570 56377 81431 0 42410 131496 110205 92801 80987 133336 58234 56794 58696 28866 83778 118465 46983 75356 76245 45765 10239 99857 86779 42810 106902 123949 26661 70604 66301 85598 50683 77586 24259 43547 43650 9755 90568 49929 32809 108524 24064 33331 25842 39048 114779 40686 69435 127924 36532 77275 89680 46542 51804 115049
62768 27798 119468 118663 31120 14589 51150 148228 85146 63867 35054 84631 118913 49050 54959 43034 139753 26266 118266 36854 68723 149029 113006 69557 47698 66709 50538 57287 76726 37652 127664 132106 82906 48906 53651 62995 100767 18613 89284 38989 107439 74852 21196 41306 96477 36196 43785 75627 124025 151855 105721 87211 42974 58289 31825 32888 63006 44891 32628 82979 16499 50459 42410 0 108328 75069 109576 44081 134651 36616 19778 97995 54808 41451 137166 85869 95427 36292 71402 41489 135404 114743 28935 87843 91978 23145 76269 44072 44626 91556 35453 33582 19421 49422 50591 55945 68201 38876 70966 46325 67148 33107 62768 139753 37431 48005 127664 76925 69014 56483 22924 51150 149029
111763 88730 189260 104403 138704 117457 159476 164639 190936 82742 126440 79775 165659 60428 61006 65331 140469 117682 208980 93302 172374 172562 97302 45929 60671 145414 158753 61511 115102 109047 70191 176265 117790 62030 57199 65473 71422 126521 85154 113183 32885 93148 110730 149628 167053 84223 86421 60209 86698 142726 133337 166439 80948 136969 139334 111111 126912 74324 107348 118598 113332 58816 131496 108328 0 49645 105829 70747 77246 74814 118829 155058 115082 95214 122696 177061 109058 82326 115103 137851 167949 134253 89473 25841 33329 106741 80768 66442 82999 177905 93344 138194 127233 92216 141043 139469 103363 99623 59999 112559 127426 105686 111763 140469 145655 62825 70191 145422 59490 55951 130165 159476 172562
105918 67312 181052 126683 105896 79442 123516 179244 160072 83310 103517 92457 167035 30111 53753 38540 160007 75513 189979 48552 143725 184596 119214 10699 35526 130381 121964 17875 114852 92122 107115 179446 119608 28037 44905 66532 94851 90664 98995 95977 70886 97666 86061 113908 157405 67686 40383 70768 116898 166531 140503 152476 36402 121205 101948 91592 116804 62167 62943 120206 73998 29644 110205 75069 49645 0 123552 31010 115007 54407 79003 150979 104670 48935 147103 157059 119275 40666 112380 113316 175795 145110 69013 47660 19611 83564 88655 48347 37270 160676 49053 108455 91168 83619 119845 92561 102198 84753 10361 98864 119052 87239 105918 160007 111185 47188 107115 135242 65085 20750 93142 123516 184596
53763 83665 104653 11537 122654 124136 143693 58813 153326 47363 94169 31263 69997 101351 72709 95593 36477 134869 141008 129419 134120 67020 12147 112916 95056 86307 145442 117554 42226 76347 53855 77051 38333 105422 81475 58746 34683 123459 24726 77747 75285 34729 92486 136550 89592 75834 129607 52811 33595 44306 35629 97614 123858 83393 134517 82040 66879 71901 135503 39012 125343 100504 92801 109576 105829 123552 0 112914 54753 84131 129310 70497 63991 134574 27608 117862 18010 118494 47594 103040 64822 31314 81947 83993 123268 88508 36907 83718 127339 112657 128280 115092 124335 60154 97289 164996 43631 71385 129679 70347 63387 78882 53763 36477 130852 82219 53855 76136 58639 108145 128284 143693 67020
83420 40724 154668 118658 74894 49011 92919 163800 129067 67110 74001 82184 145066 13503 40607 17323 148261 47123 160245 23309 112782 167535 111572 26749 18627 102660 91539 13211 94585 65329 110873 157977 100096 9918 32621 54469 90946 59862 88508 68819 80487 81739 56596 83221 130963 43864 18696 63634 114952 157196 122582 124601 12334 93500 71549 63735 91576 42456 36764 100541 43961 15037 80987 44081 70747 31010 112914 0 118714 31164 49244 127018 80010 26551 139112 127386 104492 11586 90999 83182 156772 128988 42713 56923 48718 54735 76034 29281 15596 131670 23066 77549 60404 61937 90426 69688 82521 59546 27580 73068 94489 60117 83420 148261 80308 30760 110873 109218 56464 14806 62584 92919 167535
96975 106970 159126 45789 156756 148505 179211 104773 197362 74609 132181 54686 124646 105221 82006 103484 77204 155559 193295 140628 177528 115212 42613 106101 100574 133997 180081 117204 90179 111889 7942 130925 88501 109035 87440 71712 35230 152091 53565 114826 45548 71699 124038 170510 142669 98694 137403 59196 21252 73651 90380 148903 131043 128841 164886 116897 113064 89837 151171 89335 147420 103742 133336 134651 77246 115007 54753 118714 0 99849 152500 124407 105902 144801 55593 167286 69569 128206 94084 143032 117043 85233 106097 67356 106052 119391 62818 94810 134286 163562 139922 151442 152981 91229 140265 184199 85197 103647 124134 109276 110737 112076 96975 77204 165101 91473 7942 126456 66189 107869 156860 179211 115212
52680 14246 126645 91145 64844 49312 86612 132910 116148 37066 52414 54775 114371 24425 18455 16041 118487 55730 137788 45310 97583 136426 84502 45247 18984 76424 86442 40476 63447 38048 92530 127169 68933 27332 17837 28773 67612 55155 60618 42046 70855 51358 36010 76928 103002 13364 45812 40775 91676 128335 91459 98489 40449 67307 68384 38348 62449 12231 52752 69381 47661 24765 58234 36616 74814 54407 84131 31164 99849 0 52868 97113 50397 50443 111167 105050 74122 34538 59999 63497 125619 98089 15443 52215 66079 32253 47496 8374 43867 107602 44199 63501 55986 30844 67982 84837 51360 30346 55447 44466 64861 33474 52680 118487 72367 12081 92530 80835 33664 33772 59540 86612 136426
82085 46682 133044 138287 32745 5710 45239 167339 84341 83277 49889 103833 136212 58419 71222 54645 159455 8350 125728 32314 71301 167717 132519 75990 59096 81324 43300 61436 96131 56731 145290 149326 102307 56928 68152 80859 119276 15975 108687 57552 122282 94581 39698 36175 110933 55065 40880 93304 142860 171624 124946 100123 42994 73724 23514 51592 80819 62800 20990 102343 5538 60052 56794 19778 118829 79003 129310 49244 152500 52868 0 114749 73659 34869 156907 94806 115194 38413 90697 52766 153671 134171 48067 100988 97701 42417 95570 59119 43116 101989 31318 39939 15914 69161 63227 36308 87920 58613 72558 65193 85155 52498 82085 159455 34918 62922 145290 92978 86374 63692 15850 45239 167717
45247 86366 35417 81332 91274 109104 105117 64312 97608 72529 65056 78751 22128 121441 99392 113135 73107 122770 71524 132107 81932 59707 82284 141085 115561 36074 108137 137533 40055 62728 122161 34831 38412 124444 107259 90425 95755 101603 75701 60048 131964 62469 76965 102158 20134 83769 136703 95036 103692 88284 36644 32282 133184 41583 106902 66028 35831 88942 130588 37541 113564 121602 58696 97995 155058 150979 70497 127018 124407 97113 114749 0 47008 137322 86317 54741 54931 126075 40151 65867 43398 46116 84341 129367 159403 76223 75168 102632 136073 46645 130678 81534 102213 67467 55339 149235 51777 67471 152558 54307 32551 68043 45247 73107 97174 104001 122161 22282 95743 130687 105237 105117 59707
10248 39383 76679 74998 59637 67982 79913 93704 91625 34964 30470 51484 65856 74817 55451 66435 88027 80932 94641 86202 71881 94222 71545 95104 69144 30925 81838 90661 23721 17206 100993 79001 29648 77662 62308 49913 71297 63739 52475 16180 98055 34256 33962 73270 53287 37039 90211 58582 88949 101506 51476 51358 86414 23690 72976 22067 12277 43483 86470 29501 71229 75091 28866 54808 115082 104670 63991 80010 105902 50397 73659 47008 0 91518 90019 64234 46748 79371 17907 39093 80777 61165 37346 89367 114575 31712 44070 56505 89392 63407 84794 51446 64536 22962 34501 109805 21218 20464 105746 8487 14506 22179 10248 88027 67580 58347 100993 31063 56547 84143 68256 79913 94222
97349 53931 160691 141428 66796 37688 79787 181519 119209 87402 76408 104909 157280 39924 64580 41562 168640 28893 158635 5378 105751 183953 134641 49395 44227 107832 77568 33731 110190 74772 137014 170462 116153 36469 57675 77778 115731 49910 110918 77275 107016 101388 60949 70979 137480 60172 8804 88240 139904 178757 139242 128624 14576 99159 58215 71313 101580 62674 14928 116441 31410 41519 83778 41451 95214 48935 134574 26551 144801 50443 34869 137322 91518 0 161562 126717 123994 16740 105691 82692 171694 146882 55995 83342 68523 61141 97887 51988 12215 132834 6743 72549 50086 78306 92034 44267 99271 72061 40546 83451 105275 69522 97349 168640 69742 54543 137014 117173 80926 40184 50656 79787 183953
79795 111228 116987 20569 149353 151717 169930 49703 176642 74746 120464 56937 78772 127034 98558 121819 21961 162473 157788 156471 157988 60652 27946 136659 120890 108958 171844 142769 66977 103399 58577 81557 61977 131140 107026 84644 52963 150824 50711 104531 90161 62332 119805 163151 106405 103333 156275 76870 37367 20056 49838 116759 150390 107413 161653 109101 91142 98956 162939 62465 152951 126058 118465 137166 122696 147103 27608 139112 55593 111167 156907 86317 90019 161562 0 138328 43305 145290 72708 128666 65471 40351 109528 104020 144475 115916 63678 110169 153875 131807 155367 141446 151693 87747 122019 192600 70517 98843 154029 96931 87180 106180 79795 21961 157450 108355 58577 97120 83441 133198 155629 169930 60652
71294 90930 47245 129369 62798 90292 65430 118445 44455 99199 53544 114391 73125 127549 116093 119441 127324 103000 32920 122483 33679 112455 128279 149271 123395 33670 69017 140232 77262 68108 163248 82445 79839 129080 121031 113283 133992 78877 114053 63959 162206 96492 71007 67214 36288 93488 129653 122725 148353 142506 88906 22462 128572 40729 77204 66762 54676 102871 115125 79087 96350 128412 46983 85869 177061 157059 117862 127386 167286 105050 94806 54741 64234 126717 138328 0 100112 121622 73208 44493 95941 99335 89608 151853 170915 73619 107696 112978 130429 10365 121119 54871 79043 85764 37259 121686 82844 77444 154965 64844 56590 71913 71294 127324 64352 115943 163248 41731 120182 136612 80281 65430 112455
36509 71119 89992 29524 106065 109819 126658 60022 135335 37388 77168 29363 58504 94168 66071 87436 44808 121304 124163 118698 116174 65579 28285 108586 87730 68315 128546 110893 24287 60356 67247 67792 20369 98087 75095 52753 42148 108078 23999 61302 81365 22783 77061 119848 73159 63970 119913 50744 49184 56433 24478 80272 114551 65428 118573 66047 48924 62167 123313 21075 111612 93582 75356 95427 109058 119275 18010 104492 69569 74122 115194 54931 46748 123994 43305 100112 0 108603 29787 85586 58997 26054 69224 85024 121845 73395 30769 75344 117981 95231 117464 98149 108935 46630 79479 151310 27539 56610 124178 53650 45383 63464 36509 44808 114148 74617 67247 58440 54820 101932 112836 126658 65579
84114 40340 151818 125053 66086 38811 82896 166943 120139 71599 68998 88493 145150 23969 47871 24837 153025 35712 154255 12464 104656 169934 118188 37871 27685 99167 81302 23023 96296 63441 120447 158236 102095 21018 40957 61183 99000 50271 94590 66494 91332 85865 52096 73346 128243 45467 11341 71510 123168 162761 125015 120745 7206 90149 61289 60896 90273 46699 25233 102451 33338 25635 76245 36292 82326 40666 118494 11586 128206 34538 38413 126075 79371 16740 145290 121622 108603 0 92171 77133 158319 132166 42433 68047 59303 51139 81671 35370 10022 126654 11923 69777 50726 63846 85299 58377 84831 59188 35079 71769 93603 58119 84114 153025 70851 37826 120447 107047 64200 26376 52536 82896 169934
8636 51934 74242 58946 77472 85074 97385 76876 105927 32416 48184 42014 54676 83640 59694 75633 70122 97665 100514 100317 86584 78370 56421 102180 77460 40022 99433 100244 5838 33996 90107 67273 11778 86998 67914 50275 61149 81454 40960 33790 93576 24232 51139 91017 52871 47172 103362 55418 75507 83638 34325 55826 98925 35971 90878 39360 19508 50300 102109 11704 87901 83579 45765 71402 115103 112380 47594 90999 94084 59999 90697 40151 17907 105691 72708 73208 29787 92171 0 55958 66151 43544 49844 89341 119673 48315 36617 64341 102120 69957 98954 69094 82265 29185 49707 126975 11762 33756 114929 25903 16676 38295 8636 70122 85341 65194 90107 33180 55671 92620 86028 97385 78370
49285 49298 80352 114089 25410 47647 41892 125621 55298 68874 11657 88387 87982 84381 77462 76593 124663 61117 77171 78275 35603 123555 110555 106081 80830 30131 44306 96170 61712 31751 137471 100603 67018 85541 80703 78318 107872 37649 90421 28360 128053 72380 27724 36961 58794 53842 85253 89781 127264 138846 85928 47375 84079 24817 41105 27775 38520 64162 71993 66648 53320 85394 10239 41489 137851 113316 103040 83182 143032 63497 52766 65867 39093 82692 128666 44493 85586 77133 55958 0 108038 96501 48410 113814 128142 31246 80225 71793 85959 50142 76890 15666 38078 52612 10848 84550 60101 41047 110729 33925 42978 33273 49285 124663 31645 75191 137471 43607 85433 93178 40489 41892 123555
74358 118075 59224 71490 133242 147961 148254 24020 139947 92501 105414 88359 22823 148443 122047 140794 45033 161277 104582 166330 125094 16529 76222 165237 142081 79019 151191 165255 62198 97971 117620 17599 56727 152045 130910 109852 98722 141919 82797 96419 139182 78403 114289 144812 59654 113146 169514 109520 96086 57997 35472 73938 165044 83250 148571 102516 72906 114996 167245 56250 151683 148173 99857 135404 167949 175795 64822 156772 117043 125619 153671 43398 80777 171694 65471 95941 58997 158319 66151 108038 0 33971 115983 144012 180099 112435 89030 129037 168257 86600 164952 123609 142610 94863 97895 189271 74357 99634 179499 89196 68521 102929 74358 45033 139644 129243 117620 64819 112979 157026 145935 148254 16529
52108 93090 77029 39523 119841 128570 138387 34822 139674 62377 90493 55074 39878 119307 91635 112225 28657 141001 117479 141522 121938 39548 43167 134437 112866 72468 140780 136121 38040 77527 84963 45817 31864 123137 100648 78590 64765 124900 49224 77262 105213 47698 94678 132941 66248 86800 143506 76737 63995 43599 10822 77294 138447 72896 133884 82901 58006 86540 144686 31850 131227 118822 86779 114743 134253 145110 31314 128988 85233 98089 134171 46116 61165 146882 40351 99335 26054 132166 43544 96501 33971 0 91069 110728 147895 91756 56799 100174 141816 92195 140222 110922 125699 68577 88171 170470 47657 76325 149721 69394 53523 81686 52108 28657 127355 99778 84963 59333 80865 127358 129418 138387 39548
41693 2094 112411 90466 52669 43346 75045 125593 101998 35257 37141 55785 102845 38912 29861 30514 114022 53032 122357 50618 83056 127974 84534 60294 34069 61388 75345 53843 54208 23125 99284 115886 60158 41223 32295 34866 71907 46001 60639 26968 82332 47392 21477 65701 88702 7409 53549 47516 95090 125218 83251 83483 49329 52224 58902 22940 48872 17387 54091 60450 43683 39512 42810 28935 89473 69013 81947 42713 106097 15443 48067 84341 37346 55995 109528 89608 69224 42433 49844 48410 115983 91069 0 65865 81446 17287 47504 23517 52432 92253 49283 49920 46889 22675 52553 83142 43413 16910 69006 30404 51795 18253 41693 114022 60678 26798 99284 66730 41397 48263 50763 75045 127974
85922 65406 163449 84421 117042 98707 138626 142490 167859 56948 102252 55689 140553 44159 36360 46365 119843 101317 183530 80209 148870 149708 77007 39130 42029 119853 138277 51931 89499 84100 59479 151485 92410 47086 34432 39644 51118 106420 61547 88202 24084 67809 87338 128866 141213 59974 74991 34943 70801 123988 108958 140721 68807 111529 119559 86563 101129 49707 93098 93202 95457 42471 106902 87843 25841 47660 83993 56923 67356 52215 100988 129367 89367 83342 104020 151853 85024 68047 89341 113814 144012 110728 65865 0 40639 83102 55686 44079 71608 152389 79884 115520 107201 66580 116304 126418 77620 74561 56978 87135 101594 81068 85922 119843 124466 40195 59479 119600 33682 43505 110478 138626 149708
114203 80025 191219 124621 123076 97719 141624 180959 177098 88446 117685 93286 173667 43816 60022 51583 159544 94664 203745 67969 160058 187369 117154 22428 47521 142342 140256 36298 121286 104028 98415 185534 125375 43187 52329 70520 91512 108507 99605 108075 60561 101839 100469 131903 167853 78606 59922 71289 111341 164373 144634 164334 55667 133281 120261 104386 126852 71095 82386 126064 92539 42751 123949 91978 33329 19611 123268 48718 106052 66079 97701 159403 114575 68523 144475 170915 121845 59303 119673 128142 180099 147895 81446 40639 0 97413 91197 58625 56752 173680 68400 124796 109069 92241 133697 112148 108656 95720 29112 109800 128527 99551 114203 159544 128849 56321 98415 145610 67147 35531 111302 141624 187369
39690 18061 100679 98256 37411 36838 59927 125097 84812 45418 20294 66441 96566 53930 46928 45857 117245 49375 106522 55975 65781 125913 93165 75655 49918 48119 60694 67142 53716 14520 113014 109773 59894 55536 49547 50042 84417 34965 70203 16269 98867 54136 4682 51120 77115 23435 61116 62368 106390 129754 82613 69925 58345 39041 46563 10202 40621 33941 54911 59938 39626 54804 26661 23145 106741 83564 88508 54735 119391 32253 42417 76223 31712 61141 115916 73619 73395 51139 48315 31246 112435 91756 17287 83102 97413 0 57896 40550 60907 77162 54540 33280 35845 29257 36360 78722 45896 17166 82148 23249 44541 10090 39690 117245 45727 43983 113014 56176 56967 63019 39806 59927 125913
36454 48943 110192 43706 94801 90789 117060 90603 134806 12530 69380 8545 84920 64715 36135 58721 72457 100324 136574 92794 114945 96341 37297 77957 58356 74030 118167 81164 35218 49157 57328 95811 37166 68750 45070 22348 27654 92147 13267 52013 57048 12707 62409 108720 89436 40658 92738 20754 48495 81213 53649 92020 86958 67655 104335 54310 53119 35301 99636 37998 91129 63957 70604 76269 80768 88655 36907 76034 62818 47496 95570 75168 44070 97887 63678 107696 30769 81671 36617 80225 89030 56799 47504 55686 91197 57896 0 46813 90440 105627 91694 88930 93043 28850 77889 130324 25333 41345 93929 46583 51916 49738 36454 72457 103181 45405 57328 69519 24077 71937 97010 117060 96341
57619 22496 133124 89825 72982 56016 94572 134927 124511 37966 60632 53259 119004 19413 12888 12093 118980 61142 145630 47196 105956 139088 82884 38601 13126 83722 94292 36221 67226 45456 87292 131594 72362 23047 9653 25813 63971 62683 59470 49536 63505 52658 44367 84836 109587 19982 46146 36551 88168 128021 94281 105710 40222 74680 75895 46216 68725 14089 56479 72888 53740 19248 66301 44072 66442 48347 83718 29281 94810 8374 59119 102632 56505 51988 110169 112978 75344 35370 64341 71793 129037 100174 23517 44079 58625 40550 46813 0 43707 115250 46265 71836 63492 35339 76031 89389 54744 37127 50631 51247 70795 41152 57619 118980 80390 3934 87292 87349 29226 28280 66928 94572 139088
94098 50341 161551 133513 73121 44676 88325 176618 126712 80791 78296 96957 155172 29066 55689 32260 162221 38621 162891 11332 112033 179757 126524 37195 34126 108814 86413 21524 106185 73410 126436 168256 111948 25294 48033 69369 106393 56688 103176 76413 95445 95207 61648 79076 138019 55273 3442 79003 130449 171643 134813 130262 3485 99845 66583 70758 100262 55870 25676 112318 38670 30552 85598 44626 82999 37270 127339 15596 134286 43867 43116 136073 89392 12215 153875 130429 117981 10022 102120 85959 168257 141816 52432 71608 56752 60907 90440 43707 0 135774 11997 77639 57026 73661 94480 56479 94614 69206 29668 81770 103613 68087 94098 162221 77142 45689 126436 116933 71775 28208 58299 88325 179757
69249 93744 36924 124071 70708 97213 75073 109479 54552 98090 57748 111806 63790 130826 117246 122560 119709 110278 31234 128390 43912 103065 123515 152439 126302 32563 78630 144269 73418 69842 159939 72598 75281 132639 122815 113216 131104 86215 110892 65731 161283 93879 75077 76245 27223 95423 135222 121880 144071 134895 82046 15104 133722 40981 85621 69329 52650 104268 121882 74480 103117 131575 50683 91556 177905 160676 112657 131670 163562 107602 101989 46645 63407 132834 131807 10365 95231 126654 69957 50142 86600 92195 92253 152389 173680 77162 105627 115250 135774 0 126998 62193 86457 85841 41365 130283 80389 78762 159202 65365 53764 74141 69249 119709 73011 117977 159939 37106 119933 140041 88011 75073 103065
90608 47224 154364 135314 62188 33314 76557 174836 115331 81026 70217 98853 150574 35876 59013 36442 162154 26627 153251 1438 101192 177227 128597 48043 39526 101494 74566 32498 103467 68082 132192 163751 109438 32801 52532 71949 110198 45485 104788 70631 103241 94907 54482 67427 131081 53573 9563 82726 134393 172407 132534 122443 12757 92756 54830 64693 94913 56416 14111 109722 27152 37535 77586 35453 93344 49053 128280 23066 139922 44199 31318 130678 84794 6743 155367 121119 117464 11923 98954 76890 164952 140222 49283 79884 68400 54540 91694 46265 11997 126998 0 67384 45753 71647 86013 46621 92594 65318 41665 76746 98583 62822 90608 162154 65741 49035 132192 110638 75397 37557 46754 76557 177227
61653 50172 94694 125800 9755 35486 28624 140824 52823 76847 20982 97373 103648 81196 79776 74185 138744 48162 86166 68683 35295 139028 121680 102394 78725 45730 30398 90758 74928 39910 145380 116261 80563 81615 81317 83272 116239 24048 100218 37660 132089 82710 28688 22026 73876 56596 76400 95483 137041 152627 100508 61686 76271 40360 25516 34620 53016 67077 60351 80280 41627 82440 24259 33582 138194 108455 115092 77549 151442 63501 39939 81534 51446 72549 141446 54871 98149 69777 69094 15666 123609 110922 49920 115520 124796 33280 88930 71836 77639 62193 67384 0 24268 60223 26350 69510 71527 47800 104548 44763 57567 39375 61653 138744 16441 75578 145380 59272 90231 89289 25960 28624 139028
73880 46108 118370 134090 16864 12448 32614 157777 69687 80514 37295 101547 124054 67297 74250 61920 152174 23971 109818 46910 55677 157274 128914 86827 66573 67601 31568 73314 87961 48708 146166 137014 94041 66631 73066 81615 118607 896 105691 48476 126835 89968 31897 22839 96806 54297 55210 94283 141355 165099 115926 85351 56329 60687 12405 43092 69887 63655 36797 93956 18692 68802 43547 19421 127233 91168 124335 60404 152981 55986 15914 102213 64536 50086 151693 79043 108935 50726 82265 38078 142610 125699 46889 107201 109069 35845 93043 63492 57026 86457 45753 24268 0 64878 48822 47024 81397 53007 85720 56364 74394 45522 73880 152174 20159 67426 146166 80079 87878 73965 3976 32614 157274
22300 24633 99095 69395 65951 63987 88228 103239 107822 16624 41311 37374 83739 54521 32614 46459 91396 74890 117024 72945 88009 106097 64046 73630 48413 53286 89317 71070 32665 20905 85279 96434 38308 57829 39928 27519 56018 63988 40947 24318 76860 25432 33672 79875 75966 18388 75155 37667 77295 102832 61169 74254 70373 45132 75819 25680 35073 21482 76739 38704 65282 54518 43650 49422 92216 83619 60154 61937 91229 30844 69161 67467 22962 78306 87747 85764 46630 63846 29185 52612 94863 68577 22675 66580 92241 29257 28850 35339 73661 85841 71647 60223 64878 0 52053 104987 21005 12497 85811 20995 36346 20909 22300 91396 74331 36538 85279 53851 34448 63588 68853 88228 106097
44165 53792 69821 108587 36102 57973 50798 116134 57137 67429 16426 85664 77466 90290 80092 82191 116626 71567 70165 87422 37381 113613 105638 112013 86176 19389 53532 103150 55232 32282 135150 89976 60045 91845 84388 79047 105425 48364 86948 28264 128775 68728 33865 46926 47990 56912 94021 89720 123440 131103 77449 36982 92381 15329 51859 29980 30903 66736 81976 59574 63460 91155 9755 50591 141043 119845 97289 90426 140265 67982 63227 55339 34501 92034 122019 37259 79479 85299 49707 10848 97895 88171 52553 116304 133697 36360 77889 76031 94480 41365 86013 26350 48822 52053 0 95393 55661 41898 117992 31531 35054 35360 44165 116626 41849 79137 135150 33174 86132 99362 51312 50798 113613
118373 81529 164118 173597 60113 41901 59358 203509 98973 118317 84251 138346 171046 82283 102208 81601 195698 30127 149497 46440 92221 203617 167557 93658 85272 114455 55928 77998 132431 92988 176667 184029 138605 79381 97169 113599 152435 47632 143565 93645 149539 130306 75889 54802 143298 89690 53070 125510 176435 207712 161186 131155 58580 107708 44697 87763 116378 96090 33467 138634 39715 83964 90568 55945 139469 92561 164996 69688 184199 84837 36308 149235 109805 44267 192600 121686 151310 58377 126975 84550 189271 170470 83142 126418 112148 78722 130324 89389 56479 130283 46621 69510 47024 104987 95393 0 124146 94818 83356 101368 120807 88805 118373 195698 57339 92779 176667 127100 118284 84060 44144 59358 203617
11778 45434 86004 54279 79025 82478 100149 82250 112729 20761 50678 31550 65091 74157 48899 66441 71553 94273 111266 93904 93036 85161 50459 91832 67837 49216 101840 90937 12687 32889 80656 77286 17633 77711 57408 38756 51187 80540 31632 34119 82036 13661 49523 92919 64498 39364 96148 43668 67790 83859 40200 66689 91304 43644 91143 38590 28176 40672 97182 18144 84530 73948 49929 68201 103363 102198 43631 82521 85197 51360 87920 51777 21218 99271 70517 82844 27539 84831 11762 60101 74357 47657 43413 77620 108656 45896 25333 54744 94614 80389 92594 71527 81397 21005 55661 124146 0 29329 105329 26765 26629 35931 11778 71553 87222 55176 80656 44197 43970 82887 85302 100149 85161
25306 18968 96299 81090 53460 53211 75732 110381 96340 29085 29501 49863 85982 54728 38653 46303 100883 64960 109584 66697 76638 112125 76037 75486 49292 46760 76824 70314 38604 9623 97599 99051 44727 57414 44104 37384 68459 52126 53285 13660 87186 36971 21382 67394 72660 17179 70185 48740 89766 113040 67824 68647 66157 37856 63628 13475 32219 25518 68472 44909 55209 55110 32809 38876 99623 84753 71385 59546 103647 30346 58613 67471 20464 72061 98843 77444 56610 59188 33756 41047 99634 76325 16910 74561 95720 17166 41345 37127 69206 78762 65318 47800 53007 12497 41898 94818 29329 0 85436 14147 34950 8431 25306 100883 61840 39483 97599 50490 44501 64094 56970 75732 112125
107970 67140 181411 133504 101156 73618 117605 184188 155216 87430 101568 98428 169550 31292 58116 39453 165998 68288 187820 40956 139606 189019 126084 18091 37509 129838 115826 15167 117850 92031 116212 182199 122918 28115 49092 71590 102399 85292 104976 95695 80571 102039 84145 108185 157697 68791 32432 77230 125022 173190 144487 151857 29577 120655 95889 90865 117655 64719 55089 123462 67850 31389 108524 70966 59999 10361 129679 27580 124134 55447 72558 152558 105746 40546 154029 154965 124178 35079 114929 110729 179499 149721 69006 56978 29112 82148 93929 50631 29668 159202 41665 104548 85720 85811 117992 83356 105329 85436 0 99345 120241 86937 107970 165998 105871 50259 116212 135729 71046 22474 87348 117605 189019
17579 32355 82203 81042 52422 59521 73384 102152 88230 35898 23944 54590 73829 68807 51930 60373 95902 72445 96424 78163 68366 102707 77059 89632 63428 33006 75095 84194 31608 8790 103911 87014 37677 71405 57951 48479 74220 55552 56496 7889 97814 38490 25496 66249 58541 31323 82449 58491 93347 109127 59848 54685 78878 24410 65197 13606 18552 39165 78079 37599 62742 69220 24064 46325 112559 98864 70347 73068 109276 44466 65193 54307 8487 83451 96931 64844 53650 71769 25903 33925 89196 69394 30404 87135 109800 23249 46583 51247 81770 65365 76746 44763 56364 20995 31531 101368 26765 14147 99345 0 21880 13935 17579 95902 60547 53506 103911 36417 55439 78180 60135 73384 102707
15893 53817 62750 74873 66720 79446 84867 83650 89965 45314 37682 58069 52055 89269 68931 80902 81753 92813 84658 100003 70931 82890 72792 109389 83537 23360 87262 105163 21297 30503 106663 65257 25311 92149 76199 61953 77504 73669 57471 28285 108169 40133 45956 79541 39757 51497 104324 69119 92153 96103 42983 40174 100688 20234 81335 34398 4575 57493 99413 24759 83278 89514 33331 67148 127426 119052 63387 94489 110737 64861 85155 32551 14506 105275 87180 56590 45383 93603 16676 42978 68521 53523 51795 101594 128527 44541 51916 70795 103613 53764 98583 57567 74394 36346 35054 120807 26629 34950 120241 21880 0 35767 15893 81753 74005 72478 106663 18063 68151 98578 77859 84867 82890
29661 19931 94564 88857 45104 46927 67324 115137 88446 37513 21623 58243 87761 57152 44772 48764 107178 59371 104488 64241 68854 116153 84009 78539 52293 43144 68454 71776 43650 5324 106011 100948 49829 59368 49140 45085 76890 44657 61528 8764 94782 44828 13626 59060 70853 21602 68661 56779 98112 119764 72615 65239 65271 33973 55718 5529 32212 31404 64323 49886 49605 57765 25842 33107 105686 87239 78882 60117 112076 33474 52498 68043 22179 69522 106180 71913 63464 58119 38295 33273 102929 81686 18253 81068 99551 10090 49738 41152 68087 74141 62822 39375 45522 20909 35360 88805 35931 8431 86937 13935 35767 0 29661 107178 53482 44034 106011 49155 52191 66491 49451 67324 116153
0 43787 77788 64818 69721 76472 90149 85507 101118 29428 40671 43160 61699 76704 54239 68538 78330 89032 100309 91981 81488 86878 61532 95915 70662 37626 92050 93119 14111 25424 92408 74558 20257 79909 62014 46329 62882 73059 43410 25451 92320 25382 42579 83421 55291 39572 95240 53226 79427 91573 42961 55989 90952 31866 82760 30862 16666 43773 93531 20262 79267 76753 39048 62768 111763 105918 53763 83420 96975 52680 82085 45247 10248 97349 79795 71294 36509 84114 8636 49285 74358 52108 41693 85922 114203 39690 36454 57619 94098 69249 90608 61653 73880 22300 44165 118373 11778 25306 107970 17579 15893 29661 0 78330 77726 58820 92408 33937 52373 85834 77675 90149 86878
78330 115923 100278 36112 147424 153983 166541 27744 168242 81442 118047 67600 61383 137171 108578 131007 0 165809 143283 163369 150591 38745 43178 149359 130804 101124 168833 153584 64332 103515 79617 61982 58393 141201 117469 94697 69184 151345 61050 103781 108645 67253 120585 160762 93070 108742 164287 89286 57926 15190 39478 105045 158763 101404 161000 109088 86154 106367 168113 58593 156075 136409 114779 139753 140469 160007 36477 148261 77204 118487 159455 73107 88027 168640 21961 127324 44808 153025 70122 124663 45033 28657 114022 119843 159544 117245 72457 118980 162221 119709 162154 138744 152174 91396 116626 195698 71553 100883 165998 95902 81753 107178 78330 0 155128 117806 79617 87910 95014 144274 155990 166541 38745
77726 60450 107607 141386 8380 32472 14367 157177 49593 90839 37157 111703 119299 86423 89921 80436 155128 42019 93067 66853 36854 155200 137003 106512 85096 61135 14995 93315 91179 54880 158740 131721 96879 86071 90042 95267 130063 20581 114967 53122 142742 97853 41067 5701 88064 67876 75247 107787 151593 168942 116949 74978 76487 56461 13109 49316 69456 78056 55794 96614 38589 87857 40686 37431 145655 111185 130852 80308 165101 72367 34918 97174 67580 69742 157450 64352 114148 70851 85341 31645 139644 127355 60678 124466 128849 45727 103181 80390 77142 73011 65741 16441 20159 74331 41849 57339 87222 61840 105871 60547 74005 53482 77726 155128 0 84289 158740 75019 101989 93537 19087 14367 155200
58820 25932 135026 87918 76849 59889 98483 134436 128194 37404 63933 51425 119858 19554 10051 13472 117806 64782 148503 49900 109550 138905 80869 37095 13113 86222 98216 36343 67777 48135 83898 132319 72713 23480 5768 23723 61197 66617 57754 52252 59600 52106 47909 88753 111581 22554 48299 33709 85383 126475 94256 108128 42216 77247 79828 49218 70613 15059 59706 73276 57521 19051 69435 48005 62825 47188 82219 30760 91473 12081 62922 104001 58347 54543 108355 115943 74617 37826 65194 75191 129243 99778 26798 40195 56321 43983 45405 3934 45689 117977 49035 75578 67426 36538 79137 92779 55176 39483 50259 53506 72478 44034 58820 117806 84289 0 83898 89333 26387 27785 70858 98483 138905
92408 100083 157211 46155 150422 141392 172921 106831 192130 68719 126453 49517 123791 97375 74540 95766 79617 148186 190036 132882 172270 116899 41812 98172 92793 129762 173695 109270 86549 106082 0 130780 85364 101171 79760 64669 29725 145280 49195 109161 38048 67028 117681 164095 139910 91875 129567 52061 21839 77479 89229 145463 123205 124225 158161 110953 108743 82786 143563 86218 140162 95886 127924 127664 70191 107115 53855 110873 7942 92530 145290 122161 100993 137014 58577 163248 67247 120447 90107 137471 117620 84963 99284 59479 98415 113014 57328 87292 126436 159939 132192 145380 146166 85279 135150 176667 80656 97599 116212 103911 106663 106011 92408 79617 158740 83898 0 122885 58917 99946 150021 172921 116899
33937 68629 45812 87639 69005 87381 83467 83966 80342 63365 43113 75193 44379 105211 86446 96781 87910 101098 67350 112075 62907 80727 86672 125887 99759 14262 86377 120569 36338 43899 122885 57093 38279 107820 93367 79957 94238 79490 73944 40582 126090 57363 56278 80085 22249 67589 117262 87149 107034 102929 48577 22658 114237 19392 84620 46181 18803 74531 109543 37499 92075 105600 36532 76925 145422 135242 76136 109218 126456 80835 92978 22282 31063 117173 97120 41731 58440 107047 33180 43607 64819 59333 66730 119600 145610 56176 69519 87349 116933 37106 110638 59272 80079 53851 33174 127100 44197 50490 135729 36417 18063 49155 33937 87910 75019 89333 122885 0 86204 114581 83039 83467 80727
52373 41884 129772 62873 93878 82530 116344 114461 140635 23266 73802 27415 107685 43808 16386 39565 95014 89388 151163 76279 121033 120399 55585 54405 37895 87392 116723 59328 56018 54062 58917 119070 59293 47919 23876 7119 34810 87005 33964 57936 42688 35015 61606 107077 107638 34117 74513 7330 59000 102278 77532 107704 68330 79493 100082 57662 67956 24228 85632 60051 81251 42736 77275 69014 59490 65085 58639 56464 66189 33664 86374 95743 56547 80926 83441 120182 54820 64200 55671 85433 112979 80865 41397 33682 67147 56967 24077 29226 71775 119933 75397 90231 87878 34448 86132 118284 43970 44501 71046 55439 68151 52191 52373 95014 101989 26387 58917 86204 0 49773 91652 116344 120399
85834 46566 160382 112629 87599 63053 106578 161902 141575 65016 83106 76902 147282 9376 35887 17812 144274 61890 169526 37635 124567 166599 105302 13107 15175 109634 105385 9663 95436 71373 99946 159866 100462 7688 26885 49605 82747 73361 83422 75228 67473 79661 65699 96792 136716 47109 31627 56401 106191 152021 122023 131730 25616 100459 85490 70876 96219 42339 51454 101012 58312 9087 89680 56483 55951 20750 108145 14806 107869 33772 63692 130687 84143 40184 133198 136612 101932 26376 92620 93178 157026 127358 48263 43505 35531 63019 71937 28280 28208 140041 37557 89289 73965 63588 99362 84060 82887 64094 22474 78180 98578 66491 85834 144274 93537 27785 99946 114581 49773 0 76413 106578 166599
77675 49943 120543 138057 17524 13736 30374 161343 68611 84482 40530 105512 127151 70027 77866 64925 155990 23292 110549 47837 55521 160704 132888 89167 69562 70313 28980 75338 91742 52569 150021 140061 97806 69185 76461 85436 122529 4868 109665 52245 130352 93935 35825 20837 99282 58166 56291 98102 145310 168966 119589 87515 57825 63662 9169 46934 73334 67439 36798 97709 19634 71563 46542 22924 130165 93142 128284 62584 156860 59540 15850 105237 68256 50656 155629 80281 112836 52536 86028 40489 145935 129418 50763 110478 111302 39806 97010 66928 58299 88011 46754 25960 3976 68853 51312 44144 85302 56970 87348 60135 77859 49451 77675 155990 19087 70858 150021 83039 91652 76413 0 30374 160704
90149 74813 111258 154423 22529 44084 0 166928 40586 104801 49530 125558 127073 99830 104256 94162 166541 51046 90670 77538 33400 164185 150284 119424 98826 69237 3617 105711 103199 68342 172921 139015 108689 99238 104225 109605 144110 33232 128625 66253 157084 111259 55252 9853 93723 82235 86118 122107 165368 180658 127791 79755 88038 66051 21742 62902 80411 92423 65176 108357 49755 101312 51804 51150 159476 123516 143693 92919 179211 86612 45239 105117 79913 79787 169930 65430 126658 82896 97385 41892 148254 138387 75045 138626 141624 59927 117060 94572 88325 75073 76557 28624 32614 88228 50798 59358 100149 75732 117605 73384 84867 67324 90149 166541 14367 98483 172921 83467 116344 106578 30374 0 164185
86878 130049 74491 71246 148583 162015 164185 11558 156476 101590 120294 94281 39330 158366 131013 151058 38745 175125 120166 178575 141538 0 77149 173933 151939 94979 167060 175208 73766 111394 116899 32162 67858 162123 140006 118103 101701 156555 88199 110195 142299 87009 128096 160452 76172 124486 181227 116128 95061 48674 44973 90467 176458 98739 163735 116225 87387 125242 180369 67535 165443 157952 115049 149029 172562 184596 67020 167535 115212 136426 167717 59707 94222 183953 60652 112455 65579 169934 78370 123555 16529 39548 127974 149708 187369 125913 96341 139088 179757 103065 177227 139028 157274 106097 113613 203617 85161 112125 189019 102707 82890 116153 86878 38745 155200 138905 116899 80727 120399 166599 160704 164185 0
