StringID  Type  x          y          demand  ReadyTime  DueDate  ServiceTime
D0        d     41477.70    -2846.44    0.0     0.0        86400.0  0.0
D1        d     -1810.86    1191.38     0.0     0.0        86400.0  0.0
C1        c     -41673.11   31181.06    789.8   3239.0     22907.0  752.0
C2        c     -37111.33   33305.18    403.1   0.0        19376.0  398.0
C3        c     -14440.72   1313.71     501.7   2751.4     23162.4  1506.0
C4        c     704.10      -29836.60   157.6   1417.3     19831.3  318.0
C5        c     33166.40    -4941.38    601.3   248.7      20804.7  792.0
C6        c     41614.75    -19863.96   353.4   0.0        20524.0  1354.0
C7        c     21740.38    -2846.44    525.4   10157.6    30029.6  924.0
C8        c     -36611.79   24036.54    390.3   0.0        20999.0  1076.0
C9        c     48623.63    -29462.99   522.4   5469.3     26103.3  1222.0
C10       c     41502.14    12804.48    143.3   6884.0     27832.0  1650.0
C11       c     33554.56    -16506.16   258.6   3761.1     23987.1  814.0
C12       c     48518.86    -2070.82    212.8   4587.2     23834.2  212.0
C13       c     13893.73    -16825.72   228.4   1037.9     21123.9  1020.0
C14       c     16500.77    -6414.59    591.2   0.0        20776.0  1350.0
C15       c     -5426.91    -689.96     763.4   3687.6     22684.6  750.0
C16       c     40627.26    -28314.66   856.7   0.0        20226.0  814.0
C17       c     20476.21    7006.11     117.9   1324.0     21306.0  846.0
C18       c     10781.63    -21074.12   395.7   0.0        18997.0  750.0
C19       c     37823.85    1585.83     146.4   3533.7     24517.7  998.0
C20       c     44583.97    7787.45     342.0   6069.5     25610.5  458.0
C21       c     41379.95    -7085.98    510.4   2443.6     22066.6  266.0
C22       c     -2734.40    3348.08     236.1   6996.9     27067.9  1308.0
C23       c     -60000.00   18648.63    170.8   2544.4     22589.4  504.0
C24       c     38314.15    -25355.46   594.8   3397.7     23892.7  756.0
C25       c     5785.53     -21233.07   708.0   1011.8     21343.8  1052.0
C26       c     50105.76    -7528.98    201.8   2426.5     20759.5  228.0
C27       c     10628.82    5696.73     651.0   6809.1     27338.1  1118.0
C28       c     43353.14    -17440.82   257.6   3447.4     23985.4  1478.0
C29       c     16032.76    20418.30    521.7   1423.2     21032.2  552.0
C30       c     36236.34    -14745.77   462.6   3441.2     22970.2  1186.0
C31       c     3070.32     -14610.94   409.7   645.1      20690.1  504.0
C32       c     49957.40    -5231.89    199.0   5813.7     25965.7  684.0
C33       c     -29692.60   10355.32    350.6   2048.2     22125.2  406.0
C34       c     44448.33    -20608.14   386.8   5506.1     25015.1  1196.0
C35       c     10581.82    10090.08    389.2   345.9      20747.9  882.0
C36       c     -51846.07   -14868.44   211.2   8828.1     28451.1  266.0
C37       c     46722.00    31859.29    669.3   5022.6     25706.6  916.0
C38       c     -44303.91   2635.24     595.9   3485.2     22436.2  346.0
C39       c     46167.71    -17826.85   533.5   0.0        20524.0  1354.0
C40       c     30552.18    -9843.33    835.0   5409.7     26201.7  1262.0
C41       c     -22229.76   14808.91    176.1   2121.8     21675.8  1138.0
C42       c     4994.53     -14396.70   540.6   2115.4     20529.4  318.0
C43       c     25675.69    -9435.93    373.3   0.0        19926.0  916.0
C44       c     24000.80    -5626.64    221.1   0.0        19529.0  1186.0
C45       c     21655.28    -20568.11   715.7   0.0        20505.0  1158.0
C46       c     -8910.34    19879.41    534.9   7000.1     27336.1  1434.0
C47       c     37062.76    2535.69     181.7   5834.4     26001.4  1390.0
C48       c     -5067.32    -15145.53   151.1   6693.3     27641.3  1650.0
C49       c     43961.09    -763.65     563.5   3044.6     22290.6  332.0
C50       c     -46584.47   32645.40    491.6   546.0      20948.0  882.0
C51       c     29336.69    -20037.97   427.7   3968.2     23509.2  458.0
C52       c     24719.71    -11344.31   459.3   7272.2     26633.2  1108.0
C53       c     60000.00    -21758.15   268.6   9952.5     28370.5  384.0
C54       c     -27585.50   -10139.41   391.1   6649.2     26357.2  1114.0
C55       c     37663.99    7233.30     388.6   1294.2     21808.2  1598.0
C56       c     34278.60    -14783.17   697.4   3857.6     24352.6  756.0
C57       c     41172.71    5251.75     424.9   0.0        20514.0  1610.0
C58       c     10549.69    16549.00    653.1   0.0        19516.0  804.0
C59       c     -26878.58   12114.56    490.5   216.4      20142.4  916.0
C60       c     -31704.69   19601.28    562.5   2809.0     22285.0  858.0
C61       c     39252.37    -6152.85    591.0   9413.7     29484.7  1308.0
C62       c     40344.06    -28890.67   360.4   5140.9     25012.9  924.0
C63       c     49785.61    -13106.68   780.6   6300.3     26526.3  814.0
C64       c     -15900.47   -2671.00    720.9   8864.3     28572.3  1114.0
C65       c     56808.44    2269.17     252.9   1158.3     21235.3  406.0
C66       c     -27569.90   7221.29     591.3   8822.4     28893.4  1308.0
C67       c     60000.00    6955.27     477.6   3532.1     24088.1  792.0
C68       c     21280.71    -16947.24   817.8   2676.7     23171.7  756.0
C69       c     2245.52     -34242.75   571.6   3306.3     23823.3  1616.0
C70       c     -27462.31   14034.63    390.7   4495.3     23562.3  676.0
C71       c     55344.85    8134.57     155.9   921.8      20168.8  212.0
C72       c     -1203.56    -4229.92    375.7   1499.8     21891.8  854.0
C73       c     14547.42    11148.35    537.4   2642.8     22809.8  1390.0
C74       c     40107.28    2176.58     819.6   2370.4     22884.4  1610.0
C75       c     -45228.39   45000.00    202.1   0.0        19264.0  1028.0
C76       c     -801.54     5312.56     209.7   4417.7     25365.7  1650.0
C77       c     -24522.05   10949.71    514.7   0.0        20392.0  854.0
C78       c     -30230.00   2420.09     795.0   1673.0     21747.0  482.0
C79       c     60000.00    -19676.64   165.3   2322.4     23655.4  1632.0
C80       c     33422.95    1500.90     781.6   1537.0     21743.0  416.0
C81       c     -8331.86    -15300.72   810.4   2017.9     21130.9  762.0
C82       c     -7123.40    -13776.45   776.3   6437.1     27464.1  1254.0
C83       c     -46746.41   14338.24    395.5   393.1      19639.1  332.0
C84       c     34707.30    -10526.11   439.7   3554.4     23890.4  1434.0
C85       c     1809.35     -16075.29   748.0   2601.3     21714.3  762.0
C86       c     -19044.35   15991.24    785.9   6584.9     25535.9  346.0
C87       c     35718.80    -15293.31   377.9   5999.6     24413.6  318.0
F1        f     40492.37    -2832.93    0.0     0.0        86400.0  0.0
F2        f     38498.94    -7667.37    0.0     0.0        86400.0  0.0
F3        f     36435.68    -2592.32    0.0     0.0        86400.0  0.0

m numVeh /20/
m numPetrolVeh /10/
m numElectroVeh /10/

DistanceMatrix
0 43476 89844 86505 56073 48897 8571 17018 19737 82587 27559 15651 15791 7084 30924 25231 46954 25482 23198 35700 5744 11078 4241 44644 103729 22730 40150 9817 32010 14714 34477 13003 40169 8809 72384 18008 33495 94095 35100 85957 15697 12974 66109 38268 17121 17697 26589 55276 6961 48143 3241 94945 21046 18789 26471 69447 10777 13940 8104 36507 69974 76548 3986 26069 13202 57378 16162 69778 20956 24632 50248 70977 17688 42704 30350 5207 99031 43059 67426 71901 25027 9153 51343 49815 89882 10238 41816 63386 13715 985 5667 5048
43476 0 49884 47722 12630 31130 35511 48261 23895 41629 59020 44843 39546 50435 23901 19828 4076 51688 23033 25580 39637 46861 43977 2346 60751 48112 23676 52644 13230 48856 26231 41250 16539 52165 29349 51138 15257 52549 57410 42518 51610 34193 24543 17009 29469 26697 32002 19991 38897 16658 45814 54718 37694 29343 65934 28155 39935 39467 43175 19714 27344 35108 41715 51788 53541 14609 58629 26455 62079 29364 35666 28687 57576 5455 19150 41930 61679 4243 24719 28446 65238 35235 17735 15883 46819 38352 17642 22716 40990 42494 41272 38433
89844 49884 0 5032 40419 74290 83101 97686 71966 8756 108771 85181 89069 96126 73432 69265 48265 101553 66686 74041 84827 89373 91445 47863 22202 97951 70708 99608 58180 97947 58701 90439 64023 98600 24026 100494 56351 47160 88398 28667 100587 83063 25418 65232 78649 75285 81783 34657 83785 59044 91398 5125 87554 78844 114630 43656 82873 88777 86809 54234 24133 15279 89122 101663 101617 42546 102638 27802 104519 79243 78798 22270 99718 53775 59683 86771 14269 48370 26523 30954 113683 80749 57203 56700 17590 87026 64217 27254 90274 88928 89088 85098
86505 47722 5032 0 39210 73600 80011 94999 69069 9282 106256 81243 86457 92650 71517 66723 46471 99198 63308 72463 81372 85588 88274 45598 27179 95551 69387 96303 55148 95130 54684 87686 62534 95216 24119 97768 53043 50377 83846 31502 97723 80251 23740 63627 75954 72459 79724 31234 80303 58089 87940 9496 85211 76267 111636 44477 79190 86076 83159 50521 23532 14732 85956 99336 98515 41763 98915 27774 100623 77039 78177 21551 95821 51945 56210 83257 14236 45847 25657 31642 110624 77373 56487 55821 21274 84137 62875 25024 87556 85605 85998 81840
56073 12630 40419 39210 0 34637 48016 59923 36419 31747 70173 57111 51197 63050 33643 31892 9234 62533 35378 33725 52265 59379 56449 11882 48746 59113 30290 65149 25450 60761 35967 53161 23669 64730 17730 62837 26517 40756 68366 29892 63559 46356 15582 24991 41532 39063 42211 19372 51518 18941 58439 44888 48707 41155 77934 17434 52440 51310 55753 29268 16473 25149 54210 62559 65825 4244 71256 14397 74654 40118 39277 18204 70118 14351 30611 54555 53445 14213 13946 15828 77343 47864 17702 16771 34832 50554 23800 15383 52837 55089 53696 51026
48897 31130 74290 73600 34637 0 40909 42109 34220 65535 47921 59015 35452 55292 18527 28251 29784 39952 41813 13354 48634 57801 46606 33362 77690 37876 9992 54205 36893 44414 52541 38604 15408 55057 50392 44707 41130 54640 76968 55499 47023 35925 50191 16025 32245 33598 22910 50637 48682 15784 52119 78359 30263 30310 59844 34471 52347 36795 53562 47419 50207 59114 45243 39651 51854 31838 64641 46612 69783 24280 4668 52135 66539 25678 43260 50769 87808 35181 47957 44692 60160 45305 17116 17866 64830 39104 13806 49902 37915 48086 43817 44933
8571 35511 83101 80011 48016 40909 0 17148 11616 75556 28987 19606 11571 15619 22642 16731 38827 24535 17429 27592 8018 17099 8489 36845 96107 21053 31861 17136 24922 16125 30605 10274 31611 16794 64693 19306 27129 85590 39218 77840 18305 5555 58812 29716 8736 9191 19409 48852 8431 39572 11575 88164 15575 10599 31668 60974 12979 9904 12962 31199 62420 69358 6205 25002 18517 49119 24717 61942 29353 16894 42599 63529 25746 34377 24608 9942 92951 35482 59837 63822 30613 6447 42772 41247 82206 5793 33275 56251 10662 7623 5989 4026
17018 48261 97686 94999 59923 42109 17148 0 26165 89703 11886 32669 8732 19086 27887 28489 50799 8508 34188 30857 21782 27810 12780 50056 108668 6407 35855 14975 40168 2982 47719 7424 38901 16843 77446 2930 43131 93594 51975 88816 4988 14926 72652 37026 19047 22648 19972 64283 22857 46920 19244 102647 12279 18922 18483 69880 27384 8924 25120 47864 75591 83266 13913 9116 10603 60030 26846 74298 32516 20542 41913 76946 31184 45583 41163 22092 108393 49325 72963 75221 18386 22881 50155 49117 94750 11615 39985 70464 7460 17068 12588 18031
19737 23895 71966 69069 36419 34220 11616 26165 0 64247 37831 25209 18060 26790 16031 6339 27253 31707 9933 21268 16683 25197 20092 25247 84519 27953 24344 28749 14016 26079 23955 18754 22068 28318 53100 28829 17084 74562 42762 66271 28655 11252 47382 20343 7675 3583 17722 38157 16240 29494 22318 76993 18795 9005 42678 49862 18846 17312 21052 22392 50869 57968 17821 32006 29863 37641 35439 50328 39495 14108 36956 52018 35353 22986 15735 19041 82305 23973 48276 52237 41798 12465 32549 30864 70610 15070 23922 44925 18717 18752 17438 14697
82587 41629 8756 9282 31747 65535 75556 89703 64247 0 100634 78917 81037 89044 64966 61223 39798 93309 59574 65430 77748 82806 83972 39695 24001 89741 62023 92284 50676 90082 52769 82528 55392 91383 15331 92541 49211 41781 83700 22742 92763 75225 17088 56641 70712 67482 73380 28012 76748 50302 84303 13174 79321 70805 106916 35348 76153 80823 80021 47752 15391 6614 81650 93400 94043 33797 95923 19092 98110 70931 70045 13555 93321 45307 52758 79773 22665 40410 17816 22539 106041 73571 48448 47952 14027 79253 55544 19322 82332 81652 81528 77750
27559 59020 108771 106256 70173 47921 28987 11886 37831 100634 0 42863 19874 27392 36958 39536 61232 8078 46068 38761 32873 37469 23520 60944 118802 11098 43621 21984 51767 13127 59584 19236 47913 24268 87857 9790 54878 101524 61352 98315 11892 26674 83548 46157 30458 34270 28397 75795 34023 55567 29076 113675 21467 29995 13740 78621 38298 20525 35505 59722 86193 94127 25123 8299 16398 69865 32771 84565 38154 30071 46624 87642 38194 55852 53014 32766 119804 60433 83567 85055 15006 34494 58690 57912 104948 23500 48691 81517 19165 27844 24032 29506
15651 44843 85181 81243 57111 59015 19606 32669 25209 78917 42863 0 30369 16447 40499 31535 48831 41128 21811 45733 11806 5888 19891 45236 101670 38293 49338 22079 31681 30302 26583 28049 47208 19920 71237 33542 31039 97364 19757 86407 30985 25156 63763 45527 27297 25417 38828 50907 11187 54313 13789 90293 35023 29408 39201 72798 6765 28518 7560 31178 68384 73522 19090 41711 27203 59452 18582 69297 19401 35973 61274 68975 14609 45978 27006 10719 92513 42962 66050 72480 37379 13894 57213 55417 88262 24300 49087 60630 28687 15670 20691 16209
15791 39546 89069 86457 51197 35452 11571 8732 18060 81037 19874 30369 0 20792 19663 19816 42068 13765 26905 23227 18589 26680 12246 41365 99942 10048 28168 18829 31915 9843 40871 3208 30543 19904 68715 11640 35144 85416 50126 80177 12682 7308 63973 28638 10586 14479 12573 55921 19362 38646 18871 94011 5501 10232 26962 61471 24093 1869 23053 40272 66868 74582 11818 14124 16583 51354 29887 65568 35353 12282 35984 68233 32894 36862 33557 19799 99949 40699 64240 66533 26635 18008 41904 40769 86021 6090 31748 61828 2481 15333 10128 14209
7084 50435 96126 92650 63050 55292 15619 19086 26790 89044 27392 16447 20792 0 37638 32311 53963 27405 29475 42252 11303 10615 8724 51539 110479 25423 46833 5684 38678 16215 39511 17650 47147 3473 79192 18979 39839 101178 33978 92942 15930 19576 72734 45236 24001 24775 32616 61481 12348 55158 4742 101242 26283 25542 22791 76531 14297 19089 10372 42289 76720 83099 10126 28038 11108 64422 9357 76654 14604 31036 56358 77669 12278 49769 36453 9423 104901 49870 74192 78877 21019 15513 58370 56860 96668 16194 48764 69936 18403 8063 11477 12094
30924 23901 73432 71517 33643 18527 22642 27887 16031 64966 36958 40499 19663 37638 0 10733 25172 29098 24724 5266 30193 39341 29161 26143 81968 25867 9229 37386 22758 29466 37305 22439 11048 37881 51367 30788 27119 65769 58719 61365 32289 18063 48017 9225 13908 15085 8617 43212 30194 19035 34089 78135 15774 12135 46369 42015 33821 20487 35094 33542 49999 58362 27513 29072 36084 32986 46971 47932 51878 7388 20953 51601 48386 19662 27982 32376 85544 26572 47405 48138 46194 26782 22278 21237 68179 21746 12108 46496 21879 30055 26254 26660
25231 19828 69265 66723 31892 28251 16731 28489 6339 61223 39536 31535 19816 32311 10733 0 22663 32584 13997 15736 22775 31470 24888 21571 80502 28889 18287 33623 13460 29028 26837 21422 15734 33478 49143 31345 17534 68868 48767 61474 31786 14464 44164 14004 9660 7541 15063 36566 22426 23268 28036 74199 18718 9584 46126 44243 25182 19649 27291 23722 47171 54778 22753 32767 33951 32617 41232 46132 45508 11567 31267 48486 41479 17839 17671 25121 80336 20902 44547 47559 45476 18682 26375 24745 66565 18665 17583 42018 21170 24257 22034 20298
46954 4076 48265 46471 9234 29784 38827 50799 27253 39798 61232 48831 42068 53963 25172 22663 0 53704 27022 26043 43311 50724 47242 4853 57898 50216 23404 55952 17279 51576 30101 43970 16309 55570 26661 53705 19300 48536 61473 39019 54366 37125 22859 17219 32309 29839 33594 20862 42612 14460 49388 52964 39785 31974 68735 24089 43813 42132 46977 23504 24983 33200 45012 53761 56591 10659 62306 23514 65872 31267 34419 26502 61409 5511 23219 45624 60595 7578 22363 24997 68126 38912 14897 13196 43968 41322 17002 21534 43660 45969 44477 41906
25482 51688 101553 99198 62533 39952 24535 8508 31707 93309 8078 41128 13765 27405 29098 32584 53704 0 40665 30711 30032 36318 21242 53691 111047 3756 35554 22845 45351 11210 54587 14262 39979 24897 80251 8602 48761 93446 60482 90395 11861 21040 76228 38254 24082 28128 20493 69113 31056 47554 27752 106405 13999 23260 20452 70593 35671 14947 33571 54013 78686 86763 22204 642 17753 62072 34601 76900 40240 22439 38837 80185 39308 48269 47302 30496 112899 53359 76067 77236 21211 30674 50659 49915 97229 18748 40702 74322 13916 25482 20757 26062
23198 23033 66686 63308 35378 41813 17429 34188 9933 59574 46068 21811 26905 29475 24724 13997 27022 40665 0 29707 18175 24120 25210 23497 81314 36952 31832 33003 9934 33481 14129 26861 27754 31920 50280 36568 10364 75558 36146 64927 35731 19632 43413 26415 17245 13115 27599 32083 17178 33811 24737 71795 28459 18835 48883 51028 17189 25793 20771 13770 47630 53679 22928 41028 35547 37642 36640 48047 39524 23967 45098 48451 34887 24418 7232 20216 75899 21345 45171 50913 47688 14069 36435 34549 67621 22581 29685 40529 27011 22304 23241 18623
35700 25580 74041 72463 33725 13354 27592 30857 21268 65430 38761 45733 23227 42252 5266 15736 26043 30711 29707 0 35281 44448 33644 27913 81166 27863 4999 41592 26771 32774 41823 26230 10062 42258 51244 33670 31165 62934 63982 59971 35535 22738 48758 8836 18902 20332 10885 45442 35329 16922 38902 78592 18584 16998 49223 39895 39038 24325 40208 37624 50197 58818 32144 30578 39809 32413 51608 47660 56640 11281 15693 51916 53283 20673 32442 37424 86619 28817 47664 47264 49238 31973 19966 19335 67554 26148 10271 47576 25598 34864 30789 31618
5744 39637 84827 81372 52265 48634 8018 21782 16683 77748 32873 11806 18589 11303 30193 22775 43311 30032 18175 35281 0 9174 9373 40597 99301 26946 39334 15295 27504 19814 28801 16409 38342 13918 68084 23162 28539 91167 31554 82134 21130 13546 61492 36513 16403 15592 27427 50187 1217 46039 6572 89941 23230 18409 32198 66452 5650 16749 4965 31109 65553 71825 7869 30581 18946 53893 18997 65636 22817 24843 50493 66462 18705 39458 25164 2359 93715 38805 63045 68059 30723 4402 49148 47500 85526 12506 40112 58664 17010 5162 9278 4403
11078 46861 89373 85588 59379 57801 17099 27810 25197 82806 37469 5888 26680 10615 39341 31470 50724 36318 24120 44448 9174 0 15215 47526 105146 33731 48451 16281 34019 25258 31220 24030 47171 14085 74321 28396 34080 99056 24167 89037 25663 22533 67182 45381 25577 24568 36466 54844 9173 54692 8574 94497 31729 27579 33326 74363 6942 24812 4250 35144 71593 77198 14925 36922 21532 61382 13412 72156 15438 33983 59658 72317 10766 47338 30224 7178 97216 45453 69178 75006 31495 12810 57733 56024 91565 20807 48981 64155 24725 11381 16610 13196
4241 43977 91445 88274 56449 46606 8489 12780 20092 83972 23520 19891 12246 8724 29161 24888 47242 21242 25210 33644 9373 15215 0 45331 104595 18525 38303 8737 33302 10541 37403 9227 39042 8776 73181 13866 35264 93550 39310 86234 11760 11173 67272 37113 15879 17440 23892 57064 10546 47141 6829 96521 17686 17196 23706 69033 14794 10473 12339 38847 70908 77805 2323 21829 10339 57450 18043 70419 23321 22388 47634 72009 20656 42679 32442 9350 101064 43966 68325 72238 22477 11707 50386 48963 90693 7507 40579 64681 9970 4345 2939 6681
44644 2346 47863 45598 11882 33362 36845 50056 25247 39695 60944 45236 41365 51539 26143 21571 4853 53691 23497 27913 40597 47526 45331 0 59274 50089 26016 53948 13568 50559 25369 42966 18874 53386 27854 52916 14926 52381 57086 41576 53290 35805 22615 19355 31154 28201 34159 17647 39805 18640 46876 52737 39692 31138 67572 28275 40585 41215 43948 18728 25686 33218 43048 53806 55037 14477 59553 25136 62838 31442 37919 26938 58276 7731 18961 42858 59503 2756 23076 27511 66826 36204 19471 17678 45363 39930 19948 20636 42733 43666 42679 39618
103729 60751 22202 27179 48746 77690 96107 108668 84519 24001 118802 101670 99942 110479 81968 80502 57898 111047 81314 81166 99301 105146 104595 59274 0 107713 76930 113175 71807 109473 76053 101866 71303 112521 31422 111582 71099 34495 107537 22423 112259 94929 37965 72913 90161 87438 90584 51104 98391 64495 105758 19388 97353 89872 126620 43353 98329 100031 102056 70581 33760 28311 102304 111036 114286 48983 117951 34385 120568 88733 81682 32863 115823 63091 74924 101453 30209 60682 36304 33906 125972 94984 61824 62027 13937 99099 70895 41042 101559 102763 101954 98747
22730 48112 97951 95551 59113 37876 21053 6407 27953 89741 11098 38293 10048 25423 25867 28889 50216 3756 36952 27863 26946 33731 18525 50089 107713 0 32789 21373 41602 9383 50909 10811 36845 23249 76813 7757 45005 90768 57829 87231 10879 17346 72655 35076 20326 24374 17333 65394 27919 44567 25232 102820 10434 19522 21982 67634 32595 11316 30740 50268 75194 83209 19226 4077 16782 58769 33244 73498 38913 18996 37147 76669 37572 44810 43559 27590 109221 49705 72570 73958 22417 27298 47717 46890 93866 15262 37666 70707 10391 22628 17689 22841
40150 23676 70708 69387 30290 9992 31861 35855 24344 62023 43621 49338 28168 46833 9229 18287 23404 35554 31832 4999 39334 48451 38303 26016 76930 32789 0 46391 27362 37759 42893 31134 7157 46981 47503 38668 31688 57982 67042 55486 40526 27260 45650 6882 23126 23987 15884 43660 39284 12444 43317 75137 23581 21361 54217 35167 42738 29214 44201 38081 46680 55434 36708 35397 44744 28545 56176 43843 61105 16077 13483 48469 57607 18384 33546 41545 83602 27351 44207 43088 54237 35786 15313 14908 63442 30840 6512 44746 30517 39283 35415 35874
9817 52644 99608 96303 65149 54205 17136 14975 28749 92284 21984 22079 18829 5684 37386 33623 55952 22845 33003 41592 15295 16281 8737 53948 113175 21373 46391 0 41633 11993 44068 15635 47566 2302 81778 14250 43273 102216 39533 94955 11025 19690 75706 45631 24504 26174 31296 65070 16475 55696 9139 104704 24245 25671 17331 77735 19306 17410 15593 46308 79451 86192 10940 23486 5587 66185 11871 79064 17541 30325 54811 80510 16517 51415 40165 13934 108848 52502 76882 80949 15667 18970 58952 57569 99290 15687 49047 73041 16348 10699 11608 14534
32010 13230 58180 55148 25450 36893 24922 40168 14016 50676 51767 31681 31915 38678 22758 13460 17279 45351 9934 26771 27504 34019 33302 13568 71807 41602 27362 41633 0 40078 15682 32766 21669 40819 40590 42845 4394 65773 44578 55018 42619 25267 34099 20868 21340 17522 28486 24144 26622 26092 33953 63242 31816 22112 56491 41366 27079 31285 30547 10853 38053 44559 30979 45599 43438 27818 46307 38229 49387 25024 40810 38993 44782 15445 6714 29688 68299 11437 35541 40990 55510 23177 28291 26350 58022 29034 23491 31408 32712 31058 30909 27105
14714 48856 97947 95130 60761 44414 16125 2982 26079 90082 13127 30302 9843 16215 29466 29028 51576 11210 33481 32774 19814 25258 10541 50559 109473 9383 37759 11993 40078 0 46687 7610 40382 13881 78156 3351 42801 95234 49415 89927 2841 14886 73083 38479 19405 22674 21922 64220 20943 48475 16688 102944 14255 19605 17198 71313 25322 9456 22797 47237 76197 83701 12010 11839 7756 61067 23865 75089 29535 22078 44409 77495 28247 46474 40585 19884 108377 49672 73574 76216 16796 21387 51729 50609 95540 11071 41566 70789 7931 14885 10913 16381
34477 26231 58701 54684 35967 52541 30605 47719 23955 52769 59584 26583 40871 39511 37305 26837 30101 54587 14129 41823 28801 31220 37403 25369 76053 50909 42893 44068 15682 46687 0 40555 37351 42530 46820 49906 11678 76503 32752 62903 48691 33565 38672 36523 31373 27237 41370 24949 27605 41352 35052 63800 42588 32929 60926 53257 25333 39649 29361 6711 43707 47744 35287 54976 47573 39406 44632 45556 45982 37732 56373 43961 41187 30077 9388 30205 66009 22618 41645 49640 59504 25696 43238 41298 63073 36143 39167 35355 40778 33747 35966 30753
13003 41250 90439 87686 53161 38604 10274 7424 18754 82528 19236 28049 3208 17650 22439 21422 43970 14262 26861 26230 16409 24030 9227 42966 101866 10811 31134 15635 32766 7610 40555 0 33166 16697 70546 10090 35707 88082 47770 82394 10398 7506 65512 31244 11820 15260 15701 56896 17301 41306 15974 95421 8696 12008 24777 63988 22025 1958 20598 40487 68593 76130 9107 14729 13648 53517 26697 67482 32181 15117 39186 69899 29810 38889 33777 17359 101025 42121 65968 68647 24270 16488 44572 43371 87932 4488 34453 63251 753 12650 7431 12155
40169 16539 64023 62534 23669 15408 31611 38901 22068 55392 47913 47208 30543 47147 11048 15734 16309 39979 27754 10062 38342 47171 39042 18874 71303 36845 7157 47566 21669 40382 37351 33166 0 47816 41191 41810 25818 54917 63757 50416 43217 27892 38802 1936 23190 22777 19516 36512 38072 8155 43172 68547 26821 21894 57377 30980 40913 31209 42969 32045 40140 48783 37158 39915 46740 22415 56327 37623 60878 18360 19649 41867 57009 11226 28200 40664 76722 20296 37612 37403 57155 34364 11423 10228 57617 31900 1932 37756 32656 39232 36103 35464
8809 52165 98600 95216 64730 55057 16794 16843 28318 91383 24268 19920 19904 3473 37881 33478 55570 24897 31920 42258 13918 14085 8776 53386 112521 23249 46981 2302 40819 13881 42530 16697 47816 0 81161 16333 42252 102259 37232 94589 13153 19946 74917 45887 24643 25960 32190 64000 15053 55911 7478 103706 25386 25967 19338 77698 17507 18359 13678 45026 78770 85354 10745 25537 7877 65908 10159 78521 15792 30977 55840 79781 14411 51171 39015 12325 107627 51843 76217 80552 17593 17853 59153 57717 98664 16143 49354 72192 17435 9764 11714 13777
72384 29349 24026 24119 17730 50392 64693 77446 53100 15331 87857 71237 68715 79192 51367 49143 26661 80251 50280 51244 68084 74321 73181 27854 31422 76813 47503 81778 40590 78156 46820 70546 41191 81161 0 80347 40275 33571 79383 16525 80926 63541 8691 42613 58799 56021 59940 22861 67212 35450 74488 27968 66394 58580 95268 20603 67429 68733 71049 40716 3319 9462 70894 80283 82869 18971 86878 3785 89757 57825 54855 4303 85066 32006 44247 70277 37969 29328 5205 7953 94587 63734 33384 33041 17513 67701 41121 12048 70260 71413 70533 67384
18008 51138 100494 97768 62837 44707 19306 2930 28829 92541 9790 33542 11640 18979 30788 31345 53705 8602 36568 33670 23162 28396 13866 52916 111582 7757 38668 14250 42845 3351 49906 10090 41810 16333 80347 0 45709 96465 52517 91745 3270 17578 75501 39940 21846 25349 22793 66981 24294 49816 19850 105465 15122 21795 15594 72791 28656 11720 26067 50297 78475 86117 15361 9244 9206 62958 26003 77208 31648 23455 44351 79820 30739 48501 43618 23195 111114 52148 75847 78148 15580 24706 53046 52022 97661 14019 42879 73286 10220 18210 14243 19717
33495 15257 56351 53043 26517 41130 27129 43131 17084 49211 54878 31039 35144 39839 27119 17534 19300 48761 10364 31165 28539 34080 35264 14926 71099 45005 31688 43273 4394 42801 11678 35707 25818 42252 40275 45709 0 67232 42190 55390 45230 28216 33149 25116 24680 20666 32597 21812 27537 29694 35100 61455 35489 25677 58792 43197 27232 34354 30971 6459 37515 43343 32952 49044 45552 29397 46884 38259 49518 29077 45110 38248 44806 18546 4104 30568 65829 12345 35114 41526 57691 24403 31661 29717 57485 31734 27597 30208 35724 32583 33086 28797
94095 52549 47160 50377 40756 54640 85590 93594 74562 41781 101524 97364 85416 101178 65769 68868 48536 93446 75558 62934 91167 99056 93550 52381 34495 90768 57982 102216 65773 95234 76503 88082 54917 102259 33571 96465 67232 0 109083 19059 98058 82551 41927 56843 77712 76408 73722 55235 90596 46780 96840 47804 81347 76647 112058 24717 92198 86125 95170 69859 36762 39923 91514 93250 101647 37959 109998 32822 113955 73156 57457 37815 109631 51748 71309 93520 60233 54889 37592 27679 111949 86826 43516 44736 29649 86662 53669 45036 87566 93120 90632 89131
35100 57410 88398 83846 68366 76968 39218 51975 42762 83700 61352 19757 50126 33978 58719 48767 61473 60482 36146 63982 31554 24167 39310 57086 107537 57829 67042 39533 44578 49415 32752 47770 63757 37232 79383 52517 42190 109083 0 95602 49689 44728 71029 62296 46349 43834 58112 56908 30874 69940 32740 93310 54732 48484 55237 85355 26239 48274 27180 39279 76203 79379 38739 61084 45070 71512 31262 78271 28223 55039 79672 76296 25243 59994 38264 30411 92885 54435 74249 82391 53219 33144 72491 70583 95096 44055 65688 67654 48419 35247 40373 35954
85957 42518 28667 31502 29892 55499 77840 88816 66271 22742 98315 86407 80177 92942 61365 61474 39019 90395 64927 59971 82134 89037 86234 41576 22423 87231 55486 94955 55018 89927 62903 82394 50416 94589 16525 91745 55390 19059 95602 0 92757 75889 25208 52158 71013 68803 69921 39371 81367 43077 88330 30097 77052 70425 107118 21040 82097 80490 85517 56591 19837 21133 84017 90328 95397 28895 101113 17351 104393 68446 59387 20337 99800 43644 59464 84412 42375 43585 21458 14076 106664 77735 40196 40642 11955 80100 49765 28573 82007 84972 83441 80909
15697 51610 100587 97723 63559 47023 18305 4988 28655 92763 11892 30985 12682 15930 32289 31786 54366 11861 35731 35535 21130 25663 11760 53290 112259 10879 40526 11025 42619 2841 48691 10398 43217 13153 80926 3270 45230 98058 49689 92757 0 17538 75785 41316 22143 25303 24665 66748 22305 51305 17205 105596 16976 22406 14380 74153 26464 12273 23613 49501 78945 86400 13568 12503 5947 63892 22739 77876 28381 24903 46890 80228 27536 49284 42888 20901 110907 52360 76323 79035 13955 23151 54558 53445 98324 13588 44393 73459 10752 16032 12729 18078
12974 34193 83063 80251 46356 35925 5555 14926 11252 75225 26674 25156 7308 19576 18063 14464 37125 21040 19632 22738 13546 22533 11173 35805 94929 17346 27260 19690 25267 14886 33565 7506 27892 19946 63541 17578 28216 82551 44728 75889 17538 0 58255 25960 4893 7791 13935 49404 13987 36012 16194 88064 10267 6023 31767 58138 18498 6188 18457 33116 61485 68869 9451 21417 19508 47003 28915 60575 33902 11680 37371 62736 30625 32248 26397 15355 93544 34825 58869 62007 31046 11702 39265 37880 80993 4211 29411 55922 7510 12164 8239 9338
66109 24543 25418 23740 15582 50191 58812 72652 47382 17088 83548 63763 63973 72734 48017 44164 22859 76228 43413 48758 61492 67182 67272 22615 37965 72655 45650 75706 34099 73083 38672 65512 38802 74917 8691 75501 33149 41927 71029 25208 75785 58255 0 39927 53691 50546 56369 14252 60549 34523 67998 30188 62237 53742 89994 25517 60371 63788 64119 32826 5373 10618 64957 76323 77237 18591 80027 9278 82604 53867 54819 5290 77861 28365 36959 63604 37953 23438 4489 14747 89168 57222 33162 32331 24521 62319 39137 3398 65301 65156 64755 61192
38268 17009 65232 63627 24991 16025 29716 37026 20343 56641 46157 45527 28638 45236 9225 14004 17219 38254 26415 8836 36513 45381 37113 19355 72913 35076 6882 45631 20868 38479 36523 31244 1936 45887 42613 39940 25116 56843 62296 52158 41316 25960 39927 0 21268 20932 17767 36989 36264 10090 41283 69809 24987 19960 55496 32857 39181 29287 41169 31440 41458 50027 35236 38206 44810 23960 54428 39087 59004 16485 20036 43148 55162 11907 27273 38828 77784 20544 38906 39033 55258 32572 13357 12134 59185 29964 3600 38747 30737 37334 34174 33584
17121 29469 78649 75954 41532 32245 8736 19047 7675 70712 30458 27297 10586 24001 13908 9660 32309 24082 17245 18902 16403 25577 15879 31154 90161 20326 23126 24504 21340 19405 31373 11820 23190 24643 58799 21846 24680 77712 46349 71013 22143 4893 53691 21268 0 4161 11836 45339 16522 31269 20238 83620 11216 2134 36469 53266 20532 10129 21351 30067 56801 64309 13968 24365 24388 42123 33260 55790 38037 8703 34123 58091 34482 27379 23400 18524 89390 30308 54179 57149 35819 13403 34510 33085 76224 9097 24773 51443 11626 16221 12945 12752
17697 26697 75285 72459 39063 33598 9191 22648 3583 67482 34270 25417 14479 24775 15085 7541 29839 28128 13115 20332 15592 24568 17440 28201 87438 24374 23987 26174 17522 22674 27237 15260 22777 25960 56021 25349 20666 76408 43834 68803 25303 7791 50546 20932 4161 0 15124 41638 15403 30587 20544 80293 15367 5763 39448 51783 18763 13765 20328 25936 53884 61152 15261 28431 26848 40011 33744 53147 38135 11643 35947 55091 34232 25243 19255 17897 85766 27108 51276 54825 38644 11814 33749 32174 73510 11774 24528 48169 15191 16727 14641 12800
26589 32002 81783 79724 42211 22910 19409 19972 17722 73380 28397 38828 12573 32616 8617 15063 33594 20493 27599 10885 27427 36466 23892 34159 90584 17333 15884 31296 28486 21922 41370 15701 19516 32190 59940 22793 32597 73722 58112 69921 24665 13935 56369 17767 11836 15124 0 50698 27770 27267 29829 86535 7700 9720 38363 50333 32081 13886 32367 38743 58512 66790 22748 20458 29103 41602 41920 56528 47200 3640 23743 60082 44259 28097 32503 29288 93662 34265 55908 56750 38355 25010 30446 29569 76794 16468 20348 54709 15020 25872 21216 23272
55276 19991 34657 31234 19372 50637 48852 64283 38157 28012 75795 50907 55921 61481 43212 36566 20862 69113 32083 45442 50187 54844 57064 17647 51104 65394 43660 65070 24144 64220 24949 56896 36512 64000 22861 66981 21812 55235 56908 39371 66748 49404 14252 36989 45339 41638 50698 0 49136 35235 56758 39778 55283 45890 80513 35354 48261 55379 52175 19743 19574 22796 54748 69315 67330 23609 68037 22548 70112 47620 55260 19451 65320 25311 25030 52116 44159 16672 17985 27556 79456 46151 35185 33703 38240 53169 37519 10854 56823 54374 54831 50609
6961 38897 83785 80303 51518 48682 8431 22857 16240 76748 34023 11187 19362 12348 30194 22426 42612 31056 17178 35329 1217 9173 10546 39805 98391 27919 39284 16475 26622 20943 27605 17301 38072 15053 67212 24294 27537 90596 30874 81367 22305 13987 60549 36264 16522 15403 27770 49136 0 45690 7647 88901 23859 18574 33411 65879 4736 17541 4926 29989 64655 70853 8960 31597 20163 53219 19747 64802 23359 25073 50645 65542 19120 38860 24106 3066 92602 37966 62157 67293 31930 3784 48773 47101 84636 13272 39864 57698 17880 6371 10304 5166
48143 16658 59044 58089 18941 15784 39572 46920 29494 50302 55567 54313 38646 55158 19035 23268 14460 47554 33811 16922 46039 54692 47141 18640 64495 44567 12444 55696 26092 48475 41352 41306 8155 55911 35450 49816 29694 46780 69940 43077 51305 36012 34523 10090 31269 30587 27267 35235 45690 0 51094 63306 34750 30029 65402 23068 48237 39348 50539 35333 34912 43782 45223 47446 54891 16522 64280 31728 68718 26410 20449 36783 64743 11579 32804 48382 72321 20898 32549 30687 65225 41936 3268 2470 51053 40042 6939 34130 40786 47194 44203 43360
3241 45814 91398 87940 58439 52119 11575 19244 22318 84303 29076 13789 18871 4742 34089 28036 49388 27752 24737 38902 6572 8574 6829 46876 105758 25232 43317 9139 33953 16688 35052 15974 43172 7478 74488 19850 35100 96840 32740 88330 17205 16194 67998 41283 20238 20544 29829 56758 7647 51094 0 96512 24194 21959 26420 72158 10179 17038 6630 37630 72001 78358 7157 28359 13648 59892 13200 71975 17800 27862 53489 72940 14449 45297 31734 4847 100245 45173 69478 74259 24798 10779 54276 52716 91956 13451 44847 65195 16705 4039 8803 7744
94945 54718 5125 9496 44888 78359 88164 102647 76993 13174 113675 90293 94011 101242 78135 74199 52964 106405 71795 78592 89941 94497 96521 52737 19388 102820 75137 104704 63242 102944 63800 95421 68547 103706 27968 105465 61455 47804 93310 30097 105596 88064 30188 69809 83620 80293 86535 39778 88901 63306 96512 0 92410 83782 119666 46813 87998 93746 91933 59358 28458 19788 94198 106505 106679 46784 107763 31748 109637 84054 82815 26684 104835 58474 64801 91890 12429 53321 30943 34366 118734 85855 61336 60928 18308 92044 68671 32184 95247 94027 94150 90189
21046 37694 87554 85211 48707 30263 15575 12279 18795 79321 21467 35023 5501 26283 15774 18718 39785 13999 28459 18584 23230 31729 17686 39692 97353 10434 23581 24245 31816 14255 42588 8696 26821 25386 66394 15122 35489 81347 54732 77052 16976 10267 62237 24987 11216 15367 7700 55283 23859 34750 24194 92410 0 9844 30712 57776 28514 7214 27922 41129 64761 72783 17062 14126 21592 48456 35388 63099 40852 8629 30589 66235 38342 34389 34515 24688 98944 39382 62137 63660 30665 21923 37965 36994 83489 10923 27811 60323 7953 20505 15394 18835
18789 29343 78844 76267 41155 30310 10599 18922 9005 70805 29995 29408 10232 25542 12135 9584 31974 23260 18835 16998 18409 27579 17196 31138 89872 19522 21361 25671 22112 19605 32929 12008 21894 25967 58580 21795 25677 76647 48484 70425 22406 6023 53742 19960 2134 5763 9720 45890 18574 30029 21959 83782 9844 0 36785 52319 22642 10159 23369 31286 56681 64353 15432 23495 25128 41536 34857 55488 39744 6574 32085 58026 36295 26882 24686 20484 89819 30476 54053 56647 36251 15516 33288 31936 75941 10021 23394 51600 11687 17923 14261 14624
26471 65934 114630 111636 77934 59844 31668 18483 42678 106916 13740 39201 26962 22791 46369 46126 68735 20452 48883 49223 32198 33326 23706 67572 126620 21982 54217 17331 56491 17198 60926 24777 57377 19338 95268 15594 58792 112058 55237 107118 14380 31767 89994 55496 36469 39448 38363 80513 33411 65402 26420 119666 30712 36785 0 88353 36598 26650 32924 62552 93248 100600 25961 20910 13386 78264 24238 92240 28713 39017 59088 94503 30253 63664 56114 31122 124618 66556 90630 93413 2082 35317 68636 67596 112684 27675 58467 87596 25127 27179 25707 30374
69447 28155 43656 44477 17434 34471 60974 69880 49862 35348 78621 72798 61471 76531 42015 44243 24089 70593 51028 39895 66452 74363 69033 28275 43353 67634 35167 77735 41366 71313 53257 63988 30980 77698 20603 72791 43197 24717 85355 21040 74153 58138 25517 32857 53266 51783 50333 35354 65879 23068 72158 46813 57776 52319 88353 0 67523 62038 70460 46546 22265 30025 66957 70470 77428 13868 85301 17361 89238 49338 38352 24174 84920 27036 47205 68804 57893 30922 21310 12835 88103 62109 19933 20783 31085 62294 29988 27491 63514 68469 66131 64464
10777 39935 82873 79190 52440 52347 12979 27384 18846 76153 38298 6765 24093 14297 33821 25182 43813 35671 17189 39038 5650 6942 14794 40585 98329 32595 42738 19306 27079 25322 25333 22025 40913 17507 67429 28656 27232 92198 26239 82097 26464 18498 60371 39181 20532 18763 32081 48261 4736 48237 10179 87998 28514 22642 36598 67523 0 22275 4030 28670 64727 70463 13480 36223 23678 54472 19778 65234 22338 29208 54541 65480 17704 40523 23446 5616 91090 38513 62297 68064 34972 7131 51219 49470 84709 18004 42765 57381 22610 10456 14924 9902
13940 39467 88777 86076 51310 36795 9904 8924 17312 80823 20525 28518 1869 19089 20487 19649 42132 14947 25793 24325 16749 24812 10473 41215 100031 11316 29214 17410 31285 9456 39649 1958 31209 18359 68733 11720 34354 86125 48274 80490 12273 6188 63788 29287 10129 13765 13886 55379 17541 39348 17038 93746 7214 10159 26650 62038 22275 0 21188 39304 66811 74405 9961 15356 15597 51620 28256 65646 33677 13177 37481 68135 31129 37018 32585 17933 99476 40428 64185 66763 26183 16307 42614 41414 86099 4279 32495 61566 1528 13469 8273 12380
8104 43175 86809 83159 55753 53562 12962 25120 21052 80021 35505 7560 23053 10372 35094 27291 46977 33571 20771 40208 4965 4250 12339 43948 102056 30740 44201 15593 30547 22797 29361 20598 42969 13678 71049 26067 30971 95170 27180 85517 23613 18457 64119 41169 21351 20328 32367 52175 4926 50539 6630 91933 27922 23369 32924 70460 4030 21188 0 32640 68396 74277 11565 34152 20278 57620 15918 68771 18904 29807 55454 69195 14462 43424 27270 3255 95106 41974 65941 71459 31239 8610 53601 51909 88387 17051 44770 61167 21257 8113 13193 9163
36507 19714 54234 50521 29268 47419 31199 47864 22392 47752 59722 31178 40272 42289 33542 23722 23504 54013 13770 37624 31109 35144 38847 18728 70581 50268 38081 46308 10853 47237 6711 40487 32045 45026 40716 50297 6459 69859 39279 56591 49501 33116 32826 31440 30067 25936 38743 19743 29989 35333 37630 59358 41129 31286 62552 46546 28670 39304 32640 0 37690 42364 36595 54337 49182 32696 48413 39244 50372 35173 51466 38095 45579 23873 6719 32867 62615 15972 35516 43158 61300 27379 37026 35099 57339 36286 33775 29599 40588 35668 36981 32194
69974 27344 24133 23532 16473 50207 62420 75591 50869 15391 86193 68384 66868 76720 49999 47171 24983 78686 47630 50197 65553 71593 70908 25686 33760 75194 46680 79451 38053 76197 43707 68593 40140 78770 3319 78475 37515 36762 76203 19837 78945 61485 5373 41458 56801 53884 58512 19574 64655 34912 72001 28458 64761 56681 93248 22265 64727 66811 68396 37690 0 8907 68608 78742 80706 18416 84264 4942 87032 56249 54747 2007 82320 30436 41437 67719 37659 26950 2629 10257 92513 61228 33100 32567 19992 65616 40220 8741 68335 69009 68305 65000
76548 35108 15279 14732 25149 59114 69358 83266 57968 6614 94127 73522 74582 83099 58362 54778 33200 86763 53679 58818 71825 77198 77805 33218 28311 83209 55434 86192 44559 83701 47744 76130 48783 85354 9462 86117 43343 39923 79379 21133 86400 68869 10618 50027 64309 61152 66790 22796 70853 43782 78358 19788 72783 64353 100600 30025 70463 74405 74277 42364 8907 0 75486 86848 87809 27310 90194 13052 92573 64368 63654 6999 87802 38707 47018 73896 28775 34047 11245 17244 99762 67596 42005 41453 15936 72926 48949 13165 75918 75602 75314 71664
3986 41715 89122 85956 54210 45243 6205 13913 17821 81650 25123 19090 11818 10126 27513 22753 45012 22204 22928 32144 7869 14925 2323 43048 102304 19226 36708 10940 30979 12010 35287 9107 37158 10745 70894 15361 32952 91514 38739 84017 13568 9451 64957 35236 13968 15261 22748 54748 8960 45223 7157 94198 17062 15432 25961 66957 13480 9961 11565 36595 68608 75486 0 22764 12622 55263 19472 68148 24542 20964 46460 69702 21520 40502 30161 8373 98760 41663 66028 70009 24766 9621 48456 46998 88406 6307 38735 62361 9800 3544 1692 4540
26069 51788 101663 99336 62559 39651 25002 9116 32006 93400 8299 41711 14124 28038 29072 32767 53761 642 41028 30578 30581 36922 21829 53806 111036 4077 35397 23486 45599 11839 54976 14729 39915 25537 80283 9244 49044 93250 61084 90328 12503 21417 76323 38206 24365 28431 20458 69315 31597 47446 28359 106505 14126 23495 20910 70470 36223 15356 34152 54337 78742 86848 22764 0 18392 62056 35242 76918 40881 22496 38473 80251 39949 48315 47630 31068 113060 53505 76124 77208 21708 31170 50537 49816 97229 19210 40610 74440 14363 26058 21303 26587
13202 53541 101617 98515 65825 51854 18517 10603 29863 94043 16398 27203 16583 11108 36084 33951 56591 17753 35547 39809 18946 21532 10339 55037 114286 16782 44744 5587 43438 7756 47573 13648 46740 7877 82869 9206 45552 101647 45070 95397 5947 19508 77237 44810 24388 26848 29103 67330 20163 54891 13648 106679 21592 25128 13386 77428 23678 15597 20278 49182 80706 87809 12622 18392 0 66510 16904 79982 22513 28762 52027 81877 21957 51756 42779 18090 111373 53836 78105 81508 12145 21934 58159 56913 100358 15298 48068 74728 14236 13853 12529 16993
57378 14609 42546 41763 4244 31838 49119 60030 37641 33797 69865 59452 51354 64422 32986 32617 10659 62072 37642 32413 53893 61382 57450 14477 48983 58769 28545 66185 27818 61067 39406 53517 22415 65908 18971 62958 29397 37959 71512 28895 63892 47003 18591 23960 42123 40011 41602 23609 53219 16522 59892 46784 48456 41536 78264 13868 54472 51620 57620 32696 18416 27310 55263 62056 66510 0 72877 15298 76508 39828 36415 20316 72060 14779 33437 56217 55970 17080 16120 15207 77782 49500 14724 14155 35225 51214 22211 18925 53140 56393 54628 52336
16162 58629 102638 98915 71256 64641 24717 26846 35439 95923 32771 18582 29887 9357 46971 41232 62306 34601 36640 51608 18997 13412 18043 59553 117951 33244 56176 11871 46307 23865 44632 26697 56327 10159 86878 26003 46884 109998 31262 101113 22739 28915 80027 54428 33260 33744 41920 68037 19747 64280 13200 107763 35388 34857 24238 85301 19778 28256 15918 48413 84264 90194 19472 35242 16904 72877 0 84524 5670 40392 65652 85088 6045 58375 43184 16701 110623 57690 81792 87039 22177 23398 67468 65915 104256 25538 57978 77084 27445 17095 20832 20945
69778 26455 27802 27774 14397 46612 61942 74298 50328 19092 84565 69297 65568 76654 47932 46132 23514 76900 48047 47660 65636 72156 70419 25136 34385 73498 43843 79064 38229 75089 45556 67482 37623 78521 3785 77208 38259 32822 78271 17351 77876 60575 9278 39087 55790 53147 56528 22548 64802 31728 71975 31748 63099 55488 92240 17361 65234 65646 68771 39244 4942 13052 68148 76918 79982 15298 84524 0 87570 54502 51071 6814 82920 28746 42300 67865 41702 26836 4816 5489 91608 61261 29620 29308 20455 64757 37495 12231 67174 68801 67726 64754
20956 62079 104519 100623 74654 69783 29353 32516 39495 98110 38154 19401 35353 14604 51878 45508 65872 40240 39524 56640 22817 15438 23321 62838 120568 38913 61105 17541 49387 29535 45982 32181 60878 15792 89757 31648 49518 113955 28223 104393 28381 33902 82604 59004 38037 38135 47200 70112 23359 68718 17800 109637 40852 39744 28713 89238 22338 33677 18904 50372 87032 92573 24542 40881 22513 76508 5670 87570 0 45503 70943 87748 4802 62217 45646 20459 111895 60824 84616 90344 26632 27131 71865 70252 107001 30746 62582 79559 32933 21826 26002 25425
24632 29364 79243 77039 40118 24280 16894 20542 14108 70931 30071 35973 12282 31036 7388 11567 31267 22439 23967 11281 24843 33983 22388 31442 88733 18996 16077 30325 25024 22078 37732 15117 18360 30977 57825 23455 29077 73156 55039 68446 24903 11680 53867 16485 8703 11643 3640 47620 25073 26410 27862 84054 8629 6574 39017 49338 29208 13177 29807 35173 56249 64368 20964 22496 28762 39828 40392 54502 45503 0 25719 57756 42302 25832 28891 26836 90890 31355 53630 55031 38815 22085 29658 28581 74876 14883 19491 52068 14533 23839 19560 20874
50248 35666 78798 78177 39277 4668 42599 41913 36956 70045 46624 61274 35984 56358 20953 31267 34419 38837 45098 15693 50493 59658 47634 37919 81682 37147 13483 54811 40810 44409 56373 39186 19649 55840 54855 44351 45110 57457 79672 59387 46890 37371 54819 20036 34123 35947 23743 55260 50645 20449 53489 82815 30589 32085 59088 38352 54541 37481 55454 51466 54747 63654 46460 38473 52027 36415 65652 51071 70943 25719 0 56686 67937 30210 47029 52535 92375 39672 52525 48978 59563 47430 21695 22509 68995 40203 18173 54559 38465 49491 44951 46591
70977 28687 22270 21551 18204 52135 63529 76946 52018 13555 87642 68975 68233 77669 51601 48486 26502 80185 48451 51916 66462 72317 72009 26938 32863 76669 48469 80510 38993 77495 43961 69899 41867 79781 4303 79820 38248 37815 76296 20337 80228 62736 5290 43148 58091 55091 60082 19451 65542 36783 72940 26684 66235 58026 94503 24174 65480 68135 69195 38095 2007 6999 69702 80251 81877 20316 85088 6814 87748 57756 56686 0 83017 31986 42109 68602 35700 28051 4262 11940 93734 62162 35022 34455 19286 66845 41993 8642 69656 70017 69440 66026
17688 57576 99718 95821 70118 66539 25746 31184 35353 93321 38194 14609 32894 12278 48386 41479 61409 39308 34887 53283 18705 10766 20656 58276 115823 37572 57607 16517 44782 28247 41187 29810 57009 14411 85066 30739 44806 109631 25243 99800 27536 30625 77861 55162 34482 34232 44259 65320 19120 64743 14449 104835 38342 36295 30253 84920 17704 31129 14462 45579 82320 87802 21520 39949 21957 72060 6045 82920 4802 42302 67937 83017 0 57884 40909 16361 107117 56217 79917 85765 28198 22904 67852 66200 102280 27823 58755 74803 30562 18463 23097 21740
42704 5455 53775 51945 14351 25678 34377 45583 22986 45307 55852 45978 36862 49769 19662 17839 5511 48269 24418 20673 39458 47338 42679 7731 63091 44810 18384 51415 15445 46474 30077 38889 11226 51171 32006 48501 18546 51748 59994 43644 49284 32248 28365 11907 27379 25243 28097 25311 38860 11579 45297 58474 34389 26882 63664 27036 40523 37018 43424 23873 30436 38707 40502 48315 51756 14779 58375 28746 62217 25832 30210 31986 57884 0 22013 41805 66044 9551 27824 29778 63123 35098 13167 11233 49183 36459 12223 26966 38544 41719 39851 37675
30350 19150 59683 56210 30611 43260 24608 41163 15735 52758 53014 27006 33557 36453 27982 17671 23219 47302 7232 32442 25164 30224 32442 18961 74924 43559 33546 40165 6714 40585 9388 33777 28200 39015 44247 43618 4104 71309 38264 59464 42888 26397 36959 27273 23400 19255 32503 25030 24106 32804 31734 64801 34515 24686 56114 47205 23446 32585 27270 6719 41437 47018 30161 47630 42779 33437 43184 42300 45646 28891 47029 42109 40909 22013 0 27089 68696 16421 39070 45620 54919 21198 34972 33028 61377 29601 30056 33939 33873 29472 30458 25844
5207 41930 86771 83257 54555 50769 9942 22092 19041 79773 32766 10719 19799 9423 32376 25121 45624 30496 20216 37424 2359 7178 9350 42858 101453 27590 41545 13934 29688 19884 30205 17359 40664 12325 70277 23195 30568 93520 30411 84412 20901 15355 63604 38828 18524 17897 29288 52116 3066 48382 4847 91890 24688 20484 31122 68804 5616 17933 3255 32867 67719 73896 8373 31068 18090 56217 16701 67865 20459 26836 52535 68602 16361 41805 27089 0 95478 41029 65222 70338 29551 6718 51496 49852 87701 13803 42425 60743 18013 5024 9974 6019
99031 61679 14269 14236 53445 87808 92951 108393 82305 22665 119804 92513 99949 104901 85544 80336 60595 112899 75899 86619 93715 97216 101064 59503 30209 109221 83602 108848 68299 108377 66009 101025 76722 107627 37969 111114 65829 60233 92885 42375 110907 93544 37953 77784 89390 85766 93662 44159 92602 72321 100245 12429 98944 89819 124618 57893 91090 99476 95106 62615 37659 28775 98760 113060 111373 55970 110623 41702 111895 90890 92375 35700 107117 66044 68696 95478 0 59572 39852 45144 123516 89879 70693 70048 30699 97329 77089 39078 100934 98163 98915 94520
43059 4243 48370 45847 14213 35181 35482 49325 23973 40410 60433 42962 40699 49870 26572 20902 7578 53359 21345 28817 38805 45453 43966 2756 60682 49705 27351 52502 11437 49672 22618 42121 20296 51843 29328 52148 12345 54889 54435 43585 52360 34825 23438 20544 30308 27108 34265 16672 37966 20898 45173 53321 39382 30476 66556 30922 38513 40428 41974 15972 26950 34047 41663 53505 53836 17080 57690 26836 60824 31355 39672 28051 56217 9551 16421 41029 59572 0 24381 29570 65736 34436 21946 20109 46823 38881 21547 21138 41933 42090 41388 38067
67426 24719 26523 25657 13946 47957 59837 72963 48276 17816 83567 66050 64240 74192 47405 44547 22363 76067 45171 47664 63045 69178 68325 23076 36304 72570 44207 76882 35541 73574 41645 65968 37612 76217 5205 75847 35114 37592 74249 21458 76323 58869 4489 38906 54179 51276 55908 17985 62157 32549 69478 30943 62137 54053 90630 21310 62297 64185 65941 35516 2629 11245 66028 76124 78105 16120 81792 4816 84616 53630 52525 4262 79917 27824 39070 65222 39852 24381 0 10263 89900 58710 30842 30234 22481 63003 37732 7445 65709 66459 65713 62444
71901 28446 30954 31642 15828 44692 63822 75221 52237 22539 85055 72480 66533 78877 48138 47559 24997 77236 50913 47264 68059 75006 72238 27511 33906 73958 43088 80949 40990 76216 49640 68647 37403 80552 7953 78148 41526 27679 82391 14076 79035 62007 14747 39033 57149 54825 56750 27556 67293 30687 74259 34366 63660 56647 93413 12835 68064 66763 71459 43158 10257 17244 70009 77208 81508 15207 87039 5489 90344 55031 48978 11940 85765 29778 45620 70338 45144 29570 10263 0 92896 63660 28170 28218 20367 66215 36995 17587 68286 70917 69465 66854
25027 65238 113683 110624 77343 60160 30613 18386 41798 106041 15006 37379 26635 21019 46194 45476 68126 21211 47688 49238 30723 31495 22477 66826 125972 22417 54237 15667 55510 16796 59504 24270 57155 17593 94587 15580 57691 111949 53219 106664 13955 31046 89168 55258 35819 38644 38355 79456 31930 65225 24798 118734 30665 36251 2082 88103 34972 26183 31239 61300 92513 99762 24766 21708 12145 77782 22177 91608 26632 38815 59563 93734 28198 63123 54919 29551 123516 65736 89900 92896 0 33983 68472 67382 112035 26897 58302 86719 24674 25773 24628 29106
9153 35235 80749 77373 47864 45305 6447 22881 12465 73571 34494 13894 18008 15513 26782 18682 38912 30674 14069 31973 4402 12810 11707 36204 94984 27298 35786 18970 23177 21387 25696 16488 34364 17853 63734 24706 24403 86826 33144 77735 23151 11702 57222 32572 13403 11814 25010 46151 3784 41936 10779 85855 21923 15516 35317 62109 7131 16307 8610 27379 61228 67596 9621 31170 21934 49500 23398 61261 27131 22085 47430 62162 22904 35098 21198 6718 89879 34436 58710 63660 33983 0 45008 43329 81191 12095 36171 54431 16950 8292 10480 5082
51343 17735 57203 56487 17702 17116 42772 50155 32549 48448 58690 57213 41904 58370 22278 26375 14897 50659 36435 19966 49148 57733 50386 19471 61824 47717 15313 58952 28291 51729 43238 44572 11423 59153 33384 53046 31661 43516 72491 40196 54558 39265 33162 13357 34510 33749 30446 35185 48773 3268 54276 61336 37965 33288 68636 19933 51219 42614 53601 37026 33100 42005 48456 50537 58159 14724 67468 29620 71865 29658 21695 35022 67852 13167 34972 51496 70693 21946 30842 28170 68472 45008 0 1945 48520 43303 10171 33075 44051 50391 47449 46536
49815 15883 56700 55821 16771 17866 41247 49117 30864 47952 57912 55417 40769 56860 21237 24745 13196 49915 34549 19335 47500 56024 48963 17678 62027 46890 14908 57569 26350 50609 41298 43371 10228 57717 33041 52022 29717 44736 70583 40642 53445 37880 32331 12134 33085 32174 29569 33703 47101 2470 52716 60928 36994 31936 67596 20783 49470 41414 51909 35099 32567 41453 46998 49816 56913 14155 65915 29308 70252 28581 22509 34455 66200 11233 33028 49852 70048 20109 30234 28218 67382 43329 1945 0 48584 41957 9224 32066 42869 48857 46030 44972
89882 46819 17590 21274 34832 64830 82206 94750 70610 14027 104948 88262 86021 96668 68179 66565 43968 97229 67621 67554 85526 91565 90693 45363 13937 93866 63442 99290 58022 95540 63073 87932 57617 98664 17513 97661 57485 29649 95096 11955 98324 80993 24521 59185 76224 73510 76794 38240 84636 51053 91956 18308 83489 75941 112684 31085 84709 86099 88387 57339 19992 15936 88406 97229 100358 35225 104256 20455 107001 74876 68995 19286 102280 49183 61377 87701 30699 46823 22481 20367 112035 81191 48520 48584 0 85164 57294 27751 87627 88913 88040 84888
10238 38352 87026 84137 50554 39104 5793 11615 15070 79253 23500 24300 6090 16194 21746 18665 41322 18748 22581 26148 12506 20807 7507 39930 99099 15262 30840 15687 29034 11071 36143 4488 31900 16143 67701 14019 31734 86662 44055 80100 13588 4211 62319 29964 9097 11774 16468 53169 13272 40042 13451 92044 10923 10021 27675 62294 18004 4279 17051 36286 65616 72926 6307 19210 15298 51214 25538 64757 30746 14883 40203 66845 27823 36459 29601 13803 97329 38881 63003 66215 26897 12095 43303 41957 85164 0 33363 59937 4873 9626 4749 8120
41816 17642 64217 62875 23800 13806 33275 39985 23922 55544 48691 49087 31748 48764 12108 17583 17002 40702 29685 10271 40112 48981 40579 19948 70895 37666 6512 49047 23491 41566 39167 34453 1932 49354 41121 42879 27597 53669 65688 49765 44393 29411 39137 3600 24773 24528 20348 37519 39864 6939 44847 68671 27811 23394 58467 29988 42765 32495 44770 33775 40220 48949 38735 40610 48068 22211 57978 37495 62582 19491 18173 41993 58755 12223 30056 42425 77089 21547 37732 36995 58302 36171 10171 9224 57294 33363 0 38251 33918 40887 37641 37159
63386 22716 27254 25024 15383 49902 56251 70464 44925 19322 81517 60630 61828 69936 46496 42018 21534 74322 40529 47576 58664 64155 64681 20636 41042 70707 44746 73041 31408 70789 35355 63251 37756 72192 12048 73286 30208 45036 67654 28573 73459 55922 3398 38747 51443 48169 54709 10854 57698 34130 65195 32184 60323 51600 87596 27491 57381 61566 61167 29599 8741 13165 62361 74440 74728 18925 77084 12231 79559 52068 54559 8642 74803 26966 33939 60743 39078 21138 7445 17587 86719 54431 33075 32066 27751 59937 38251 0 63069 62442 62217 58510
13715 40990 90274 87556 52837 37915 10662 7460 18717 82332 19165 28687 2481 18403 21879 21170 43660 13916 27011 25598 17010 24725 9970 42733 101559 10391 30517 16348 32712 7931 40778 753 32656 17435 70260 10220 35724 87566 48419 82007 10752 7510 65301 30737 11626 15191 15020 56823 17880 40786 16705 95247 7953 11687 25127 63514 22610 1528 21257 40588 68335 75918 9800 14363 14236 53140 27445 67174 32933 14533 38465 69656 30562 38544 33873 18013 100934 41933 65709 68286 24674 16950 44051 42869 87627 4873 33918 63069 0 13343 8117 12721
985 42494 88928 85605 55089 48086 7623 17068 18752 81652 27844 15670 15333 8063 30055 24257 45969 25482 22304 34864 5162 11381 4345 43666 102763 22628 39283 10699 31058 14885 33747 12650 39232 9764 71413 18210 32583 93120 35247 84972 16032 12164 65156 37334 16221 16727 25872 54374 6371 47194 4039 94027 20505 17923 27179 68469 10456 13469 8113 35668 69009 75602 3544 26058 13853 56393 17095 68801 21826 23839 49491 70017 18463 41719 29472 5024 98163 42090 66459 70917 25773 8292 50391 48857 88913 9626 40887 62442 13343 0 5229 4064
5667 41272 89088 85998 53696 43817 5989 12588 17438 81528 24032 20691 10128 11477 26254 22034 44477 20757 23241 30789 9278 16610 2939 42679 101954 17689 35415 11608 30909 10913 35966 7431 36103 11714 70533 14243 33086 90632 40373 83441 12729 8239 64755 34174 12945 14641 21216 54831 10304 44203 8803 94150 15394 14261 25707 66131 14924 8273 13193 36981 68305 75314 1692 21303 12529 54628 20832 67726 26002 19560 44951 69440 23097 39851 30458 9974 98915 41388 65713 69465 24628 10480 47449 46030 88040 4749 37641 62217 8117 5229 0 5478
5048 38433 85098 81840 51026 44933 4026 18031 14697 77750 29506 16209 14209 12094 26660 20298 41906 26062 18623 31618 4403 13196 6681 39618 98747 22841 35874 14534 27105 16381 30753 12155 35464 13777 67384 19717 28797 89131 35954 80909 18078 9338 61192 33584 12752 12800 23272 50609 5166 43360 7744 90189 18835 14624 30374 64464 9902 12380 9163 32194 65000 71664 4540 26587 16993 52336 20945 64754 25425 20874 46591 66026 21740 37675 25844 6019 94520 38067 62444 66854 29106 5082 46536 44972 84888 8120 37159 58510 12721 4064 5478 0
