StringID  Type  x          y          demand  ReadyTime  DueDate  ServiceTime
D0        d     -16891.65   -10651.04   0.0     0.0        86400.0  0.0
D1        d     34575.71    -11964.97   0.0     0.0        86400.0  0.0
C001      c     -43908.05   -23709.71   773.0   5045.0     26427.0  1546.0
C002      c     -55684.93   -29523.69   159.0   898.0      19260.0  318.0
C003      c     -40265.20   -21650.48   295.0   3458.0     23728.0  590.0
C004      c     24898.84    3552.22     387.0   2587.0     21558.0  774.0
C005      c     77398.97    -11650.69   192.0   5307.0     24216.0  384.0
C006      c     -25047.73   -3525.20    738.0   4851.0     24970.0  1476.0
C007      c     53460.74    10718.45    734.0   848.0      20892.0  1468.0
C008      c     45122.09    -14875.51   804.0   3065.0     24601.0  1608.0
C009      c     25785.72    54624.38    733.0   4519.0     25756.0  1466.0
C010      c     -31269.99   -16626.61   187.0   2524.0     21916.0  374.0
C011      c     30678.80    19465.67    752.0   978.0      22345.0  1504.0
C012      c     -26539.87   16353.47    481.0   1217.0     20692.0  962.0
C013      c     67350.06    -17280.21   325.0   2102.0     21323.0  650.0
C014      c     -57524.13   -22552.32   337.0   2741.0     21925.0  674.0
C015      c     34311.55    66054.07    404.0   4115.0     24541.0  808.0
C016      c     60471.71    22174.71    691.0   2066.0     23269.0  1382.0
C017      c     -55905.60   -27061.19   214.0   1670.0     21367.0  428.0
C018      c     -17002.83   -15246.42   411.0   2325.0     22033.0  822.0
C019      c     46200.83    -14648.03   649.0   1990.0     21293.0  1298.0
C020      c     -79169.28   2621.74     812.0   800.0      22306.0  1624.0
C021      c     77133.01    -33067.64   770.0   1922.0     22922.0  1540.0
C022      c     10410.42    84746.77    795.0   4433.0     25652.0  1590.0
C023      c     -19511.32   18039.50    718.0   2940.0     22659.0  1436.0
C024      c     66153.99    -36004.51   142.0   3127.0     22987.0  284.0
C025      c     -39873.25   2972.71     372.0   2263.0     22498.0  744.0
C026      c     41975.37    -11394.34   270.0   1525.0     21022.0  540.0
C027      c     -90497.96   1034.68     464.0   3381.0     22689.0  928.0
C028      c     -29714.29   13434.67    475.0   4214.0     23621.0  950.0
C029      c     -70106.71   -5090.17    122.0   3776.0     23067.0  244.0
C030      c     -42879.18   -12155.94   509.0   3508.0     23373.0  1018.0
C031      c     59753.52    -20409.59   491.0   1811.0     22115.0  982.0
C032      c     68487.23    -11673.33   433.0   3128.0     22301.0  866.0
C033      c     -61591.50   -26441.52   755.0   33702.0    55078.0  1510.0
C034      c     -30059.49   -44096.76   687.0   35775.0    55612.0  1374.0
C035      c     13069.01    6082.58     546.0   34648.0    55020.0  1092.0
C036      c     -38421.06   12158.54    185.0   37509.0    56079.0  370.0
C037      c     6694.21     -25217.59   510.0   37667.0    58404.0  1020.0
C038      c     31034.67    -27985.36   161.0   33601.0    53530.0  322.0
C039      c     12635.93    9762.92     664.0   37559.0    57063.0  1328.0
C040      c     -67915.18   20667.81    480.0   36302.0    57217.0  960.0
C041      c     -41105.43   -2897.30    414.0   36420.0    55758.0  828.0
C042      c     63534.85    16367.04    379.0   34476.0    53854.0  758.0
C043      c     -45233.31   33073.60    334.0   37003.0    56546.0  668.0
C044      c     24096.88    -29950.40   700.0   35833.0    55283.0  1400.0
C045      c     3186.16     -50112.81   285.0   36629.0    56897.0  570.0
C046      c     -50929.97   37857.78    605.0   35517.0    56486.0  1210.0
C047      c     19163.79    -47679.03   477.0   37717.0    57097.0  954.0
C048      c     11517.24    -41625.49   536.0   34898.0    54150.0  1072.0
C049      c     -3046.51    23835.94    713.0   33705.0    54670.0  1426.0
C050      c     -39798.59   -55256.31   100.0   35605.0    55446.0  200.0
C051      c     29269.12    -3898.40    107.0   34610.0    54637.0  214.0
C052      c     -26940.15   27432.79    737.0   33301.0    54065.0  1474.0
C053      c     49714.58    40724.26    380.0   35185.0    55590.0  760.0
C054      c     -20607.41   -40165.43   135.0   34087.0    53235.0  270.0
C055      c     50099.01    -57798.04   407.0   35004.0    53926.0  814.0
C056      c     -36872.30   28380.08    567.0   35249.0    55008.0  1134.0
C057      c     72678.53    -45293.64   276.0   34798.0    54692.0  552.0
C058      c     18359.87    -70877.06   474.0   34464.0    55404.0  948.0
C059      c     64398.53    49061.96    406.0   36538.0    55647.0  812.0
C060      c     -26710.10   32015.66    256.0   33140.0    53307.0  512.0
C061      c     27901.06    8393.86     609.0   35297.0    56132.0  1218.0
C062      c     -24795.74   35497.67    353.0   35916.0    54940.0  706.0
C063      c     -32124.88   -18241.38   355.0   34308.0    54274.0  710.0
C064      c     66350.22    -22171.21   540.0   35975.0    56998.0  1080.0
C065      c     59302.22    -1739.41    151.0   34092.0    53942.0  302.0
C066      c     79441.17    -1261.46    156.0   66175.0    86264.0  312.0
C067      c     -8072.15    27394.94    284.0   66067.0    85053.0  568.0
C068      c     65844.16    -5736.55    349.0   65529.0    85444.0  698.0
C069      c     -50202.00   19124.58    633.0   66089.0    85810.0  1266.0
C070      c     60256.11    9781.59     342.0   67036.0    86378.0  684.0
C071      c     68471.79    -27655.13   355.0   65922.0    85605.0  710.0
C072      c     17415.49    -22183.61   338.0   65971.0    84978.0  676.0
C073      c     39520.69    -48521.99   458.0   65521.0    85119.0  916.0
C074      c     57863.89    -876.30     423.0   66334.0    86174.0  846.0
C075      c     -87304.80   -72304.91   247.0   65651.0    84666.0  494.0
F1        f     -16891.65   -10651.04   0.0     0.0        86400.0  0.0
F2        f     -30316.48   -14776.43   0.0     0.0        86400.0  0.0
F3        f     67546.60    20020.82    0.0     0.0        86400.0  0.0
F4        f     -88074.65   -45.60      0.0     0.0        86400.0  0.0
F5        f     -19531.71   -17229.63   0.0     0.0        86400.0  0.0
F6        f     67350.06    -17280.21   0.0     0.0        86400.0  0.0
F7        f     -104060.66  -2002.60    0.0     0.0        86400.0  0.0
F8        f     17989.73    -348.16     0.0     0.0        86400.0  0.0

m numVeh /11/
m numPetrolVeh /6/
m numElectroVeh /5/

DistanceMatrix
0 51484 30007 43140 25832 44138 94296 10830 73526 62157 77989 15571 56302 28676 84502 42340 92225 84039 42325 4597 63219 63676 96660 99228 28810 86830 26716 58872 74528 27286 53505 26031 77264 85385 47407 35945 34317 31365 27721 50965 35897 59869 25425 84843 52107 45305 44276 59260 51682 42030 37162 50143 46652 39387 84118 29747 81918 43848 96036 69784 100865 43782 48673 46821 17020 84035 76713 96789 39055 82882 44678 79808 87041 36194 67945 75392 93591 0 14044 89836 71969 7089 84502 87597 36371
51484 0 79358 91953 75465 18287 42824 60218 29516 10941 67167 66011 31671 67358 33203 92706 78019 42850 91732 51683 11931 114676 47502 99685 61852 39687 75933 7422 125747 69126 104908 77455 26556 33913 97251 72181 28076 76880 30871 16407 30878 107561 76222 40513 91640 20815 49402 98962 38898 37569 51934 86056 9656 73051 54821 61971 48391 82052 50622 61103 67924 75434 21425 76011 66995 33373 26757 46125 58035 31883 90299 33651 37351 19972 36890 25793 135999 51484 64953 45937 123228 54363 33203 138994 20250
30007 79358 0 13134 4185 74011 121905 27625 103276 89467 104850 14488 86182 43666 111444 13665 119062 114020 12457 28205 90563 44008 121402 121298 48355 110747 26986 86762 52753 39764 32141 11599 103714 113038 17893 24646 64296 36286 50625 75065 65709 50455 21000 114674 56799 68291 53991 61967 67473 58249 62692 31813 75812 53884 113653 28526 99997 52563 118568 78116 130484 58319 78659 62216 12990 110269 105523 125375 62417 111214 43294 109416 112449 61343 87040 104302 65152 30007 16265 119727 50107 25223 111444 63949 66160
43140 91953 13134 0 17313 87108 134279 40182 116328 101866 117125 27612 99291 54352 123643 7210 131280 127142 2472 41233 102966 39810 132865 132009 59756 122011 36139 99329 46322 50199 28372 21578 115798 125449 6662 29479 77427 45116 62528 86733 78811 51660 30357 127747 63464 79783 62368 67549 77019 68283 74954 30241 88735 63799 126664 36656 109497 60883 129329 84810 143512 68019 91784 71986 26122 122256 118296 138050 74207 123835 48956 122422 124171 73468 97083 117107 53198 43140 29343 132818 43796 38186 123643 55656 79241
25832 75465 4185 17313 0 69868 118088 23666 99158 85656 100899 10303 81997 40406 107704 17282 115125 109857 16550 24128 86749 45855 117952 117849 44789 107383 24626 82878 55118 36637 34129 9848 100026 109209 21858 24657 60114 33859 47095 71581 61525 50551 18772 110543 54949 64895 51943 60456 64879 55502 58773 33609 71765 50860 109485 27004 97326 50145 115392 76552 126312 55352 74494 59205 8825 106617 101539 121430 58667 107296 41968 105321 108903 57683 84189 100304 69127 25832 12093 115585 52464 21200 107704 66753 62028
44138 18287 74011 87108 69868 0 54657 50446 29447 27360 51080 59684 16931 53008 47287 86458 63207 40153 86409 45925 28018 104072 63792 82477 46713 57155 64775 22694 115424 55500 95398 69574 42297 46171 91543 72738 12097 63902 34046 32129 13746 94379 66319 40706 76092 33512 57891 83228 51551 47118 34531 87431 8638 57075 44694 63103 66324 66574 68329 74716 60261 58938 5697 59077 61046 48784 34808 54754 40689 41986 76698 35902 53596 26802 54088 33261 135440 44138 58178 45717 113031 49051 47287 129079 7934
94296 42824 121905 134279 118088 54657 0 102768 32763 32438 84002 108783 56134 107645 11518 135363 88851 37824 134192 94470 31342 157217 21419 117388 101356 26825 118180 35425 168375 110011 147652 120279 19700 8912 139775 112250 66729 118242 71995 49158 68211 148865 118827 31260 130533 56356 83588 137548 68479 72380 87925 125047 48750 111419 59242 102070 53618 121080 33972 83626 62089 112896 53403 112547 109722 15256 20633 10588 93967 12980 131260 27445 18326 60901 52861 22309 175517 94296 107761 33169 165880 97091 11518 181716 60475
10830 60218 27625 40182 23666 50446 102768 0 79790 71082 77236 14504 60283 19935 93416 37640 91459 89298 38809 14216 72112 54470 106366 95127 22264 96812 16187 67483 65609 17590 45086 19810 86466 93889 43135 40880 39309 20611 38446 61184 39958 49223 16070 90789 41796 55799 54475 48810 62484 52807 35110 53793 54318 31016 86876 36908 92696 34026 106278 80128 103760 35580 54274 39024 16329 93281 84369 104513 35274 90919 33849 86335 96582 46382 78701 82954 92772 10830 12424 95541 63123 14773 93416 79028 43155
73526 29516 103276 116328 99158 29447 32763 79790 0 26918 51900 89034 24403 80199 31254 115865 58555 13431 115708 75095 26385 132877 49775 85636 73338 48416 93655 24918 144284 83219 124575 99018 31758 26966 120904 99902 40657 91893 58979 44732 40836 121783 95541 11550 101194 50162 78918 107861 67724 67076 58010 114236 28265 82120 30239 89862 68599 92043 59217 88825 39873 82951 25665 82086 90352 35325 13759 28609 63753 20594 104003 6860 41205 48804 60858 12403 163425 73526 87571 16880 141944 78160 31254 158034 37157
62157 10941 89467 101866 85656 27360 32438 71082 26918 0 72140 76412 37255 78171 22358 102933 81648 40104 101760 62126 1102 125517 36819 105496 72532 29812 86849 4693 136550 80012 115644 88043 15643 23584 107339 80661 38297 87808 39795 19244 40773 118494 87056 36265 102290 25871 54775 109576 41832 42952 61796 94033 19282 83564 55789 70427 43210 92705 41044 62068 66780 85783 28949 86174 77320 22447 19330 36921 67944 22648 101206 28931 26618 28654 34110 18930 144343 62157 75439 41480 134020 64697 22358 149737 30777
77989 67167 104850 117125 100899 51080 84002 77236 51900 72140 0 91280 35498 64828 83053 113564 14259 47498 115525 81932 72218 117132 101619 33819 58226 99213 83540 67975 128038 69115 112965 95784 82364 78859 119191 113422 50180 76980 82093 82776 46749 99664 88222 53746 74217 84592 107148 78527 102517 97302 42181 127965 58626 59325 27673 105534 115021 67932 110375 125721 39011 57157 46279 54077 93076 86851 65576 77473 43449 72444 83871 56560 92693 77263 104057 64104 170002 77989 89241 54234 126305 84951 83053 141657 55523
15571 66011 14488 27612 10303 59684 108783 14504 89034 76412 91280 0 71696 33318 98622 26915 105532 99610 26754 14334 77496 51622 109643 109608 36606 99332 21404 73432 61805 30102 40514 12440 91102 99880 31870 27497 49816 29660 38924 63332 51226 52285 16889 100382 51624 56947 48047 57923 59227 49555 49333 39560 61863 44272 99235 25841 91192 45354 107829 73527 116049 48856 64244 52525 1827 97778 91788 111772 49760 97723 40455 95260 100350 49002 77644 90515 78993 15571 2081 105393 59175 11754 98622 74245 51880
56302 31671 86182 99291 81997 16931 56134 60283 24403 37255 35498 71696 0 57303 51914 97700 46730 29916 98293 58979 37479 111132 70127 68355 50210 65844 72454 32863 122570 60693 103734 80067 49350 48981 103060 87917 22118 69485 50713 47452 20486 98601 75187 33002 77122 49852 74813 83656 68125 64026 34007 102715 23407 58167 28536 78652 79667 68137 77186 91179 44866 58745 11415 57745 73254 54828 35622 52985 39554 43264 80882 31122 60404 43710 68560 33953 149472 56302 69950 36872 120346 62190 51914 136439 23529
28676 67358 43666 54352 40406 53008 107645 19935 80199 78171 64828 33318 57303 0 99732 49736 78569 87206 52414 33008 79072 54391 114850 77737 7228 106459 18890 73921 65767 4312 48558 32860 93798 99074 55318 60553 40919 12600 53223 72669 39726 41600 24140 90075 25080 68616 72811 32516 78670 69353 24656 72827 59370 11087 80054 56829 106639 15856 116810 98108 96642 15663 55020 19223 35043 100562 87728 107435 21517 94988 23824 87044 104709 58457 92590 86144 107483 28676 31358 94158 63682 34307 99732 79664 47559
84502 33203 111444 123643 107704 47287 11518 93416 31254 22358 83053 98622 51914 99732 0 124985 89645 40050 123643 84377 21312 147865 18573 116840 93768 18762 109119 26048 158907 101808 137996 110348 8216 5721 129267 101033 59095 109791 61173 37860 61033 140487 109405 33863 123331 45071 72076 130500 56974 60910 81524 113679 40364 104355 60626 90886 44037 113786 28516 72613 66408 106195 47068 106190 99480 4992 17501 20070 87661 11641 123060 27976 10435 50175 41839 18949 164152 84502 97699 37302 156377 86882 0 172090 52184
42340 92706 13665 7210 17282 86458 135363 37640 115865 102933 113564 26915 97700 49736 124985 0 127612 126188 4791 41175 104026 33200 135067 126997 55612 124408 31034 100123 40542 45480 21523 17960 117297 126480 5628 34907 76180 39620 64274 88725 77244 44452 25610 127161 56968 81956 66673 60769 80699 71627 71552 37199 88775 58599 124515 40903 113248 54960 132174 89965 141399 62667 90858 66640 25762 123875 118666 138610 70287 124509 42315 122138 126099 74941 100460 117406 57985 42340 28297 132118 37946 38363 124985 50872 78711
92225 78019 119062 131280 115125 63207 88851 91459 58555 81648 14259 105532 46730 78569 89645 127612 0 51086 129652 96140 81573 130006 107976 30343 72127 106911 97379 77827 140730 82874 126351 109887 90129 84909 133240 127581 63623 90525 95358 94097 60320 111849 102186 57644 86111 96546 120264 89784 114737 110066 56374 142157 70134 72411 29645 119577 124854 80539 117772 137857 34554 69873 58015 66538 107329 93863 72253 81044 57366 78410 96669 61965 99741 89841 114694 70953 184211 92225 103491 56777 139095 99173 89645 154203 68379
84039 42850 114020 127142 109857 40153 37824 89298 13431 40104 47498 99610 29916 87206 40050 126188 51086 0 126364 86039 39491 141003 57700 80134 80090 58456 102166 38327 152443 90609 133395 108904 42590 34784 131389 112195 50060 99399 71680 58160 49420 128396 104626 6566 106265 63562 92234 112500 81153 80418 63540 126687 40662 87570 21443 102275 80643 97542 68564 102137 27172 87735 35366 86302 101033 44734 23943 30151 68742 28424 110716 12395 50468 61818 73736 23198 175398 84039 98020 7395 150199 89181 40050 166299 48083
42325 91732 12457 2472 16550 86409 134192 38809 115708 101760 115525 26754 98293 52414 123643 4791 129652 126364 0 40657 102858 37713 133174 129996 57954 122387 34045 99127 44565 48228 26161 19795 115850 125341 5720 30955 76525 42941 62627 86945 77807 49217 28336 127091 61074 80055 63429 65109 77849 68978 73380 32472 88268 61714 125501 37652 110371 58617 129870 86228 142365 65897 90998 69867 25364 122354 117958 137784 72481 123603 46537 121864 124379 73483 97810 116744 55072 42325 28385 132126 42008 37679 123643 54285 78575
4597 51683 28205 41233 24128 45925 94470 14216 75095 62126 81932 14334 58979 33008 84377 41175 96140 86039 40657 0 63206 64683 95808 103683 33380 85709 29240 59104 75277 31372 54066 26060 76930 85565 45973 31667 36868 34782 25709 49698 38780 62305 27082 86520 55962 43651 40290 63017 48579 38849 41500 46048 47643 43821 87086 25178 79456 47938 94581 65919 103739 48249 50747 51339 15416 83640 77491 97453 43567 83391 47787 81212 86371 35110 65591 76233 90543 4597 13322 91610 72679 3214 84377 88059 38032
63219 11931 90563 102966 86749 28018 31342 72112 26385 1102 72218 77496 37479 79072 21312 104026 81573 39491 102858 63206 0 126554 36001 105642 73393 29227 87859 5333 137595 80943 116700 89115 14727 22484 108436 81749 39083 88766 40896 20196 41503 119456 88093 35530 103139 26884 55750 110414 42685 43940 62501 95105 20056 84382 55484 71516 43326 93555 40500 62744 66258 86565 29425 86920 78408 21508 18392 35835 68653 21570 102147 28184 25791 29755 34526 18047 145424 63219 76517 40713 135067 65783 21312 150793 31628
63676 114676 44008 39810 45855 104072 157217 54470 132877 125517 117132 51622 111132 54391 147865 33200 130006 141003 37713 64683 126554 0 160325 121528 61618 150369 39298 121953 11439 50623 11900 39184 140819 148347 33965 67782 92303 41849 90264 114375 92083 21268 38462 143365 45596 108281 97792 45156 110452 100905 79024 69999 108634 57823 134398 72527 142691 49523 159228 122123 150892 60133 107226 63540 51463 147616 138540 158658 75290 145254 33338 139609 150714 99719 129240 137078 75367 63676 51858 147744 9296 62855 147865 25317 97204
96660 47502 121402 132865 117952 63792 21419 106366 49775 36819 101619 109643 70127 114850 18573 135067 107976 57700 133174 95808 36001 160325 0 135396 109326 11365 122431 41301 171065 116528 149874 121820 21501 23075 138883 107758 75080 124089 70875 46378 77423 154682 122027 51271 139098 53128 75886 146392 59782 66171 98320 119018 56052 120381 78721 97998 36639 129511 13012 69884 83111 122553 64365 122844 110259 15330 36047 31890 104478 29571 137616 46053 10213 60701 40664 37518 169054 96660 108995 53947 168476 97954 18573 183837 67591
99228 99685 121298 132009 117849 82477 117388 95127 85636 105496 33819 109608 68355 77737 116840 126997 30343 80134 129996 103683 105642 121528 135396 0 73111 132997 95997 101190 131111 81825 120639 110589 116158 112560 132466 135050 78709 87485 110027 114603 75017 101198 101663 86591 75936 115511 135053 77209 132715 126377 62380 148734 90629 68410 59015 128706 147967 73572 144180 155827 64716 64486 78331 60539 111426 120668 99349 110284 60256 106114 89332 90024 126512 107160 136411 97894 184969 99228 107534 86337 129958 106281 116840 143628 85432
28810 61852 48355 59756 44789 46713 101356 22264 73338 72532 58226 36606 50210 7228 93768 55612 72127 80090 57954 33380 73393 61618 109326 73111 0 101288 25330 68169 72995 11194 55632 38181 88098 92879 61232 63025 34705 19803 50576 68361 33196 48475 30077 83063 29793 64844 71833 37147 76254 67251 17455 76052 53486 11976 72848 58215 102941 20207 111848 96646 89461 15721 48384 18240 38411 94811 81257 100817 14778 88605 30710 80194 99141 54603 88967 79654 112952 28810 34549 87080 70908 35269 93768 86892 41766
86830 39687 110747 122011 107383 57155 26825 96812 48416 29812 99213 99332 65844 106459 18762 124408 106911 58456 122387 85709 29227 150369 11365 132997 101288 0 112965 34500 160971 107865 139724 111611 16857 24443 128103 96553 67745 115133 60430 36023 70419 145555 112253 52437 131068 42491 64529 138435 48419 54925 91485 107687 48901 112653 78470 86861 27069 121490 11352 59164 85085 115111 58605 115691 99871 13835 34943 37197 97617 30270 128755 46164 8665 50660 29428 36093 157694 86830 98778 56043 158365 87719 18762 173578 59926
26716 75933 26986 36139 24626 64775 118180 16187 93655 86849 83540 21404 72454 18890 109119 31034 97379 102166 34045 29240 87859 39298 122431 95997 25330 112965 0 83100 50662 14583 31290 15424 102334 109346 36563 48082 53034 9300 54435 77371 52946 33158 5998 104272 30574 71945 68353 36595 77788 68044 42326 58229 69483 27669 97217 47245 108573 25584 122464 94047 114004 31887 67991 35850 22585 109159 99287 119390 40097 106076 19172 100361 112591 62569 94631 97813 88975 26716 20158 108764 48296 28669 109119 64380 57958
58872 7422 86762 99329 82878 22694 35425 67483 24918 4693 67975 73432 32863 73921 26048 100123 77827 38327 99127 59104 5333 121953 41301 101190 68169 34500 83100 0 133055 75868 112259 84858 19933 26513 104654 79110 33779 83775 37893 19874 36172 114472 83514 35150 97892 25768 54806 105153 42860 42914 57168 92795 14753 79101 52690 68879 47109 88312 45737 63999 64481 81253 24283 81592 74416 26651 19835 38812 63320 24530 97098 27975 31088 26825 37209 19055 142911 58872 72371 40507 130544 61783 26048 146338 26407
74528 125747 52753 46322 55118 115424 168375 65609 144284 136550 128038 61805 122570 65767 158907 40542 140730 152443 44565 75277 137595 11439 171065 131111 72995 160971 50662 133055 0 62036 21291 49412 151774 159492 39881 75430 103690 53252 100675 124949 103503 29924 49549 154794 55456 118710 106737 54052 119995 110576 90375 75757 119869 68822 145722 81130 152410 60195 169626 130466 162171 70913 118628 74192 61473 158556 149826 169955 86538 156489 44170 151008 161538 110383 139143 148374 73409 74528 62224 159181 2653 73279 158907 13899 108497
27286 69126 39764 50199 36637 55500 110011 17590 83219 80012 69115 30102 60693 4312 101808 45480 82874 90609 48228 31372 80943 50623 116528 81825 11194 107865 14583 75868 62036 0 44438 28778 95655 101360 51052 57532 43410 8800 53100 73526 42509 38880 19912 93295 25031 69122 71559 32351 78256 68787 28624 69427 61477 14270 83986 54368 106978 16571 118039 97055 100631 18822 57835 22605 31768 102451 90301 110140 25754 97463 21263 90045 106437 59075 92909 88740 103286 27286 28218 97484 59897 32311 101808 75932 49655
53505 104908 32141 28372 34129 95398 147652 45086 124575 115644 112965 40514 103734 48558 137996 21523 126351 133395 26161 54066 116700 11900 149874 120639 55632 139724 31290 112259 21291 44438 0 28129 130761 138750 22987 55904 83923 36076 79395 103700 84065 25851 29084 135353 45554 97429 86017 47035 98909 89428 73033 58611 99383 54047 128281 60667 131254 47168 148337 110246 144997 57097 98931 60831 40194 137522 129452 149597 70025 135952 31346 131208 140404 89176 117917 128040 69380 53505 40952 139925 18663 52012 137996 34094 88224
26031 77455 11599 21578 9848 69574 120279 19810 99018 88043 95784 12440 80067 32860 110348 17960 109887 108904 19795 26060 89115 39184 121820 110589 38181 111611 15424 84858 49412 28778 28129 0 102964 111367 23542 34417 58846 24720 51265 75590 59686 41282 9427 110170 45291 69300 59689 50658 71493 61866 53685 43210 72619 42677 106630 35785 103577 40979 120215 84843 123516 47038 73703 50969 12357 109688 102711 122805 52686 108913 32126 105443 112424 61123 90068 101373 74777 26031 12833 115018 46790 23892 110348 62018 62004
77264 26556 103714 115798 100026 42297 19700 86466 31758 15643 82364 91102 49350 93798 8216 117297 90129 42590 115850 76930 14727 140819 21501 116158 88098 16857 102334 19933 151774 95655 130761 102964 0 12353 121495 92884 53678 103436 53277 29701 55950 134114 102368 36971 117825 36911 63892 125084 48899 52696 76821 105475 34669 99019 61953 82754 38615 108245 28041 65272 69627 101116 42944 101362 91904 6828 18676 27464 82979 15887 116847 30195 11336 42375 34636 19624 155946 77264 90246 41175 149224 79349 8216 164845 46332
85385 33913 113038 125449 109209 46171 8912 93889 26966 23584 78859 99880 48981 99074 5721 126480 84909 34784 125341 85565 22484 148347 23075 112560 92879 24443 109346 26513 159492 101360 138750 111367 12353 0 130914 103744 58193 109532 63260 40851 59824 140184 109943 28474 122207 48006 75775 129282 61067 64364 79862 116727 39981 103129 55659 93540 49655 112716 33881 77575 60873 104744 45276 104531 100826 10713 13529 15113 85952 6499 122620 22980 15982 52142 46871 15147 167175 85385 98852 31708 156993 88194 5721 172819 51752
47407 97251 17893 6662 21858 91543 139775 43135 120904 107339 119191 31870 103060 55318 129267 5628 133240 131389 5720 45973 108436 33965 138883 132466 61232 128103 36563 104654 39881 51052 22987 23542 121495 130914 0 36138 81437 45020 68297 92639 82586 47532 31209 132247 61722 85760 68967 65177 83501 74669 77171 36128 93615 64056 130001 43221 116009 60137 135587 91470 146882 68073 96033 72044 30586 128013 123392 143263 75912 129107 46968 127118 130069 79122 103495 122160 52580 47407 33380 137242 37391 43057 129267 48999 83750
35945 72181 24646 29479 24657 72738 112250 40880 99902 80661 113422 27497 87917 60553 101033 34907 127581 112195 30955 31667 81749 67782 107758 135050 63025 96553 48082 79110 75430 57532 55904 34417 92884 103744 36138 0 66167 56873 41319 63183 68730 75017 42655 111426 78648 55973 33786 84570 49353 41650 73106 14812 71664 71598 116441 10237 81321 72796 102745 55332 132668 76186 78196 79768 25938 98871 98892 117581 74796 103291 66353 105166 99894 52288 69721 97972 63818 35945 29321 116782 72844 28856 101033 85136 64982
34317 28076 64296 77427 60114 12097 66729 39309 40657 38297 50180 49816 22118 40919 59095 76180 63623 50060 76525 36868 39083 92303 75080 78709 34705 67745 53034 33779 103690 43410 83923 58846 53678 58193 81437 66167 0 51847 31943 38515 3706 82287 54914 51503 64247 37683 57058 71453 54106 47733 23977 80978 19028 45349 50428 57210 73837 54693 78694 77141 66947 47486 15011 47948 51324 60309 46890 66777 30019 54082 64601 47332 64867 28598 60674 45332 127356 34317 48139 56232 101329 40078 59095 117408 8097
31365 76880 36286 45116 33859 63902 118242 20611 91893 87808 76980 29660 69485 12600 109791 39620 90525 99399 42941 34782 88766 41849 124089 87485 19803 115133 9300 83775 53252 8800 36076 24720 103436 109532 45020 56873 51847 0 58586 80222 51113 30697 15293 102043 21997 75377 74892 28582 83045 73393 37252 67429 69569 19108 92649 55273 112826 16295 125075 100593 109242 23053 66429 27025 31045 110252 98707 118624 33959 105790 13686 98706 114067 65552 98778 97163 97589 31365 28128 106259 51131 34935 109791 67150 57781
27721 30871 50625 62528 47095 34046 71995 38446 58979 39795 82093 38924 50713 53223 61173 64274 95358 71680 62627 25709 40896 90264 70875 110027 50576 60430 54435 37893 100675 53100 79395 51265 53277 63260 68297 41319 31943 58586 0 24497 35482 87590 52754 70428 78066 18035 25141 85434 25691 17102 50011 55353 31051 62477 78734 31126 54272 69071 68971 47126 94060 66268 39742 68396 39441 59734 57609 76590 54645 62275 72135 63983 61826 11142 40258 56664 105133 27721 38455 75826 98055 27415 61173 113162 27314
50965 16407 75065 86733 71581 32129 49158 61184 44732 19244 82776 63332 47452 72669 37860 88725 94097 58160 86945 49698 20196 114375 46378 114603 68361 36023 77371 19874 124949 73526 103700 75590 29701 40851 92639 63183 38515 80222 24497 0 41993 110264 76378 54985 97699 7211 35569 105136 22995 23811 62024 75902 24152 80201 71204 53059 35387 88252 45098 44725 83961 83274 36514 84541 63907 35791 38573 55293 67796 41312 93908 47752 37439 14803 22221 38141 126366 50965 62757 60313 122342 51698 37860 137571 30561
35897 30878 65709 78811 61525 13746 68211 39958 40836 40773 46749 51226 20486 39726 61033 77244 60320 49420 77807 38780 41503 92083 77423 75017 33196 70419 52946 36172 103503 42509 84065 59686 55950 59824 82586 68730 3706 51113 35482 41993 0 81286 55212 51326 62388 41334 60617 69498 57812 51401 21071 83528 21524 43342 48306 59983 77253 52893 81464 80843 64991 45203 15326 45425 52799 62490 48063 67709 27198 55420 63531 47620 67214 32302 64187 46462 129319 35897 49468 55861 101187 41992 61033 117288 11441
59869 107561 50455 51660 50551 94379 148865 49223 121783 118494 99664 52285 98601 41600 140487 44452 111849 128396 49217 62305 119456 21268 154682 101198 48475 145555 33158 114472 29924 38880 25851 41282 134114 140184 47532 75017 82287 30697 87590 110264 81286 0 35694 131520 25853 105016 100326 24166 110698 100945 64946 80963 100241 41530 119327 77063 141719 31987 155298 125793 135326 42739 96599 45598 52867 140934 129176 148979 60220 136341 17780 128633 144695 95486 127788 127611 94973 59869 51672 135463 28904 61459 140487 42667 88438
25425 76222 21000 30357 18772 66319 118827 16070 95541 87056 88222 16889 75187 24140 109405 25610 102186 104626 28336 27082 88093 38462 122027 101663 30077 112253 5998 83514 49549 19912 29084 9427 102368 109943 31209 42655 54914 15293 52754 76378 55212 35694 0 106399 36207 70592 64738 41923 75085 65338 46510 52375 70382 33475 100753 42533 106453 31563 121426 90318 117605 37764 69924 41715 17779 109171 100414 120558 44820 106987 23827 102151 112339 61617 92640 98990 83377 25425 16047 111043 47056 25901 109405 62962 59150
84843 40513 114674 127747 110543 40706 31260 90789 11550 36265 53746 100382 33002 90075 33863 127161 57644 6566 127091 86520 35530 143365 51271 86591 83063 52437 104272 35150 154794 93295 135353 110170 36971 28474 132247 111426 51503 102043 70428 54985 51326 131520 106399 0 110044 60833 89786 116465 77915 77904 66999 125729 39810 91149 28005 101370 75372 101123 62335 98246 32706 91592 36515 90379 101728 38641 18595 23744 72451 22224 113770 7357 44298 60109 69190 18152 174972 84843 98884 5426 152495 89604 33863 168599 48516
52107 91640 56799 63464 54949 76092 130533 41796 101194 102290 74217 51624 77122 25080 123331 56968 86111 106265 61074 55962 103139 45596 139098 75936 29793 131068 30574 97892 55456 25031 45554 45291 117825 122207 61722 78648 64247 21997 78066 97699 62388 25853 36207 110044 0 93695 96252 7439 103286 93811 43186 88497 83172 19143 95256 77268 131704 9588 141579 121860 110792 18553 77186 20581 52963 124511 110180 129316 37593 117662 14808 108030 128906 83536 117648 108543 113466 52107 50121 113533 54150 56489 123331 68491 71513
45305 20815 68291 79783 64895 33512 56356 55799 50162 25871 84592 56947 49852 68616 45071 81956 96546 63562 80055 43651 26884 108281 53128 115511 64844 42491 71945 25768 118710 69122 97429 69300 36911 48006 85760 55973 37683 75377 18035 7211 41334 105016 70592 60833 93695 0 29048 101129 18402 17163 60247 68724 26560 76796 75174 45857 38100 84378 50947 41327 88697 80132 38533 81694 57428 42963 45114 62338 65752 48261 89043 53723 44434 10245 24141 44559 119182 45305 56489 66219 116089 45445 45071 131169 30226
44276 49402 53991 62368 51943 57891 83588 54475 78918 54775 107148 48047 74813 72811 72076 66673 120264 92234 63429 40290 55750 97792 75886 135053 71833 64529 68353 54806 106737 71559 86017 59689 63892 75775 68967 33786 57058 74892 25141 35569 60617 100326 64738 89786 96252 29048 0 103283 16162 11893 74211 43291 53067 83192 102060 25789 47538 88124 69659 25718 116544 87401 63513 90067 47567 69068 74088 90561 78321 76781 87431 82730 69040 31345 36369 73579 93172 44276 48694 95189 104093 39968 72076 117543 51920
59260 98962 61967 67549 60456 83228 137548 48810 107861 109576 78527 57923 83656 32516 130500 60769 89784 112500 65109 63017 110414 45156 146392 77209 37147 138435 36595 105153 54052 32351 47035 50658 125084 129282 65177 84570 71453 28582 85434 105136 69498 24166 41923 116465 7439 101129 103283 0 110588 101080 49894 93777 90418 26157 100685 83708 139129 16954 148974 128935 115871 24915 84157 26241 59167 131750 117128 136114 44116 124646 18747 114676 136194 90973 125071 115483 116013 59260 56527 119812 53070 63407 130500 66421 78801
51682 38898 67473 77019 64879 51551 68479 62484 67724 41832 102517 59227 68125 78670 56974 80699 114737 81153 77849 48579 42685 110452 59782 132715 76254 48419 77788 42860 119995 78256 98909 71493 48899 61067 83501 49353 54106 83045 25691 22995 57812 110698 75085 77915 103286 18402 16162 110588 0 9753 74885 59447 44932 88133 93533 40475 32548 94472 53568 23212 106794 91955 56750 94079 59136 53640 61004 76079 79862 62755 96303 70642 53219 25555 20374 60730 109279 51682 59421 83212 117341 49239 56974 131418 47345
42030 37569 58249 68283 55502 47118 72380 52807 67076 42952 97302 49555 64026 69353 60910 71627 110066 80418 68978 38849 43940 100905 66171 126377 67251 54925 68044 42914 110576 68787 89428 61866 52696 64364 74669 41650 47733 73393 17102 23811 51401 100945 65338 77904 93811 17163 11893 101080 9753 0 67062 53095 41695 79044 90777 32158 41834 85102 61271 30041 104979 82972 52634 85244 49512 58182 62244 79012 71747 65111 86602 70839 58643 20317 28840 61713 103475 42030 49708 83304 107923 39487 60910 122181 41782
37162 51934 62692 74954 58773 34531 87925 35110 58010 61796 42181 49333 34007 24656 81524 71552 56374 63540 73380 41500 62501 79024 98320 62380 17455 91485 42326 57168 90375 28624 73033 53685 76821 79862 77171 73106 23977 37252 50011 62024 21071 64946 46510 66999 43186 60247 74211 49894 74885 67062 0 87214 42585 24163 55398 66367 97409 34130 102534 97102 72008 25037 34586 24678 51147 83262 67390 86221 6158 74970 47390 64844 88126 50364 83950 65733 127838 37162 47271 70696 88318 44251 81524 104266 32053
50143 86056 31813 30241 33609 87431 125047 53793 114236 94033 127965 39560 102715 72827 113679 37199 142157 126687 32472 46048 95105 69999 119018 148734 76052 107687 58229 92795 75757 69427 58611 43210 105475 116727 36128 14812 80978 67429 55353 75902 83528 80963 52375 125729 88497 68724 43291 93777 59447 53095 87214 0 86070 83683 131244 24414 89934 83688 112917 60220 147443 88248 92922 91986 37802 111185 112628 130895 88531 116673 75105 119335 111733 66085 79605 111782 50473 50143 41576 131109 73340 43090 113679 83460 79714
46652 9656 75812 88735 71765 8638 48750 54318 28265 19282 58626 61863 23407 59370 40364 88775 70134 40662 88268 47643 20056 108634 56052 90629 53486 48901 69483 14753 119869 61477 99383 72619 34669 39981 93615 71664 19028 69569 31051 24152 21524 100241 70382 39810 83172 26560 53067 90418 44932 41695 42585 86070 0 64352 49084 61668 57785 73597 59983 67861 63552 66509 12368 66896 63047 41339 30111 50241 48720 36621 82739 33872 45839 21791 45786 28754 135163 46652 60570 45136 117407 50589 40364 133343 11825
39387 73051 53884 63799 50860 57075 111419 31016 82120 83564 59325 44272 58167 11087 104355 58599 72411 87570 61714 43821 84382 57823 120381 68410 11976 112653 27669 79101 68822 14270 54047 42677 99019 103129 64056 71598 45349 19108 62477 80201 43342 41530 33475 91149 19143 76796 83192 26157 88133 79044 24163 83683 64352 0 77799 67894 114888 9977 123341 108245 93865 4589 58052 8345 45968 105658 91043 110183 18868 98535 24701 88965 110173 66552 100927 89404 116583 39387 42344 94777 67026 45273 104355 82547 52825
84118 54821 113653 126664 109485 44694 59242 86876 30239 55789 27673 99235 28536 80054 60626 124515 29645 21443 125501 87086 55484 134398 78721 59015 72848 78470 97217 52690 145722 83986 128281 106630 61953 55659 130001 116441 50428 92649 78734 71204 48306 119327 100753 28005 95256 75174 102060 100685 93533 90777 55398 131244 49084 77799 0 107184 98523 87462 89030 115922 16886 76919 39001 74693 100869 65058 43533 51444 59304 49181 102225 32689 70905 70715 89827 42391 177623 84118 97392 27324 143694 90298 60626 159601 51898
29747 61971 28526 36656 27004 63103 102070 36908 89862 70427 105534 25841 78652 56829 90886 40903 119577 102275 37652 25178 71516 72527 97998 128706 58215 86861 47245 68879 81130 54368 60667 35785 82754 93540 43221 10237 57210 55273 31126 53059 59983 77063 42533 101370 77268 45857 25789 83708 40475 32158 66367 24414 61668 67894 107184 0 72872 70449 93427 49615 123238 72439 68637 75779 24765 88800 88669 107346 68713 93055 66266 95045 89953 42061 60706 87758 74037 29747 27182 106740 78495 22961 90886 91765 55454
81918 48391 99997 109497 97326 66324 53618 92696 68599 43210 115021 91192 79667 106639 44037 113248 124854 80643 110371 79456 43326 142691 36639 147967 102941 27069 108573 47109 152410 106978 131254 103577 38615 49655 116009 81321 73837 112826 54272 35387 77253 141719 106453 75372 131704 38100 47538 139129 32548 41834 97409 89934 57785 114888 98523 72872 0 122436 25811 34328 107813 118178 69815 119638 91244 39158 56809 63697 103159 54390 126402 68339 35301 48338 14069 57449 138167 81918 91200 79751 149757 80587 44037 163946 65814
43848 82052 52563 60883 50145 66574 121080 34026 92043 92705 67932 45354 68137 15856 113786 54960 80539 97542 58617 47938 93555 49523 129511 73572 20207 121490 25584 88312 60195 16571 47168 40979 108245 112716 60137 72796 54693 16295 69071 88252 52893 31987 31563 101123 9588 84378 88124 16954 94472 85102 34130 83688 73597 9977 87462 70449 122436 0 132020 113589 103361 10793 67787 14018 46863 114936 100781 120031 28817 108234 16228 98893 119320 74188 108397 99151 112610 43848 43652 104753 58564 48795 113786 73739 61929
96036 50622 118568 129329 115392 68329 33972 106278 59217 41044 110375 107829 77186 116810 28516 132174 117772 68564 129870 94581 40500 159228 13012 144180 111848 11352 122464 45737 169626 118039 148337 120215 28041 33881 135587 102745 78694 125075 68971 45098 81464 155298 121426 62335 141579 50947 69659 148974 53568 61271 102534 112917 59983 123341 89030 93427 25811 132020 0 60042 94718 125916 69910 126604 108239 23973 45562 44548 108648 40143 138742 56459 18133 59901 33315 46823 162248 96036 107421 65516 167000 96386 28516 181964 70788
69784 61103 78116 84810 76552 74716 83626 80128 88825 62068 125721 73527 91179 98108 72613 89965 137857 102137 86228 65919 62744 122123 69884 155827 96646 59164 94047 63999 130466 97055 110246 84843 65272 77575 91470 55332 77141 100593 47126 44725 80843 125793 90318 98246 121860 41327 25718 128935 23212 30041 97102 60220 67861 108245 115922 49615 34328 113589 60042 0 128472 112331 79843 114795 72933 68376 80351 92613 101765 80610 113142 90891 66177 48703 30782 80378 105674 69784 74274 103353 127849 65680 72613 140465 70530
100865 67924 130484 143512 126312 60261 62089 103760 39873 66780 39011 116049 44866 96642 66408 141399 34554 27172 142365 103739 66258 150892 83111 64716 89461 85085 114004 64481 162171 100631 144997 123516 69627 60873 146882 132668 66947 109242 94060 83961 64991 135326 117605 32706 110792 88697 116544 115871 106794 104979 72008 147443 63552 93865 16886 123238 107813 103361 94718 128472 0 92690 54644 90220 117671 71260 51056 52524 75640 54818 118446 39498 76825 85342 100705 50364 194278 100865 114220 29211 160186 106953 66408 176029 67787
43782 75434 58319 68019 55352 58938 112896 35580 82951 85783 57157 48856 58745 15663 106195 62667 69873 87735 65897 48249 86565 60133 122553 64486 15721 115111 31887 81253 70913 18822 57097 47038 101116 104744 68073 76186 47486 23053 66268 83274 45203 42739 37764 91592 18553 80132 87401 24915 91955 82972 25037 88248 66509 4589 76919 72439 118178 10793 125916 112331 92690 0 59501 3974 50548 107687 92399 111245 19202 99958 26796 89763 112340 69890 104273 90745 120642 43782 46931 95017 69235 49766 106195 84501 55186
48673 21425 78659 91784 74494 5697 53403 54274 25665 28949 46279 64244 11415 55020 47068 90858 58015 35366 90998 50747 29425 107226 64365 78331 48384 58605 67991 24283 118628 57835 98931 73703 42944 45276 96033 78196 15011 66429 39742 36514 15326 96599 69924 36515 77186 38533 63513 84157 56750 52634 34586 92922 12368 58052 39001 68637 69815 67787 69910 79843 54644 59501 0 59258 65670 49118 32996 52437 40683 40489 78837 32385 54273 32325 58090 31364 140658 48673 62659 41315 116282 53911 47068 132371 13216
46821 76011 62216 71986 59205 59077 112547 39024 82086 86174 54077 52525 57745 19223 106190 66640 66538 86302 69867 51339 86920 63540 122844 60539 18240 115691 35850 81592 74192 22605 60831 50969 101362 104531 72044 79768 47948 27025 68396 84541 45425 45598 41715 90379 20581 81694 90067 26241 94079 85244 24678 91986 66896 8345 74693 75779 119638 14018 126604 114795 90220 3974 59258 0 54237 107858 91973 110529 18583 99578 30225 88855 112637 71477 105811 90309 124615 46821 50576 93630 72578 52989 106190 87688 55817
17020 66995 12990 26122 8825 61046 109722 16329 90352 77320 93076 1827 73254 35043 99480 25762 107329 101033 25364 15416 78408 51463 110259 111426 38411 99871 22585 74416 61473 31768 40194 12357 91904 100826 30586 25938 51324 31045 39441 63907 52799 52867 17779 101728 52963 57428 47567 59167 59136 49512 51147 37802 63047 45968 100869 24765 91244 46863 108239 72933 117671 50548 65670 54237 0 98553 92904 112851 51587 98764 41509 96538 101036 49697 77782 91649 77251 17020 3908 106763 58834 12634 99480 73746 53213
84035 33373 110269 122256 106617 48784 15256 93281 35325 22447 86851 97778 54828 100562 4992 123875 93863 44734 122354 83640 21508 147616 15330 120668 94811 13835 109159 26651 158556 102451 137522 109688 6828 10713 128013 98871 60309 110252 59734 35791 62490 140934 109171 38641 124511 42963 69068 131750 53640 58182 83262 111185 41339 105658 65058 88800 39158 114936 23973 68376 71260 107687 49118 107858 98553 0 21613 24670 89418 16442 123652 32529 5880 48935 37606 22924 161627 84035 96949 42209 156002 86024 4992 171600 53056
76713 26757 105523 118296 101539 34808 20633 84369 13759 19330 65576 91788 35622 87728 17501 118666 72253 23943 117958 77491 18392 138540 36047 99349 81257 34943 99287 19835 149826 90301 129452 102711 18676 13529 123392 98892 46890 98707 57609 38573 48063 129176 100414 18595 110180 45114 74088 117128 61004 62244 67390 112628 30111 91043 43533 88669 56809 100781 45562 80351 51056 92399 32996 91973 92904 21613 0 20145 73404 7666 111474 11560 27490 46610 50793 1677 162706 76713 90562 23270 147387 80341 17501 163363 41336
96789 46125 125375 138050 121430 54754 10588 104513 28609 36921 77473 111772 52985 107435 20070 138610 81044 30151 137784 97453 35835 158658 31890 110284 100817 37197 119390 38812 169955 110140 149597 122805 27464 15113 143263 117581 66777 118624 76590 55293 67709 148979 120558 23744 129316 62338 90561 136114 76079 79012 86221 130895 50241 110183 51444 107346 63697 120031 44548 92613 52524 111245 52437 110529 112851 24670 20145 0 92086 14315 131236 22136 28582 65459 61864 21581 181250 96789 110587 24381 167520 100253 20070 183503 61458
39055 58035 62417 74207 58667 40689 93967 35274 63753 67944 43449 49760 39554 21517 87661 70287 57366 68742 72481 43567 68653 75290 104478 60256 14778 97617 40097 63320 86538 25754 70025 52686 82979 85952 75912 74796 30019 33959 54645 67796 27198 60220 44820 72451 37593 65752 78321 44116 79862 71747 6158 88531 48720 18868 59304 68713 103159 28817 108648 101765 75640 19202 40683 18583 51587 89418 73404 92086 0 81002 42934 70562 94284 55746 89602 71741 127349 39055 47678 75977 84578 46072 87661 100389 38064
82882 31883 111214 123835 107296 41986 12980 90919 20594 22648 72444 97723 43264 94988 11641 124509 78410 28424 123603 83391 21570 145254 29571 106114 88605 30270 106076 24530 156489 97463 135952 108913 15887 6499 129107 103291 54082 105790 62275 41312 55420 136341 106987 22224 117662 48261 76781 124646 62755 65111 74970 116673 36621 98535 49181 93055 54390 108234 40143 80610 54818 99958 40489 99578 98764 16442 7666 14315 81002 0 118679 16494 22076 51145 50235 9344 166991 82882 96585 25814 154024 86146 11641 169946 48157
44678 90299 43294 48956 41968 76698 131260 33849 104003 101206 83871 40455 80882 23824 123060 42315 96669 110716 46537 47787 102147 33338 137616 89332 30710 128755 19172 97098 44170 21263 31346 32126 116847 122620 46968 66353 64601 13686 72135 93908 63531 17780 23827 113770 14808 89043 87431 18747 96303 86602 47390 75105 82739 24701 102225 66266 126402 16228 138742 113142 118446 26796 78837 30225 41509 123652 111474 131236 42934 118679 0 110853 127561 79237 112366 109901 98671 44678 39303 117752 42448 47564 123060 57854 70918
79808 33651 109416 122422 105321 35902 27445 86335 6860 28931 56560 95260 31122 87044 27976 122138 61965 12395 121864 81212 28184 139609 46053 90024 80194 46164 100361 27975 151008 90045 131208 105443 30195 22980 127118 105166 47332 98706 63983 47752 47620 128633 102151 7357 108030 53723 82730 114676 70642 70839 64844 119335 33872 88965 32689 95045 68339 98893 56459 90891 39498 89763 32385 88855 96538 32529 11560 22136 70562 16494 110853 0 38328 53452 61881 10923 168856 79808 93843 12570 148656 84236 27976 164739 43463
87041 37351 112449 124171 108903 53596 18326 96582 41205 26618 92693 100350 60404 104709 10435 126099 99741 50468 124379 86371 25791 150714 10213 126512 99141 8665 112591 31088 161538 106437 140404 112424 11336 15982 130069 99894 64867 114067 61826 37439 67214 144695 112339 44298 128906 44434 69040 136194 53219 58643 88126 111733 45839 110173 70905 89953 35301 119320 18133 66177 76825 112340 54273 112637 101036 5880 27490 28582 94284 22076 127561 38328 0 51349 35687 28803 162049 87041 99624 47685 158962 88619 10435 174429 57394
36194 19972 61343 73468 57683 26802 60901 46382 48804 28654 77263 49002 43710 58457 50175 74941 89841 61818 73483 35110 29755 99719 60701 107160 54603 50660 62569 26825 110383 59075 89176 61123 42375 52142 79122 52288 28598 65552 11142 14803 32302 95486 61617 60109 83536 10245 31345 90973 25555 20317 50364 66085 21791 66552 70715 42061 48338 74188 59901 48703 85342 69890 32325 71477 49697 48935 46610 65459 55746 51145 79237 53452 51349 0 34385 45717 116097 36194 48303 65531 107788 37278 50175 123141 21843
67945 36890 87040 97083 84189 54088 52861 78701 60858 34110 104057 77644 68560 92590 41839 100460 114694 73736 97810 65591 34526 129240 40664 136411 88967 29428 94631 37209 139143 92909 117917 90068 34636 46871 103495 69721 60674 98778 40258 22221 64187 127788 92640 69190 117648 24141 36369 125071 20374 28840 83950 79605 45786 100927 89827 60706 14069 108397 33315 30782 100705 104273 58090 105811 77782 37606 50793 61864 89602 50235 112366 61881 35687 34385 0 51055 129036 67945 77563 74051 136494 66831 41839 150929 52766
75392 25793 104302 117107 100304 33261 22309 82954 12403 18930 64104 90515 33953 86144 18949 117406 70953 23198 116744 76233 18047 137078 37518 97894 79654 36093 97813 19055 148374 88740 128040 101373 19624 15147 122160 97972 45332 97163 56664 38141 46462 127611 98990 18152 108543 44559 73579 115483 60730 61713 65733 111782 28754 89404 42391 87758 57449 99151 46823 80378 50364 90745 31364 90309 91649 22924 1677 21581 71741 9344 109901 10923 28803 45717 51055 0 161790 75392 89269 23031 145941 79104 18949 161928 39878
93591 135999 65152 53198 69127 135440 175517 92772 163425 144343 170002 78993 149472 107483 164152 57985 184211 175398 55072 90543 145424 75367 169054 184969 112952 157694 88975 142911 73409 103286 69380 74777 155946 167175 52580 63818 127356 97589 105133 126366 129319 94973 83377 174972 113466 119182 93172 116013 109279 103475 127838 50473 135163 116583 177623 74037 138167 112610 162248 105674 194278 120642 140658 124615 77251 161627 162706 181250 127349 166991 98671 168856 162049 116097 129036 161790 0 93591 80977 180286 72263 87330 164152 72272 127533
0 51484 30007 43140 25832 44138 94296 10830 73526 62157 77989 15571 56302 28676 84502 42340 92225 84039 42325 4597 63219 63676 96660 99228 28810 86830 26716 58872 74528 27286 53505 26031 77264 85385 47407 35945 34317 31365 27721 50965 35897 59869 25425 84843 52107 45305 44276 59260 51682 42030 37162 50143 46652 39387 84118 29747 81918 43848 96036 69784 100865 43782 48673 46821 17020 84035 76713 96789 39055 82882 44678 79808 87041 36194 67945 75392 93591 0 14044 89836 71969 7089 84502 87597 36371
14044 64953 16265 29343 12093 58178 107761 12424 87571 75439 89241 2081 69950 31358 97699 28297 103491 98020 28385 13322 76517 51858 108995 107534 34549 98778 20158 72371 62224 28218 40952 12833 90246 98852 33380 29321 48139 28128 38455 62757 49468 51672 16047 98884 50121 56489 48694 56527 59421 49708 47271 41576 60570 42344 97392 27182 91200 43652 107421 74274 114220 46931 62659 50576 3908 96949 90562 110587 47678 96585 39303 93843 99624 48303 77563 89269 80977 14044 0 103865 59607 11060 97699 74842 50415
89836 45937 119727 132818 115585 45717 33169 95541 16880 41480 54234 105393 36872 94158 37302 132118 56777 7395 132126 91610 40713 147744 53947 86337 87080 56043 108764 40507 159181 97484 139925 115018 41175 31708 137242 116782 56232 106259 75826 60313 55861 135463 111043 5426 113533 66219 95189 119812 83212 83304 70696 131109 45136 94777 27324 106740 79751 104753 65516 103353 29211 95017 41315 93630 106763 42209 23270 24381 75977 25814 117752 12570 47685 65531 74051 23031 180286 89836 103865 0 156910 94711 37302 173015 53580
71969 123228 50107 43796 52464 113031 165880 63123 141944 134020 126305 59175 120346 63682 156377 37946 139095 150199 42008 72679 135067 9296 168476 129958 70908 158365 48296 130544 2653 59897 18663 46790 149224 156993 37391 72844 101329 51131 98055 122342 101187 28904 47056 152495 54150 116089 104093 53070 117341 107923 88318 73340 117407 67026 143694 78495 149757 58564 167000 127849 160186 69235 116282 72578 58834 156002 147387 167520 84578 154024 42448 148656 158962 107788 136494 145941 72263 71969 59607 156910 0 70664 156377 16105 106065
7089 54363 25223 38186 21200 49051 97091 14773 78160 64697 84951 11754 62190 34307 86882 38363 99173 89181 37679 3214 65783 62855 97954 106281 35269 87719 28669 61783 73279 32311 52012 23892 79349 88194 43057 28856 40078 34935 27415 51698 41992 61459 25901 89604 56489 45445 39968 63407 49239 39487 44251 43090 50589 45273 90298 22961 80587 48795 96386 65680 106953 49766 53911 52989 12634 86024 80341 100253 46072 86146 47564 84236 88619 37278 66831 79104 87330 7089 11060 94711 70664 0 86882 85889 41144
84502 33203 111444 123643 107704 47287 11518 93416 31254 22358 83053 98622 51914 99732 0 124985 89645 40050 123643 84377 21312 147865 18573 116840 93768 18762 109119 26048 158907 101808 137996 110348 8216 5721 129267 101033 59095 109791 61173 37860 61033 140487 109405 33863 123331 45071 72076 130500 56974 60910 81524 113679 40364 104355 60626 90886 44037 113786 28516 72613 66408 106195 47068 106190 99480 4992 17501 20070 87661 11641 123060 27976 10435 50175 41839 18949 164152 84502 97699 37302 156377 86882 0 172090 52184
87597 138994 63949 55656 66753 129079 181716 79028 158034 149737 141657 74245 136439 79664 172090 50872 154203 166299 54285 88059 150793 25317 183837 143628 86892 173578 64380 146338 13899 75932 34094 62018 164845 172819 48999 85136 117408 67150 113162 137571 117288 42667 62962 168599 68491 131169 117543 66421 131418 122181 104266 83460 133343 82547 159601 91765 163946 73739 181964 140465 176029 84501 132371 87688 73746 171600 163363 183503 100389 169946 57854 164739 174429 123141 150929 161928 72272 87597 74842 173015 16105 85889 172090 0 122062
36371 20250 66160 79241 62028 7934 60475 43155 37157 30777 55523 51880 23529 47559 52184 78711 68379 48083 78575 38032 31628 97204 67591 85432 41766 59926 57958 26407 108497 49655 88224 62004 46332 51752 83750 64982 8097 57781 27314 30561 11441 88438 59150 48516 71513 30226 51920 78801 47345 41782 32053 79714 11825 52825 51898 55454 65814 61929 70788 70530 67787 55186 13216 55817 53213 53056 41336 61458 38064 48157 70918 43463 57394 21843 52766 39878 127533 36371 50415 53580 106065 41144 52184 122062 0
