StringID  Type  x          y          demand  ReadyTime  DueDate  ServiceTime
D0        d     30952.27    31322.18    0.0     0.0        32400.0  0.0
D1        d     -26251.01   -31979.29   0.0     0.0        32400.0  0.0
C1        c     -10764.69   -29803.46   323.0   2132.0     22029.0  646.0
C2        c     56762.01    22398.85    775.0   1414.0     21445.0  1550.0
C3        c     -8463.01    -27066.37   462.0   1060.0     21675.0  924.0
C4        c     83526.11    44380.69    593.0   3501.0     23440.0  1186.0
C5        c     6104.91     3703.91     699.0   4117.0     23769.0  1398.0
C6        c     16583.26    14493.79    525.0   5211.0     25059.0  1050.0
C7        c     57709.42    48789.56    360.0   2980.0     23155.0  720.0
C8        c     7201.18     -30892.81   397.0   1363.0     21724.0  794.0
C9        c     -33711.15   -33594.87   114.0   4314.0     24253.0  228.0
C10       c     -24146.21   -26447.02   329.0   3508.0     22576.0  658.0
C11       c     52709.41    44711.28    365.0   5214.0     25039.0  730.0
C12       c     38394.36    -60808.32   126.0   4151.0     23112.0  252.0
C13       c     -50.05      -40952.05   819.0   4364.0     24723.0  1638.0
C14       c     -31399.77   43738.23    600.0   1479.0     20701.0  1200.0
C15       c     80042.34    62233.50    656.0   5098.0     26349.0  1312.0
C16       c     -54966.60   -6001.32    330.0   2475.0     22437.0  660.0
C17       c     -57908.91   35862.97    391.0   2796.0     21612.0  782.0
C18       c     43306.49    37022.68    126.0   2693.0     21342.0  252.0
C19       c     4893.90     -18496.30   195.0   1399.0     20653.0  390.0
C20       c     -29820.85   35816.87    127.0   910.0      20888.0  254.0
C21       c     -23030.79   -31668.31   409.0   2835.0     21991.0  818.0
C22       c     -34170.35   17673.25    704.0   4011.0     24061.0  1408.0
C23       c     62576.79    -27086.23   235.0   4020.0     22496.0  470.0
C24       c     -429.55     21475.80    606.0   2073.0     22922.0  1212.0
C25       c     -26800.59   30998.67    688.0   4879.0     25991.0  1376.0
C26       c     -61264.56   16513.04    359.0   3891.0     24572.0  718.0
C27       c     24525.11    -24839.84   783.0   2102.0     23379.0  1566.0
C28       c     -59873.91   18254.84    677.0   2921.0     24031.0  1354.0
C29       c     64980.56    -19485.27   147.0   2106.0     21756.0  294.0
C30       c     17468.21    27907.31    261.0   1003.0     21191.0  522.0
C31       c     -56854.47   -10637.21   425.0   1063.0     21815.0  850.0
C32       c     -4450.53    -9745.59    556.0   1769.0     22546.0  1112.0
C33       c     -45284.41   -27405.90   598.0   1185.0     21819.0  1196.0
C34       c     -24474.97   35139.51    184.0   2521.0     21800.0  368.0
C35       c     15007.85    25745.44    651.0   1832.0     22676.0  1302.0
C36       c     -46991.72   49829.91    409.0   2633.0     22684.0  818.0
C37       c     32269.52    -65924.32   305.0   4737.0     24483.0  610.0
C38       c     -31428.43   -31908.68   176.0   3674.0     23083.0  352.0
C39       c     -46630.91   54876.54    743.0   2961.0     23010.0  1486.0
C40       c     55680.86    5759.48     559.0   4264.0     25101.0  1118.0
C41       c     12892.62    -48879.59   275.0   2940.0     22424.0  550.0
C42       c     17307.68    25715.18    579.0   2258.0     22719.0  1158.0
C43       c     12560.87    -59159.83   345.0   5066.0     23996.0  690.0
C44       c     46541.23    -36663.49   713.0   1432.0     20972.0  1426.0
C45       c     -39593.58   -28397.04   416.0   1835.0     21613.0  832.0
C46       c     3072.61     16104.81    740.0   3927.0     25138.0  1480.0
C47       c     -51816.47   -4097.86    763.0   4782.0     25376.0  1526.0
C48       c     45689.34    -56256.79   161.0   4548.0     24565.0  322.0
C49       c     -43829.18   18316.35    420.0   1223.0     20071.0  840.0
C50       c     -41224.55   -32932.57   176.0   4502.0     23727.0  352.0
F1        f     30952.27    31322.18    0.0     0.0        32400.0  0.0
F2        f     -24474.97   35139.51    0.0     0.0        32400.0  0.0
F3        f     3072.61     16104.81    0.0     0.0        32400.0  0.0
F4        f     -45284.41   -27405.90   0.0     0.0        32400.0  0.0
F5        f     12560.87    -59159.83   0.0     0.0        32400.0  0.0
F6        f     24525.11    -24839.84   0.0     0.0        32400.0  0.0

m numVeh /7/
m numPetrolVeh /4/
m numElectroVeh /3/

DistanceMatrix
0 85319 74004 27309 70447 54171 37151 22128 31954 66594 91627 79832 25547 92431 78643 63576 58012 93675 88977 13606 56222 60939 82958 66538 66420 32890 57754 93398 56529 91761 61150 13910 97317 54221 96234 55559 16892 80111 97255 88823 81080 35566 82210 14752 92332 69750 92429 31762 90029 88810 75904 96634 0 55559 31762 96234 92332 56529
85319 0 15638 99238 18454 133723 48168 63202 116503 33470 7633 5919 110074 70782 27695 75892 142036 38723 74865 97977 33938 67890 3235 50280 88962 59365 62980 59812 51276 60448 92083 74147 37310 31138 19575 67142 70954 84397 67653 5178 89215 90206 42636 72291 47383 72943 13815 56320 37828 75926 53279 15004 85319 67142 56320 19575 47383 51276
74004 15638 0 85352 3576 119975 37514 52059 104238 17999 23258 13796 97885 58120 15463 76382 129293 50203 80837 85962 19314 68331 12407 52933 73392 52310 62881 68523 35637 68712 76445 64247 49916 21028 34603 66374 61236 87486 56184 20771 91962 75364 30390 62212 37495 57715 28863 47948 48436 62344 58385 30620 74004 66374 47948 34603 37495 35637
27309 99238 85352 0 81860 34634 53997 40949 26408 72776 106399 94510 22677 85210 85094 90708 46139 115282 115459 19872 66051 87616 96385 91055 49826 57199 84004 118173 57190 116710 42683 39678 118322 69139 113552 82230 41888 107319 91656 103571 108374 16674 83697 39593 92766 59940 108925 54057 111765 79431 100674 112530 27309 82230 54057 113552 92766 57190
70447 18454 3576 81860 0 116476 34045 48524 100662 16125 26079 15695 94309 57742 16235 74427 125729 51052 80031 82386 15870 66411 15277 51599 71040 49202 60892 68463 33063 68535 73834 60783 51104 17779 36823 64234 57792 86009 56295 23470 90396 72055 30527 58737 38367 55835 31159 44686 49062 61519 57536 33283 70447 64234 44686 36823 38367 33063
54171 133723 119975 34634 116476 0 87457 73311 26190 107199 140800 128879 30818 114462 119443 114928 18190 147372 141691 40887 100680 113670 130912 120689 74474 87024 111135 147448 90954 145761 66504 68081 150777 103293 147463 108396 71007 130632 121632 137966 130580 47613 116990 68799 125526 89084 143021 85278 143763 107515 129995 146765 54171 108396 85278 147463 125526 90954
37151 48168 37514 53997 34045 87457 0 15041 68525 34614 54557 42711 62077 72142 45078 54858 94300 61838 71638 49941 22233 48186 45827 42629 64320 18935 42752 68576 33971 67564 63278 26738 64572 17097 60072 43856 23772 70334 74382 51740 73483 49619 53020 24698 63194 57137 55846 12766 58444 71849 52028 59852 37151 43856 12766 60072 63194 33971
22128 63202 52059 40949 48524 73311 15041 0 53550 46346 69585 57750 47098 78397 57887 56193 79411 74427 77497 34953 35000 51069 60829 50853 62002 18390 46417 77874 40127 76550 59134 13443 77619 32093 74721 45957 11361 72735 81934 66771 75012 40061 63481 11245 73763 59284 70679 13606 70881 76504 60533 74773 22128 45957 13606 74721 73763 40127
31954 116503 104238 26408 100662 26190 68525 53550 0 94342 123065 111180 6452 111287 106723 89252 26067 125291 116339 18598 85539 88486 113984 97006 76032 64235 86362 123274 80762 121483 68661 45337 129060 85383 128115 83310 48523 104706 117501 120240 104518 43078 107461 46527 117011 86180 124200 63667 121626 105732 106013 128322 31954 83310 63667 128115 117011 80762
66594 33470 17999 72776 16125 107199 34614 46346 94342 0 41001 31661 88244 43220 12400 84023 118230 66966 93251 76916 12609 76294 30242 63799 55506 52922 70616 83276 18351 83154 58895 59690 67182 24145 52601 73237 57174 97227 43077 38643 101263 60776 18866 57503 28771 39761 46861 47179 64816 46094 70892 48469 66594 73237 47179 52601 28771 18351
91627 7633 23258 106399 26079 140800 54557 69585 123065 41001 0 11941 116621 77070 34456 77368 148738 34831 73552 104492 41453 69521 10853 51270 96508 64346 64962 57184 58891 58077 99695 80012 32599 37749 13124 69352 76778 84475 73475 2838 89410 97671 49046 78234 52865 80311 7850 61831 34610 82571 52888 7543 91627 69352 61831 13124 52865 58891
79832 5919 13796 94510 15695 128879 42711 57750 111180 31661 11941 0 104739 71358 28125 70559 136819 36985 70869 92619 30109 62522 5339 45245 86725 53470 57507 56774 48698 57225 89398 68455 36329 25824 21160 61587 65246 79625 68856 9103 84375 86079 43302 66628 49168 71422 15570 50513 35569 75932 48900 18268 79832 61587 50513 21160 49168 48698
25547 110074 97885 22677 94309 30818 62077 47098 6452 88244 116621 104739 0 106486 100607 84115 32467 119021 110972 12146 79256 83008 107566 90990 72472 57997 80684 117410 75045 115650 65359 39042 122751 78948 121670 77776 42203 99832 112508 113797 99859 39065 101709 40176 111360 81608 117748 57290 115360 101212 100082 121869 25547 77776 57290 121670 111360 75045
92431 70782 58120 85210 57742 114462 72142 78397 111287 43220 77070 71358 106486 0 43269 125703 129899 108259 136454 97954 53968 118278 67987 106888 41497 90983 112601 126137 38550 126125 49137 91150 107654 66656 90099 114711 89658 139756 7980 75567 143570 68776 28154 89056 25886 25482 84455 84636 106555 8598 114111 84358 92431 114711 84636 90099 25886 38550
78643 27695 15463 85094 16235 119443 45078 57887 106723 12400 34456 28125 100607 43269 0 90306 130622 65095 96168 89218 22994 82339 24785 67832 64143 62429 76763 83961 29386 84169 68482 71053 64387 31515 47219 79916 68376 102200 40843 32656 106550 72718 15178 68890 22149 46788 41489 57142 63545 48232 73684 41948 78643 79916 57142 47219 22149 29386
63576 75892 76382 90708 74427 114928 54858 56193 89252 84023 77368 70559 84115 125703 90306 0 112966 55040 27654 75007 72044 8077 75870 26212 117676 38141 13544 40412 88490 38212 115267 51368 60039 59890 72486 11040 49774 16740 126806 75647 18869 95002 102664 51935 111895 111979 72599 44181 52011 126261 28298 77298 63576 11040 44181 72486 111895 88490
58012 142036 129293 46139 125729 18190 94300 79411 26067 118230 148738 136819 32467 129899 130622 112966 0 151273 140449 44555 110293 112995 139433 122598 91011 90205 111315 148519 103266 146665 83095 71371 155083 110996 154084 107972 74571 127638 136772 145906 126887 61504 129828 72589 138889 104417 150089 89734 147603 123370 131426 154150 58012 107972 89734 154084 138889 103266
93675 38723 50203 115282 51052 147372 61838 74427 125291 66966 34831 36985 119021 108259 65095 55040 151273 0 41968 107278 61151 48796 40972 31511 119420 61068 46501 23379 81693 24748 120703 79979 5006 50655 23493 51208 76839 56398 105834 35003 61446 111271 80271 78927 85941 106038 27164 62107 3681 112504 26747 30235 93675 51208 62107 23493 85941 81693
88977 74865 80837 115459 80031 141691 71638 77497 116339 93251 73552 70869 110972 136454 96168 27654 140449 41968 0 101222 83061 28088 76006 29906 135939 59253 31486 19639 102373 17717 134779 75796 46512 70270 64516 33442 73615 17727 135988 72761 22107 117511 110427 75898 118302 127161 66819 64103 40423 138631 22497 70790 88977 33442 64103 64516 118302 102373
13606 97977 85962 19872 82386 40887 49941 34953 18598 76916 104492 92619 12146 97954 89218 75007 44555 107278 101222 0 67512 73137 95494 79857 66942 46417 70365 106563 64651 104873 60522 27399 110922 66843 109542 67808 30463 91202 103537 101670 91692 33623 91127 28351 100977 73757 105604 45347 103630 93310 89121 109723 13606 67808 45347 109542 100977 64651
56222 33938 19314 66051 15870 100680 22233 35000 85539 12609 41453 30109 79256 53968 22994 72044 110293 61151 83061 67512 0 64460 30875 53238 58319 40325 58773 74850 20631 74468 60095 48077 62246 12802 50963 61150 45383 85794 54762 38720 89657 56282 31419 45921 41380 45437 45576 34649 58510 55589 61066 48325 56222 61150 34649 50963 41380 20631
60939 67890 68331 87616 66411 113670 48186 51069 88486 76294 69521 62522 83008 118278 82339 8077 112995 48796 28088 73137 64460 0 67826 18658 111777 32703 5687 36896 81442 34808 109753 47946 53748 52150 65086 5389 45946 22163 119191 67745 25414 90631 94857 48199 104004 105283 64953 38348 45574 119077 22417 69689 60939 5389 38348 65086 104004 81442
82958 3235 12407 96385 15277 130912 45827 60829 113984 30242 10853 5339 107566 67987 24785 75870 139433 40972 76006 95494 30875 67826 0 50583 85730 57750 62780 61508 48044 62046 88851 72038 39829 28737 22658 66823 68871 84948 65051 8401 89705 87157 39834 70143 44973 69751 16883 54439 39859 72987 54139 18238 82958 66823 54439 22658 44973 48044
66538 50280 52933 91055 51599 120689 42629 50853 97006 63799 51270 45245 90990 106888 67832 26212 122598 31511 29906 79857 53238 18658 50583 0 106599 33954 15228 27119 72474 25710 105885 52643 36277 40436 46429 19977 49836 34618 106784 49658 39235 90638 81512 52102 89928 97298 46388 37276 28024 108827 9680 51095 66538 19977 37276 46429 89928 72474
66420 88962 73392 49826 71040 74474 64320 62002 76032 55506 96508 86725 72472 41497 64143 117676 91011 119420 135939 66942 58319 111777 85730 106599 0 79549 106593 131292 38118 130576 7972 71127 120559 69234 107862 107005 71091 133871 49264 94129 136544 33562 54254 69551 59416 18678 102179 73527 116680 33706 115688 103966 66420 107005 73527 107862 59416 38118
32890 59365 52310 57199 49202 87024 18935 18390 64235 52922 64346 53470 57997 90983 62429 38141 90205 61068 59253 46417 40325 32703 57750 33954 79549 0 28038 61037 52611 59532 77177 19018 64923 31479 66343 27656 16017 54516 93317 61732 57010 58270 71606 18237 81675 74742 63412 6412 57399 90384 43514 68004 32890 27656 6412 66343 81675 52611
57754 62980 62881 84004 60892 111135 42752 46417 86362 70616 64962 57507 80684 112601 76763 13544 111315 46501 31486 70365 58773 5687 62780 15228 106593 28038 0 37384 75844 35444 104749 44377 51350 46472 61260 4749 42137 27610 113505 63077 31039 86257 89197 44424 98376 99786 60758 33380 43099 113439 21232 65538 57754 4749 33380 61260 98376 75844
93398 59812 68523 118173 68463 147448 68576 77874 123274 83276 57184 56774 117410 126137 83961 40412 148519 23379 19639 106563 74850 36896 61508 27119 131292 61037 37384 0 95236 2229 131277 79553 27506 62589 46736 41236 76829 36245 124678 56876 41060 117439 98871 79109 105719 120207 49865 64338 22673 129362 17528 53352 93398 41236 64338 46736 105719 95236
56529 51276 35637 57190 33063 90954 33971 40127 80762 18351 58891 48698 75045 38550 29386 88490 103266 81693 102373 64651 20631 81442 48044 72474 38118 52611 75844 95236 0 94765 40808 53217 82610 32671 69857 77450 51473 103394 41808 56398 106854 43669 26706 51068 36346 24990 64217 46224 79109 37881 80838 66246 56529 77450 46224 69857 36346 0
91761 60448 68712 116710 68535 145761 67564 76550 121483 83154 58077 57225 115650 126125 84169 38212 146665 24748 17717 104873 74468 34808 62046 25710 130576 59532 35444 2229 94765 0 130434 77942 29049 62095 47935 39220 75255 34102 124806 57667 38943 116228 99005 77541 106018 119751 50869 62983 23761 129211 16045 54479 91761 39220 62983 47935 106018 94765
61150 92083 76445 42683 73834 66504 63278 59134 68661 58895 99695 89398 65359 49137 68482 115267 83095 120703 134779 60522 60095 109753 88851 105885 7972 77177 104749 131277 40808 130434 0 67108 122156 70111 110549 104815 67402 131690 56803 97206 134115 26903 59810 65695 65741 25201 104953 71409 117806 41525 115189 107053 61150 104815 71409 110549 65741 40808
13910 74147 64247 39678 60783 68081 26738 13443 45337 59690 80012 68455 39042 91150 71053 51368 71371 79979 75796 27399 48077 47946 72038 52643 71127 19018 44377 79553 53217 77942 67108 0 83723 43568 83651 42562 3275 68086 94992 77258 69542 44167 76923 2198 87205 70814 80164 18615 76320 88770 62043 84536 13910 42562 18615 83651 87205 53217
97317 37310 49916 118322 51104 150777 64572 77619 129060 67182 32599 36329 122751 107654 64387 60039 155083 5006 46512 110922 62246 53748 39829 36277 120559 64923 51350 27506 82610 29049 122156 83723 0 52412 20373 56071 80547 61266 104880 33151 66307 113724 79543 82592 84693 106621 24766 65623 8255 112234 31748 27228 97317 56071 65623 20373 84693 82610
54221 31138 21028 69139 17779 103293 17097 32093 85383 24145 37749 25824 78948 66656 31515 59890 110996 50655 70270 66843 12802 52150 28737 40436 69234 31479 46472 62589 32671 62095 70111 43568 52412 0 44489 49149 40475 73205 67115 34914 77170 62098 42805 41604 52260 57660 39786 26923 47701 68391 48354 43474 54221 49149 26923 44489 52260 32671
96234 19575 34603 113552 36823 147463 60072 74721 128115 52601 13124 21160 121670 90099 47219 72486 154084 23493 64516 109542 50963 65086 22658 46429 107862 66343 61260 46736 69857 47935 110549 83651 20373 44489 0 65916 80376 77255 86593 14569 82293 106273 62014 82095 65988 92291 5776 65051 24206 95439 45745 6858 96234 65916 65051 0 65988 69857
55559 67142 66374 82230 64234 108396 43856 45957 83310 73237 69352 61587 77776 114711 79916 11040 107972 51208 33442 67808 61150 5389 66823 19977 107005 27656 4749 41236 77450 39220 104815 42562 56071 49149 65916 0 40585 26885 115904 67408 29672 85371 91954 42832 101311 100990 65311 33484 47824 115223 25644 70102 55559 0 33484 65916 101311 77450
16892 70954 61236 41888 57792 71007 23772 11361 48523 57174 76778 65246 42203 89658 68376 49774 74571 76839 73615 30463 45383 45946 68871 49836 71091 16017 42137 76829 51473 75255 67402 3275 80547 40475 80376 40585 0 66513 93281 74029 68176 45318 74655 2300 84941 69923 76894 15342 73185 87554 59304 81272 16892 40585 15342 80376 84941 51473
80111 84397 87486 107319 86009 130632 70334 72735 104706 97227 84475 79625 99832 139756 102200 16740 127638 56398 17727 91202 85794 22163 84948 34618 133871 54516 27610 36245 103394 34102 131690 68086 61266 73205 77255 26885 66513 0 140290 83207 5060 111731 115454 68673 124199 127395 78576 60364 54143 140869 31672 82963 80111 26885 60364 77255 124199 103394
97255 67653 56184 91656 56295 121632 74382 81934 117501 43077 73475 68856 112508 7980 40843 126806 136772 105834 135988 103537 54762 119191 65051 106784 49264 93317 113505 124678 41808 124806 56803 94992 104880 67115 86593 115904 93281 140290 0 72211 144285 75410 25807 92853 20837 32556 81072 87070 104369 16539 113523 80560 97255 115904 87070 86593 20837 41808
88823 5178 20771 103571 23470 137966 51740 66771 120240 38643 2838 9103 113797 75567 32656 75647 145906 35003 72761 101670 38720 67745 8401 49658 94129 61732 63077 56876 56398 57667 97206 77258 33151 34914 14569 67408 74029 83207 72211 0 88107 94905 47459 75470 51746 78115 8888 59124 34484 80870 51733 9849 88823 67408 59124 14569 51746 56398
81080 89215 91962 108374 90396 130580 73483 75012 104518 101263 89410 84375 99859 143570 106550 18869 126887 61446 22107 91692 89657 25414 89705 39235 136544 57010 31039 41060 106854 38943 134115 69542 66307 77170 82293 29672 68176 5060 144285 88107 0 113491 119618 70275 128483 130616 83570 63037 59202 144477 36667 87975 81080 29672 63037 82293 128483 106854
35566 90206 75364 16674 72055 47613 49619 40061 43078 60776 97671 86079 39065 68776 72718 95002 61504 111271 117511 33623 56282 90631 87157 90638 33562 58270 86257 117439 43669 116228 26903 44167 113724 62098 106273 85371 45318 111731 75410 94905 113491 0 69399 43252 77935 43396 101212 53616 107948 62816 100299 104344 35566 85371 53616 106273 77935 43669
82210 42636 30390 83697 30527 116990 53020 63481 107461 18866 49046 43302 101709 28154 15178 102664 129828 80271 110427 91127 31419 94857 39834 81512 54254 71606 89197 98871 26706 99005 59810 76923 79543 42805 62014 91954 74655 115454 25807 47459 119618 69399 0 74725 10286 35798 56341 65722 78694 33616 87936 56418 82210 91954 65722 62014 10286 26706
14752 72291 62212 39593 58737 68799 24698 11245 46527 57503 78234 66628 40176 89056 68890 51935 72589 78927 75898 28351 45921 48199 70143 52102 69551 18237 44424 79109 51068 77541 65695 2198 82592 41604 82095 42832 2300 68673 92853 75470 70275 43252 74725 0 85008 68889 78523 17175 75279 86746 61583 82859 14752 42832 17175 82095 85008 51068
92332 47383 37495 92766 38367 125526 63194 73763 117011 28771 52865 49168 111360 25886 22149 111895 138889 85941 118302 100977 41380 104004 44973 89928 59416 81675 98376 105719 36346 106018 65741 87205 84693 52260 65988 101311 84941 124199 20837 51746 128483 77935 10286 85008 0 40752 60551 75860 84713 33255 95825 59839 92332 101311 75860 65988 0 36346
69750 72943 57715 59940 55835 89084 57137 59284 86180 39761 80311 71422 81608 25482 46788 111979 104417 106038 127161 73757 45437 105283 69751 97298 18678 74742 99786 120207 24990 119751 25201 70814 106621 57660 92291 100990 69923 127395 32556 78115 130616 43396 35798 68889 40752 0 86531 68367 103609 19612 105781 87845 69750 100990 68367 92291 40752 24990
92429 13815 28863 108925 31159 143021 55846 70679 124200 46861 7850 15570 117748 84455 41489 72599 150089 27164 66819 105604 45576 64953 16883 46388 102179 63412 60758 49865 64217 50869 104953 80164 24766 39786 5776 65311 76894 78576 81072 8888 83570 101212 56341 78523 60551 86531 0 61651 27200 89718 46905 4820 92429 65311 61651 5776 60551 64217
31762 56320 47948 54057 44686 85278 12766 13606 63667 47179 61831 50513 57290 84636 57142 44181 89734 62107 64103 45347 34649 38348 54439 37276 73527 6412 33380 64338 46224 62983 71409 18615 65623 26923 65051 33484 15342 60364 87070 59124 63037 53616 65722 17175 75860 68367 61651 0 58489 83978 46954 66083 31762 33484 0 65051 75860 46224
90029 37828 48436 111765 49062 143763 58444 70881 121626 64816 34610 35569 115360 106555 63545 52011 147603 3681 40423 103630 58510 45574 39859 28024 116680 57399 43099 22673 79109 23761 117806 76320 8255 47701 24206 47824 73185 54143 104369 34484 59202 107948 78694 75279 84713 103609 27200 58489 0 110580 23795 30719 90029 47824 58489 24206 84713 79109
88810 75926 62344 79431 61519 107515 71849 76504 105732 46094 82571 75932 101212 8598 48232 126261 123370 112504 138631 93310 55589 119077 72987 108827 33706 90384 113439 129362 37881 129211 41525 88770 112234 68391 95439 115223 87554 140869 16539 80870 144477 62816 33616 86746 33255 19612 89718 83978 110580 0 116511 89989 88810 115223 83978 95439 33255 37881
75904 53279 58385 100674 57536 129995 52028 60533 106013 70892 52888 48900 100082 114111 73684 28298 131426 26747 22497 89121 61066 22417 54139 9680 115688 43514 21232 17528 80838 16045 115189 62043 31748 48354 45745 25644 59304 31672 113523 51733 36667 100299 87936 61583 95825 105781 46905 46954 23795 116511 0 51315 75904 25644 46954 45745 95825 80838
96634 15004 30620 112530 33283 146765 59852 74773 128322 48469 7543 18268 121869 84358 41948 77298 154150 30235 70790 109723 48325 69689 18238 51095 103966 68004 65538 53352 66246 54479 107053 84536 27228 43474 6858 70102 81272 82963 80560 9849 87975 104344 56418 82859 59839 87845 4820 66083 30719 89989 51315 0 96634 70102 66083 6858 59839 66246
0 85319 74004 27309 70447 54171 37151 22128 31954 66594 91627 79832 25547 92431 78643 63576 58012 93675 88977 13606 56222 60939 82958 66538 66420 32890 57754 93398 56529 91761 61150 13910 97317 54221 96234 55559 16892 80111 97255 88823 81080 35566 82210 14752 92332 69750 92429 31762 90029 88810 75904 96634 0 55559 31762 96234 92332 56529
55559 67142 66374 82230 64234 108396 43856 45957 83310 73237 69352 61587 77776 114711 79916 11040 107972 51208 33442 67808 61150 5389 66823 19977 107005 27656 4749 41236 77450 39220 104815 42562 56071 49149 65916 0 40585 26885 115904 67408 29672 85371 91954 42832 101311 100990 65311 33484 47824 115223 25644 70102 55559 0 33484 65916 101311 77450
31762 56320 47948 54057 44686 85278 12766 13606 63667 47179 61831 50513 57290 84636 57142 44181 89734 62107 64103 45347 34649 38348 54439 37276 73527 6412 33380 64338 46224 62983 71409 18615 65623 26923 65051 33484 15342 60364 87070 59124 63037 53616 65722 17175 75860 68367 61651 0 58489 83978 46954 66083 31762 33484 0 65051 75860 46224
96234 19575 34603 113552 36823 147463 60072 74721 128115 52601 13124 21160 121670 90099 47219 72486 154084 23493 64516 109542 50963 65086 22658 46429 107862 66343 61260 46736 69857 47935 110549 83651 20373 44489 0 65916 80376 77255 86593 14569 82293 106273 62014 82095 65988 92291 5776 65051 24206 95439 45745 6858 96234 65916 65051 0 65988 69857
92332 47383 37495 92766 38367 125526 63194 73763 117011 28771 52865 49168 111360 25886 22149 111895 138889 85941 118302 100977 41380 104004 44973 89928 59416 81675 98376 105719 36346 106018 65741 87205 84693 52260 65988 101311 84941 124199 20837 51746 128483 77935 10286 85008 0 40752 60551 75860 84713 33255 95825 59839 92332 101311 75860 65988 0 36346
56529 51276 35637 57190 33063 90954 33971 40127 80762 18351 58891 48698 75045 38550 29386 88490 103266 81693 102373 64651 20631 81442 48044 72474 38118 52611 75844 95236 0 94765 40808 53217 82610 32671 69857 77450 51473 103394 41808 56398 106854 43669 26706 51068 36346 24990 64217 46224 79109 37881 80838 66246 56529 77450 46224 69857 36346 0
