StringID  Type  x          y          demand  ReadyTime  DueDate  ServiceTime
D0        d     20913.02    -12255.40   0.0     0.0        86400.0  0.0
D1        d     -36524.99   1202.69     0.0     0.0        86400.0  0.0
C001      c     -61591.50   -26441.52   755.0   1302.0     22678.0  1510.0
C002      c     -30059.49   -44096.76   687.0   3375.0     23212.0  1374.0
C003      c     13069.01    6082.58     546.0   2248.0     22620.0  1092.0
C004      c     -38421.06   12158.54    185.0   5109.0     23679.0  370.0
C005      c     6694.21     -25217.59   510.0   5267.0     26004.0  1020.0
C006      c     31034.67    -27985.36   161.0   1201.0     21130.0  322.0
C007      c     12635.93    9762.92     664.0   5159.0     24663.0  1328.0
C008      c     -67915.18   20667.81    480.0   3902.0     24817.0  960.0
C009      c     -41105.43   -2897.30    414.0   4020.0     23358.0  828.0
C010      c     63534.85    16367.04    379.0   2076.0     21454.0  758.0
C011      c     -45233.31   33073.60    334.0   4603.0     24146.0  668.0
C012      c     24096.88    -29950.40   700.0   3433.0     22883.0  1400.0
C013      c     3186.16     -50112.81   285.0   4229.0     24497.0  570.0
C014      c     -50929.97   37857.78    605.0   3117.0     24086.0  1210.0
C015      c     19163.79    -47679.03   477.0   5317.0     24697.0  954.0
C016      c     11517.24    -41625.49   536.0   2498.0     21750.0  1072.0
C017      c     -3046.51    23835.94    713.0   1305.0     22270.0  1426.0
C018      c     -39798.59   -55256.31   100.0   3205.0     23046.0  200.0
C019      c     29269.12    -3898.40    107.0   2210.0     22237.0  214.0
C020      c     -26940.15   27432.79    737.0   901.0      21665.0  1474.0
C021      c     49714.58    40724.26    380.0   2785.0     23190.0  760.0
C022      c     -20607.41   -40165.43   135.0   1687.0     20835.0  270.0
C023      c     50099.01    -57798.04   407.0   2604.0     21526.0  814.0
C024      c     -36872.30   28380.08    567.0   2849.0     22608.0  1134.0
C025      c     72678.53    -45293.64   276.0   2398.0     22292.0  552.0
C026      c     18359.87    -70877.06   474.0   2064.0     23004.0  948.0
C027      c     64398.53    49061.96    406.0   4138.0     23247.0  812.0
C028      c     -26710.10   32015.66    256.0   740.0      20907.0  512.0
C029      c     27901.06    8393.86     609.0   2897.0     23732.0  1218.0
C030      c     -24795.74   35497.67    353.0   3516.0     22540.0  706.0
C031      c     -32124.88   -18241.38   355.0   1908.0     21874.0  710.0
C032      c     66350.22    -22171.21   540.0   3575.0     24598.0  1080.0
C033      c     59302.22    -1739.41    151.0   1692.0     21542.0  302.0
C034      c     -32002.40   -59812.92   560.0   37462.0    58085.0  1120.0
C035      c     79441.17    -1261.46    156.0   33775.0    53864.0  312.0
C036      c     -8072.15    27394.94    284.0   33667.0    52653.0  568.0
C037      c     -20846.77   -45827.95   514.0   35593.0    55435.0  1028.0
C038      c     36195.21    9333.04     599.0   36406.0    56237.0  1198.0
C039      c     77203.04    -16042.36   331.0   35699.0    54773.0  662.0
C040      c     65844.16    -5736.55    349.0   33129.0    53044.0  698.0
C041      c     34980.48    61880.52    725.0   34834.0    54326.0  1450.0
C042      c     68253.10    16198.83    147.0   35205.0    54003.0  294.0
C043      c     -52861.54   23124.10    287.0   36545.0    56965.0  574.0
C044      c     -40478.87   36399.91    771.0   33658.0    54260.0  1542.0
C045      c     -61012.54   28792.31    536.0   36554.0    56261.0  1072.0
C046      c     -50202.00   19124.58    633.0   33689.0    53410.0  1266.0
C047      c     -69331.63   40155.09    363.0   37063.0    57237.0  726.0
C048      c     71441.28    11218.38    489.0   37745.0    56729.0  978.0
C049      c     60256.11    9781.59     342.0   34636.0    53978.0  684.0
C050      c     72800.07    29957.58    266.0   36017.0    55736.0  532.0
C051      c     68471.79    -27655.13   355.0   33522.0    53205.0  710.0
C052      c     17415.49    -22183.61   338.0   33571.0    52578.0  676.0
C053      c     7640.39     68487.10    502.0   36018.0    56098.0  1004.0
C054      c     76858.85    -11635.56   648.0   36791.0    57773.0  1296.0
C055      c     15119.11    -35868.20   780.0   37068.0    58221.0  1560.0
C056      c     39520.69    -48521.99   458.0   33121.0    52719.0  916.0
C057      c     -52226.05   -22735.55   603.0   35145.0    55848.0  1206.0
C058      c     57863.89    -876.30     423.0   33934.0    53774.0  846.0
C059      c     -51757.91   -38468.83   199.0   35309.0    54689.0  398.0
C060      c     59196.68    31299.15    477.0   36295.0    56448.0  954.0
C061      c     -87304.80   -72304.91   247.0   33251.0    52266.0  494.0
C062      c     9924.11     40328.48    620.0   36249.0    57334.0  1240.0
C063      c     -127364.56  2135.59     403.0   36903.0    57324.0  806.0
C064      c     62368.75    23222.36    730.0   35404.0    56271.0  1460.0
C065      c     32650.24    46541.44    828.0   34164.0    54895.0  1656.0
C066      c     66661.64    -64779.87   641.0   36712.0    56390.0  1282.0
C067      c     -55684.93   -29523.69   159.0   65698.0    84060.0  318.0
C068      c     24898.84    3552.22     387.0   67387.0    86358.0  774.0
C069      c     53460.74    10718.45    734.0   65648.0    85692.0  1468.0
C070      c     -26539.87   16353.47    481.0   66017.0    85492.0  962.0
C071      c     67350.06    -17280.21   325.0   66902.0    86123.0  650.0
C072      c     -55905.60   -27061.19   214.0   66470.0    86167.0  428.0
C073      c     46200.83    -14648.03   649.0   66790.0    86093.0  1298.0
C074      c     41975.37    -11394.34   270.0   66325.0    85822.0  540.0
C075      c     67546.60    20020.82    569.0   66209.0    86026.0  1138.0
F1        f     20913.02    -12255.40   0.0     0.0        86400.0  0.0
F2        f     -19993.68   -2937.48    0.0     0.0        86400.0  0.0
F3        f     72678.53    -45293.64   0.0     0.0        86400.0  0.0
F4        f     -56470.58   -7717.01    0.0     0.0        86400.0  0.0
F5        f     12504.94    -68564.30   0.0     0.0        86400.0  0.0
F6        f     -54096.46   -52469.01   0.0     0.0        86400.0  0.0
F7        f     -50929.97   37857.78    0.0     0.0        86400.0  0.0
F8        f     6694.21     -25217.59   0.0     0.0        86400.0  0.0

m numVeh /10/
m numPetrolVeh /5/
m numElectroVeh /5/

DistanceMatrix
0 58994 83715 60100 19945 64161 19240 18705 23523 94733 62721 51341 80188 17979 41802 87594 35467 30836 43320 74397 11818 62170 60302 50029 54092 70643 61410 58677 75172 65022 21800 66103 53375 46507 39803 71146 59552 49115 53582 26450 56417 45402 75459 55233 81819 78335 91634 77731 104360 55715 45094 66889 49990 10526 81826 55949 24313 40762 73886 38663 77254 57988 123762 53720 148974 54564 59957 69655 78520 16302 39839 55410 46708 78232 25401 21080 56714 0 41955 61410 77517 56933 85109 87594 19240
58994 0 37317 45759 49834 11119 50655 73595 49901 36936 6147 101202 33039 68158 64886 39384 74099 64361 40411 56554 65992 27926 94864 44325 104808 27180 118690 90597 111696 32338 64826 36245 19936 105497 95872 61183 115992 38673 49575 73173 115028 102604 93781 105846 27339 35419 36889 22545 50927 108430 97161 113043 108890 58792 80485 114108 63572 90860 28628 94412 42496 100342 89342 60732 90844 101316 82709 122479 36211 61469 90487 18145 105507 34270 84231 79505 105759 58994 17042 118690 21849 85272 56475 39384 50655
83715 37317 0 36138 81437 45020 68297 92639 82586 47532 31209 132247 61722 85760 68967 65177 83501 74669 77171 36128 93615 64056 130001 43221 116009 60137 135587 91470 146882 68073 96033 72044 30586 128013 123392 44600 143263 75912 45122 104125 139184 129107 130870 136667 50329 66293 55237 46968 67045 138261 127118 145746 130069 79122 117493 139240 77288 103495 10072 122160 15536 133880 52580 97840 71713 133539 119197 133861 6662 91543 120904 55318 129267 5720 108436 104654 137242 83715 47779 135587 19412 85233 27085 65177 68297
60100 45759 36138 0 66167 56873 41319 63183 68730 75017 42655 111426 78648 55973 33786 84570 49353 41650 73106 14812 71664 71598 116441 10237 81321 72796 102745 55332 132668 76186 78196 79768 25938 98871 98892 15836 117581 74796 9374 85114 110871 103291 124344 115330 70983 81168 79189 66353 92955 115595 105166 126744 99894 52288 118728 111737 45922 69721 30784 97972 22416 116838 63818 93415 107730 114345 110217 98908 29479 72738 99902 60553 101033 30955 81749 79110 116782 60100 42372 102745 44956 49096 25453 84570 41319
19945 49834 81437 66167 0 51847 31943 38515 3706 82287 54914 51503 64247 37683 57058 71453 54106 47733 23977 80978 19028 45349 50428 57210 73837 54693 78694 77141 66947 47486 15011 47948 51324 60309 46890 79835 66777 30019 62008 23354 67843 54082 59946 56104 68097 61535 77484 64601 89167 58598 47332 64326 64867 28598 62640 66205 42001 60674 71372 45332 78660 52570 127356 34390 140489 52194 44948 88846 77427 12097 40657 40919 59095 76525 39083 33779 56232 19945 34271 78694 70896 74649 89104 71453 31943
64161 11119 45020 56873 51847 0 58586 80222 51113 30697 15293 102043 21997 75377 74892 28582 83045 73393 37252 67429 69569 19108 92649 55273 112826 16295 125075 100593 109242 23053 66429 27025 31045 110252 98707 72257 118624 33959 60591 74670 119014 105790 88657 106751 18132 24329 28055 13686 41705 109866 98706 112636 114067 65552 72764 117710 71924 98778 37526 97163 52355 99477 97589 55954 89506 101395 78951 130238 45116 63902 91893 12600 109791 42941 88766 83775 106259 64161 23821 125075 26848 95444 66501 28582 58586
19240 50655 68297 41319 31943 58586 0 24497 35482 87590 52754 70428 78066 18035 25141 85434 25691 17102 50011 55353 31051 62477 78734 31126 54272 69071 68971 47126 94060 66268 39742 68396 39441 59734 57609 51906 76590 54645 34399 45432 71103 62275 91576 74194 76706 77602 86610 72135 100267 74295 63983 86106 61826 11142 93709 71467 13580 40258 58973 56664 59935 77140 105133 65626 136821 73798 76309 71842 62528 34046 58979 53223 61173 62627 40896 37893 75826 19240 34766 68971 65544 43734 66619 85434 0
18705 73595 92639 63183 38515 80222 24497 0 41993 110264 76378 54985 97699 7211 35569 105136 22995 23811 62024 75902 24152 80201 71204 53059 35387 88252 45098 44725 83961 83274 36514 84541 63907 35791 38573 70616 55293 67796 54864 37674 47688 41312 89952 57771 98238 96227 108150 93908 121312 56299 47752 71426 37439 14803 99268 48654 17761 22221 83426 38141 83454 65633 126366 71501 161238 60034 74544 51216 86733 32129 44732 72669 37860 86945 20196 19874 60313 18705 56844 45098 89822 44609 88582 105136 24497
23523 49901 82586 68730 3706 51113 35482 41993 0 81286 55212 51326 62388 41334 60617 69498 57812 51401 21071 83528 21524 43342 48306 59983 77253 52893 81464 80843 64991 45203 15326 45425 52799 62490 48063 82664 67709 27198 64896 23563 69533 55420 56706 55988 66846 59420 76067 63531 87421 58823 47620 63463 67214 32302 58936 67694 45699 64187 72548 46462 80454 51300 129319 30686 140208 51522 41872 92062 78811 13746 40836 39726 61033 77807 41503 36172 55861 23523 35014 81464 71283 78327 91247 69498 35482
94733 36936 47532 75017 82287 30697 87590 110264 81286 0 35694 131520 25853 105016 100326 24166 110698 100945 64946 80963 100241 41530 119327 77063 141719 31987 155298 125793 135326 42739 96599 45598 52867 140934 129176 88130 148979 60220 81469 104726 149689 136341 110842 136242 15253 31627 10661 17780 19539 139676 128633 141022 144695 95486 89417 148334 100454 127788 46152 127611 61304 127556 94973 80284 62271 130309 103840 159412 51660 94379 121783 41600 140487 49217 119456 114472 135463 94733 53420 155298 30605 120124 74431 24166 87590
62721 6147 31209 42655 54914 15293 52754 76378 55212 35694 0 106399 36207 70592 64738 41923 75085 65338 46510 52375 70382 33475 100753 42533 106453 31563 121426 90318 117605 37764 69924 41715 17779 109171 100414 57639 120558 44820 47471 78262 119036 106987 99926 111013 28554 39302 37424 23827 51480 113428 102151 118549 112339 61617 86440 118287 65179 92640 22743 98990 37132 105971 83377 66877 86406 106720 88792 124271 30357 66319 95541 24140 109405 28336 88093 83514 111043 62721 21112 121426 16103 84772 51246 41923 52754
51341 101202 132247 111426 51503 102043 70428 54985 51326 131520 106399 0 110044 60833 89786 116465 77915 77904 66999 125729 39810 91149 28005 101370 75372 101123 62335 98246 32706 91592 36515 90379 101728 38641 18595 122191 23744 72451 104826 28230 35174 22224 53729 4721 116592 105925 125166 113770 134979 9435 7357 16448 44298 60109 76424 31011 71222 69190 122187 18152 127669 15550 174972 58722 191429 6954 43178 81207 127747 40706 11550 90075 33863 127091 35530 35150 5426 51341 85730 62335 122398 99083 136292 116465 70428
80188 33039 61722 78648 64247 21997 78066 97699 62388 25853 36207 110044 0 93695 96252 7439 103286 93811 43186 88497 83172 19143 95256 77268 131704 9588 141579 121860 110792 18553 77186 20581 52963 124511 110180 93824 129316 37593 82584 84819 131921 117662 85230 114734 12537 5803 16350 14808 25117 118704 108030 118075 128906 83536 63638 130021 91626 117648 56246 108543 71839 104445 113466 55632 87765 108052 79039 148646 63464 76092 101194 25080 123331 61074 103139 97892 113533 80188 43975 141579 42310 116893 86001 7439 78066
17979 68158 85760 55973 37683 75377 18035 7211 41334 105016 70592 60833 93695 0 29048 101129 18402 17163 60247 68724 26560 76796 75174 45857 38100 84378 50947 41327 88697 80132 38533 81694 57428 42963 45114 63552 62338 65752 47666 41104 54897 48261 92474 63871 93485 92587 103413 89043 116806 62740 53723 77207 44434 10245 99804 55850 10753 24141 76663 44559 76332 70594 119182 71694 154823 65514 76969 54999 79783 33512 50162 68616 45071 80055 26884 25768 66219 17979 51708 50947 83579 40316 81371 101129 18035
41802 64886 68967 33786 57058 74892 25141 35569 60617 100326 64738 89786 96252 29048 0 103283 16162 11893 74211 43291 53067 83192 102060 25789 47538 88124 69659 25718 116544 87401 63513 90067 47567 69068 74088 36501 90561 78321 24412 67996 81482 76781 116419 92903 92223 96908 101723 87431 115789 91762 82730 106101 69040 31345 118684 83115 18582 36369 61806 73579 56164 98818 93172 90692 140618 94237 101045 65148 62368 57891 78918 72811 72076 63429 55750 54806 95189 41802 52563 69659 73187 20671 57331 103283 25141
87594 39384 65177 84570 71453 28582 85434 105136 69498 24166 41923 116465 7439 101129 103283 0 110588 101080 49894 93777 90418 26157 100685 83708 139129 16954 148974 128935 115871 24915 84157 26241 59167 131750 117128 99488 136114 44116 88929 91676 139008 124646 89206 121135 14860 10552 13559 18747 18545 125237 114676 123982 136194 90973 66096 137039 98985 125071 60607 115483 76331 110322 116013 60904 84370 114240 84030 156084 67549 83228 107861 32516 130500 65109 110414 105153 119812 87594 51199 148974 45910 123894 90382 0 85434
35467 74099 83501 49353 54106 83045 25691 22995 57812 110698 75085 77915 103286 18402 16162 110588 0 9753 74885 59447 44932 88133 93533 40475 32548 94472 53568 23212 106794 91955 56750 94079 59136 53640 61004 52585 76079 79862 40053 59502 66102 62755 110695 80561 100999 103085 110798 96303 124685 78752 70642 94363 53219 25555 116736 68028 12484 20374 75622 60730 71517 88545 109279 88491 154765 83028 95181 50483 77019 51551 67724 78670 56974 77849 42685 42860 83212 35467 59457 53568 85543 21921 73417 110588 25691
30836 64361 74669 41650 47733 73393 17102 23811 51401 100945 65338 77904 93811 17163 11893 101080 9753 0 67062 53095 41695 79044 90777 32158 41834 85102 61271 30041 104979 82972 52634 85244 49512 58182 62244 47167 79012 71747 32636 56620 70492 65111 106132 81010 91308 93763 101090 86602 114998 79896 70839 94232 58643 20317 110181 71895 6791 28840 66483 61713 63354 87128 103475 81969 145613 82408 90664 59808 68283 47118 67076 69353 60910 68978 43940 42914 83304 30836 49897 61271 75975 26957 66504 101080 17102
43320 40411 77171 73106 23977 37252 50011 62024 21071 64946 46510 66999 43186 60247 74211 49894 74885 67062 0 87214 42585 24163 55398 66367 97409 34130 102534 97102 72008 25037 34586 24678 51147 83262 67390 88519 86221 6158 71902 41836 89612 74970 53791 71707 49820 39485 58178 47390 68264 75549 64844 76093 88126 50364 45912 87425 62407 83950 67731 65733 79087 62689 127838 20982 126198 65418 42306 112747 74954 34531 58010 24656 81524 73380 62501 57168 70696 43320 31686 102534 62046 93700 91807 49894 50011
74397 56554 36128 14812 80978 67429 55353 75902 83528 80963 52375 125729 88497 68724 43291 93777 59447 53095 87214 0 86070 83683 131244 24414 89934 83688 112917 60220 147443 88248 92922 91986 37802 111185 112628 9030 130895 88531 21168 99734 123398 116673 138971 129542 79461 91659 86684 75105 99878 129589 119335 141209 111733 66085 132525 124546 58240 79605 34814 111782 20612 131499 50473 107744 104698 128830 124946 106885 30241 87431 114236 72827 113679 32472 95105 92795 131109 74397 55942 112917 50378 53970 14567 93777 55353
11818 65992 93615 71664 19028 69569 31051 24152 21524 100241 70382 39810 83172 26560 53067 90418 44932 41695 42585 86070 0 64352 49084 61668 57785 73597 59983 67861 63552 66509 12368 66896 63047 41339 30111 82950 50241 48720 65343 14935 49448 36621 66026 43859 86462 80553 96018 82739 107995 44800 33872 55147 45839 21791 75548 48215 34961 45786 83644 28754 88094 46201 135163 48273 156750 42792 50553 71448 88735 8638 28265 59370 40364 88268 20056 14753 45136 11818 49272 59983 85825 66804 96483 90418 31051
62170 27926 64056 71598 45349 19108 62477 80201 43342 41530 33475 91149 19143 76796 83192 26157 88133 79044 24163 83683 64352 0 77799 67894 114888 9977 123341 108245 93865 4589 58052 8345 45968 105658 91043 87392 110183 18868 73514 65679 112853 98535 70858 95854 26277 16239 34100 24701 44259 99709 88965 99772 110173 66552 53677 110908 76000 100927 56180 89404 70420 86224 116583 39055 103562 89408 62579 131394 63799 57075 82120 11087 104355 61714 84382 79101 94777 62170 31155 123341 45908 103785 84391 26157 62477
60302 94864 130001 116441 50428 92649 78734 71204 48306 119327 100753 28005 95256 75174 102060 100685 93533 90777 55398 131244 49084 77799 0 107184 98523 87462 89030 115922 16886 76919 39001 74693 100869 65058 43533 129558 51444 59304 111670 34179 63072 49181 25781 30744 104075 90297 111368 102225 119048 36642 32689 25473 70905 70715 50408 58978 84043 89827 120079 42391 128718 13369 177623 39792 181235 21597 18029 106857 126664 44694 30239 80054 60626 125501 55484 52690 27324 60302 82253 89030 116713 115449 139505 100685 78734
50029 44325 43221 10237 57210 55273 31126 53059 59983 77063 42533 101370 77268 45857 25789 83708 40475 32158 66367 24414 61668 67894 107184 0 72872 70449 93427 49615 123238 72439 68637 75779 24765 88800 88669 22713 107346 68713 5668 75343 100741 93055 116204 105229 71034 79102 79923 66266 93944 105419 95045 116800 89953 42061 112264 101556 35984 60706 36105 87758 31197 107126 74037 86090 114832 104418 101757 90674 36656 63103 89862 56829 90886 37652 71516 68879 106740 50029 37233 93427 48364 43623 35678 83708 31126
54092 104808 116009 81321 73837 112826 54272 35387 77253 141719 106453 75372 131704 38100 47538 139129 32548 41834 97409 89934 57785 114888 98523 72872 0 122436 25811 34328 107813 118178 69815 119638 91244 39158 56809 82126 63697 103159 71949 68556 49781 54390 120630 76191 130955 130681 140868 126402 154462 72241 68339 90644 35301 48338 133232 53358 41286 14069 108166 57449 103675 89560 138167 106032 187311 81944 105788 17974 109497 66324 68599 106639 44037 110371 43326 47109 79751 54092 89009 25811 117751 39105 104332 139129 54272
70643 27180 60137 72796 54693 16295 69071 88252 52893 31987 31563 101123 9588 84378 88124 16954 94472 85102 34130 83688 73597 9977 87462 70449 122436 0 132020 113589 103361 10793 67787 14018 46863 114936 100781 88327 120031 28817 75919 75509 122420 108234 79279 105829 16831 8793 24144 16228 34529 109665 98893 109684 119320 74188 59916 120565 82650 108397 53372 99151 68486 96113 112610 48298 94221 99375 71856 139277 60883 66574 92043 15856 113786 58617 93555 88312 104753 70643 35576 132020 41074 108795 82663 16954 69071
61410 118690 135587 102745 78694 125075 68971 45098 81464 155298 121426 62335 141579 50947 69659 148974 53568 61271 102534 112917 59983 123341 89030 93427 25811 132020 0 60042 94718 125916 69910 126604 108239 23973 45562 105683 44548 108648 93527 65689 29599 40143 113611 61652 142973 139565 152846 138742 165736 56526 56459 75251 18133 59901 131057 33917 58326 33315 126925 46823 124623 77770 162248 106157 205589 69287 100180 20394 129329 68329 59217 116810 28516 129870 40500 45737 65516 61410 101893 0 134505 64517 126978 148974 68971
58677 90597 91470 55332 77141 100593 47126 44725 80843 125793 90318 98246 121860 41327 25718 128935 23212 30041 97102 60220 67861 108245 115922 49615 34328 113589 60042 0 128472 112331 79843 114795 72933 68376 80351 51563 92613 101765 46525 82169 80432 80610 133794 100357 117935 122353 127413 113142 141485 97761 90891 114592 66177 48703 139776 83257 35159 30782 85440 80378 77245 110035 105674 111525 162992 103882 118285 48685 84810 74716 88825 98108 72613 86228 62744 63999 103353 58677 78018 60042 97922 6295 74758 128935 47126
75172 111696 146882 132668 66947 109242 94060 83961 64991 135326 117605 32706 110792 88697 116544 115871 106794 104979 72008 147443 63552 93865 16886 123238 107813 103361 94718 128472 0 92690 54644 90220 117671 71260 51056 145420 52524 75640 127557 48722 66352 54818 32090 33088 120095 105639 127039 118446 134026 38493 39498 20870 76825 85342 59990 61963 98192 100705 136953 50364 145444 18509 194278 55170 197421 25919 31848 113864 143512 60261 39873 96642 66408 142365 66258 64481 29211 75172 99126 94718 133541 128565 156044 115871 94060
65022 32338 68073 76186 47486 23053 66268 83274 45203 42739 37764 91592 18553 80132 87401 24915 91955 82972 25037 88248 66509 4589 76919 72439 118178 10793 125916 112331 92690 0 59501 3974 50548 107687 92399 91981 111245 19202 78064 66870 114488 99958 68539 96271 27622 14450 34454 26796 43392 100331 89763 99531 112340 69890 50101 112392 79736 104273 60405 90745 74803 85910 120642 37566 104996 89512 61112 134490 68019 58938 82951 15663 106195 65897 86565 81253 95017 65022 35593 125916 49642 107954 88813 24915 66268
21800 64826 96033 78196 15011 66429 39742 36514 15326 96599 69924 36515 77186 38533 63513 84157 56750 52634 34586 92922 12368 58052 39001 68637 69815 67787 69910 79843 54644 59501 0 59258 65670 49118 32996 90778 52437 40683 72913 8347 55026 40489 53953 41100 82095 73893 91223 78837 102289 43632 32385 49809 54273 32325 63417 52897 46071 58090 85962 31364 92421 38782 140658 36647 155392 37522 38442 82806 91784 5697 25665 55020 47068 90998 29425 24283 41315 21800 49217 69910 85896 78483 102117 84157 39742
66103 36245 72044 79768 47948 27025 68396 84541 45425 45598 41715 90379 20581 81694 90067 26241 94079 85244 24678 91986 66896 8345 74693 75779 119638 14018 126604 114795 90220 3974 59258 0 54237 107858 91973 95583 110529 18583 81421 66366 114281 99578 65340 95029 30672 15709 36832 30225 44779 99252 88855 97753 112637 71477 46265 112050 81770 105811 64370 90309 78727 84097 124615 35054 107858 88025 58498 135720 71986 59077 82086 19223 106190 69867 86920 81592 93630 66103 38734 126604 53580 110545 92718 26241 68396
53375 19936 30586 25938 51324 31045 39441 63907 52799 52867 17779 101728 52963 57428 47567 59167 59136 49512 51147 37802 63047 45968 100869 24765 91244 46863 108239 72933 117671 50548 65670 54237 0 98553 92904 41572 112851 51587 29803 73675 109350 98764 104511 106122 46272 55276 55197 41509 69242 107675 96538 115466 101036 49697 95410 109184 50425 77782 20597 91649 28189 103894 77251 72101 97395 103191 91611 109200 26122 61046 90352 35043 99480 25364 78408 74416 106763 53375 19529 108239 26523 67262 40673 59167 39441
46507 105497 128013 98871 60309 110252 59734 35791 62490 140934 109171 38641 124511 42963 69068 131750 53640 58182 83262 111185 41339 105658 65058 88800 39158 114936 23973 68376 71260 107687 49118 107858 98553 0 21613 105310 24670 89418 90349 43610 12464 16442 89715 38417 127527 121832 137181 123652 149312 33775 32529 52526 5880 48935 108008 14881 53031 37606 118578 22924 119227 53947 161627 84203 195234 45568 76532 42610 122256 48784 35325 100562 4992 122354 21508 26651 42209 46507 88460 23973 123668 71075 124199 131750 59734
39803 95872 123392 98892 46890 98707 57609 38573 48063 129176 100414 18595 110180 45114 74088 117128 61004 62244 67390 112628 30111 91043 43533 88669 56809 100781 45562 80351 51056 92399 32996 91973 92904 21613 0 108208 20145 73404 91475 25623 22913 7666 68111 20047 114886 106822 124128 111474 135284 17756 11560 34451 27490 46610 87182 20154 55829 50793 113487 1677 116976 33039 162706 64868 186707 25149 55149 63469 118296 34808 13759 87728 17501 117958 18392 19835 23270 39803 79305 45562 115927 81582 124229 117128 57609
71146 61183 44600 15836 79835 72257 51906 70616 82664 88130 57639 122191 93824 63552 36501 99488 52585 47167 88519 9030 82950 87392 129558 22713 82126 88327 105683 51563 145420 91981 90778 95583 41572 105310 108208 0 125889 90432 17889 97119 117651 111795 138910 125813 85520 96586 93233 81008 106710 125483 115564 137994 105495 62114 134285 119045 52856 72409 42234 107468 29084 128913 56696 108564 113717 125701 124464 98789 38449 85164 110809 76362 108074 40547 90308 88414 127607 71146 58129 105683 57556 45360 23283 99488 51906
59552 115992 143263 117581 66777 118624 76590 55293 67709 148979 120558 23744 129316 62338 90561 136114 76079 79012 86221 130895 50241 110183 51444 107346 63697 120031 44548 92613 52524 111245 52437 110529 112851 24670 20145 125889 0 92086 109744 44525 14949 14315 77225 20737 134531 125695 143633 131236 154430 14824 22136 31918 28582 65459 100101 10691 73041 61864 133407 21581 136373 38341 181250 81008 206834 29848 66892 64791 138050 54754 28609 107435 20070 137784 35835 38812 24381 59552 99449 44548 136065 94922 143019 136114 76590
49115 38673 75912 74796 30019 33959 54645 67796 27198 60220 44820 72451 37593 65752 78321 44116 79862 71747 6158 88531 48720 18868 59304 68713 103159 28817 108648 101765 75640 19202 40683 18583 51587 89418 73404 90432 92086 0 74329 47810 95701 81002 55161 77142 44993 33635 52959 42934 62574 81142 70562 80913 94284 55746 43994 93470 67380 89602 66803 71741 79035 67382 127349 22162 121937 70564 44999 118665 74207 40689 63753 21517 87661 72481 68653 63320 75977 49115 32591 108648 59793 98141 92176 44116 54645
53582 49575 45122 9374 62008 60591 34399 54864 64896 81469 47471 104826 82584 47666 24412 88929 40053 32636 71902 21168 65343 73514 111670 5668 71949 75919 93527 46525 127557 78064 72913 81421 29803 90349 91475 17889 109744 74329 0 79351 102474 95513 121317 108564 76022 84539 84744 71278 98711 108496 98337 120471 91149 44978 117811 103516 37319 60428 38960 90642 31775 111155 71538 91486 116818 108133 106743 89537 38465 67313 93376 62441 92702 39766 73943 71640 110225 53582 42899 93527 52168 40364 33906 88929 34399
26450 73173 104125 85114 23354 74670 45432 37674 23563 104726 78262 28230 84819 41104 67996 91676 59502 56620 41836 99734 14935 65679 34179 75343 68556 75509 65689 82169 48722 66870 8347 66366 73675 43610 25623 97119 44525 47810 79351 0 48224 33259 52562 32785 90118 81311 99136 86950 109936 35296 24065 42015 49091 36688 65685 45752 49873 57951 94057 23953 100104 31805 148044 40631 163718 29631 37377 80131 99759 12690 17321 63127 40974 99031 25985 21518 33123 26450 57513 65689 94221 81420 109417 91676 45432
56417 115028 139184 110871 67843 119014 71103 47688 69533 149689 119036 35174 131921 54897 81482 139008 66102 70492 89612 123398 49448 112853 63072 100741 49781 122420 29599 80432 66352 114488 55026 114281 109350 12464 22913 117651 14949 95701 102474 48224 0 15337 88627 33460 135834 128838 145306 132169 156941 27863 30888 46210 14529 60102 109472 4420 65173 49748 129602 24577 130896 50650 173863 87773 205374 41973 76822 49864 133570 55854 35775 108683 9930 133564 31034 35533 37334 56417 98076 29599 133933 83333 136259 139008 71103
45402 102604 129107 103291 54082 105790 62275 41312 55420 136341 106987 22224 117662 48261 76781 124646 62755 65111 74970 116673 36621 98535 49181 93055 54390 108234 40143 80610 54818 99958 40489 99578 98764 16442 7666 111795 14315 81002 95513 33259 15337 0 74328 22067 122164 114368 131472 118679 142753 17855 16494 36366 22076 51145 94323 12495 59000 50235 119288 9344 122072 37628 166991 72450 193369 29167 61926 59049 123835 41986 20594 94988 11641 123603 21570 24530 25814 45402 85883 40143 122331 82416 128723 124646 62275
75459 93781 130870 124344 59946 88657 91576 89952 56706 110842 99926 53729 85230 92474 116419 89206 110695 106132 53791 138971 66026 70858 25781 116204 120630 79279 113611 133794 32090 68539 53953 65340 104511 89715 68111 138910 77225 55161 121317 52562 88627 74328 0 56514 96012 79645 101536 95311 106551 62418 57906 49491 95594 85880 28127 84607 99746 110496 121511 66799 132641 39008 181547 33050 172990 47377 15515 130562 128744 59193 54397 76534 85523 127165 77347 73608 53036 75459 84991 113611 114922 132367 144950 89206 91576
55233 105846 136667 115330 56104 106751 74194 57771 55988 136242 111013 4721 114734 63871 92903 121135 80561 81010 71707 129542 43859 95854 30744 105229 76191 105829 61652 100357 33088 96271 41100 95029 106122 38417 20047 125813 20737 77142 108564 32785 33460 22067 56514 0 121312 110593 129878 118491 139655 5913 10253 14491 43855 63700 80050 29134 74392 70812 126614 19987 131876 17608 178973 63123 196123 9163 46779 80994 132103 45161 15775 94793 33491 131479 37919 38104 3887 55233 90298 61652 126996 101453 140302 121135 74194
81819 27339 50329 70983 68097 18132 76706 98238 66846 15253 28554 116592 12537 93485 92223 14860 100999 91308 49820 79461 86462 26277 104075 71034 130955 16831 142973 117935 120095 27622 82095 30672 46272 127527 114886 85520 134531 44993 76022 90118 135834 122164 96012 121312 0 18154 9928 4803 23692 124872 113902 125847 131531 83616 75619 134297 90008 116909 45864 113297 61603 112356 101455 65100 77403 115230 88660 148367 52723 80186 107044 27179 126820 50278 106019 100924 120448 81819 41946 142973 31052 112603 75603 14860 76706
78335 35419 66293 81168 61535 24329 77602 96227 59420 31627 39302 105925 5803 92587 96908 10552 103085 93763 39485 91659 80553 16239 90297 79102 130681 8793 139565 122353 105639 14450 73893 15709 55276 121832 106822 96586 125695 33635 84539 81311 128838 114368 79645 110593 18154 0 21898 19824 29096 114718 104192 113462 126385 82364 57836 126789 91180 116669 60291 105170 75714 99806 118361 50556 93398 103688 73829 147365 67655 73166 97387 24416 120452 65309 100595 95305 109260 78335 44352 139565 46926 117579 89906 10552 77602
91634 36889 55237 79189 77484 28055 86610 108150 76067 10661 37424 125166 16350 103413 101723 13559 110798 101090 58178 86684 96018 34100 111368 79923 140868 24144 152846 127413 127039 34454 91223 36832 55197 137181 124128 93233 143633 52959 84744 99136 145306 131472 101536 129878 9928 21898 0 14503 14083 133615 122750 133818 141253 93539 79303 143676 99885 126824 52272 122523 67895 120235 104460 71869 71506 123507 95330 158292 58559 89542 115891 36648 136380 56086 115680 110551 128858 91634 51859 152846 36791 121996 81555 13559 86610
77731 22545 46968 66353 64601 13686 72135 93908 63531 17780 23827 113770 14808 89043 87431 18747 96303 86602 47390 75105 82739 24701 102225 66266 126402 16228 138742 113142 118446 26796 78837 30225 41509 123652 111474 81008 131236 42934 71278 86950 132169 118679 95311 118491 4803 19824 14503 0 28429 121900 110853 123478 127561 79237 76042 130731 85388 112366 41909 109901 57614 110074 98671 63755 79011 112645 87271 143865 48956 76698 104003 23824 123060 46537 102147 97098 117752 77731 37407 138742 27564 107803 71699 18747 72135
104360 50927 67045 92955 89167 41705 100267 121312 87421 19539 51480 134979 25117 116806 115789 18545 124685 114998 68264 99878 107995 44259 119048 93944 154462 34529 165736 141485 134026 43392 102289 44779 69242 149312 135284 106710 154430 62574 98711 109936 156941 142753 106551 139655 23692 29096 14083 28429 0 143716 133100 142497 153584 106823 82021 155093 113629 140401 65175 133650 80564 128833 113887 79256 69378 132784 102182 171772 71003 101090 126271 48966 148259 68544 127872 122665 138351 104360 65507 165736 49570 136078 93869 18545 100267
55715 108430 138261 115595 58598 109866 74295 56299 58823 139676 113428 9435 118704 62740 91762 125237 78752 79896 75549 129589 44800 99709 36642 105419 72241 109665 56526 97761 38493 100331 43632 99252 107675 33775 17756 125483 14824 81142 108496 35296 27863 17855 62418 5913 124872 114718 133615 121900 143716 0 11277 18788 38987 63518 85734 23487 73412 67734 128244 18183 132841 23520 179378 68057 199013 15047 52464 76148 133495 47170 17987 98116 28791 132976 36141 37143 9626 55715 92524 56526 129306 99191 140769 125237 74295
45094 97161 127118 105166 47332 98706 63983 47752 47620 128633 102151 7357 108030 53723 82730 114676 70642 70839 64844 119335 33872 88965 32689 95045 68339 98893 56459 90891 39498 89763 32385 88855 96538 32529 11560 115564 22136 70562 98337 24065 30888 16494 57906 10253 113902 104192 122750 110853 133100 11277 0 23758 38328 53452 78834 27099 64197 61881 117088 10923 121964 21544 168856 58876 187776 13606 45971 74836 122422 35902 6860 87044 27976 121864 28184 27975 12570 45094 81251 56459 118031 91751 130198 114676 63983
66889 113043 145746 126744 64326 112636 86106 71426 63463 141022 118549 16448 118075 77207 106101 123982 94363 94232 76093 141209 55147 99772 25473 116800 90644 109684 75251 114592 20870 99531 49809 97753 115466 52526 34451 137994 31918 80913 120471 42015 46210 36366 49491 14491 125847 113462 133818 123478 142497 18788 23758 0 57775 76067 75699 41791 87522 85244 135676 34261 142116 13669 189977 63726 202089 12417 43440 94936 141585 54697 27279 100267 47551 140770 51934 51577 11240 66889 98452 75251 134649 115508 151317 123982 86106
49990 108890 130069 99894 64867 114067 61826 37439 67214 144695 112339 44298 128906 44434 69040 136194 53219 58643 88126 111733 45839 110173 70905 89953 35301 119320 18133 66177 76825 112340 54273 112637 101036 5880 27490 105495 28582 94284 91149 49091 14529 22076 95594 43855 131531 126385 141253 127561 153584 38987 38328 57775 0 51349 113771 18082 53981 35687 120798 28803 120715 59679 162049 89720 198089 51242 82391 37169 124171 53596 41205 104709 10435 124379 25791 31088 47685 49990 91854 18133 126523 69324 125055 136194 61826
10526 58792 79122 52288 28598 65552 11142 14803 32302 95486 61617 60109 83536 10245 31345 90973 25555 20317 50364 66085 21791 66552 70715 42061 48338 74188 59901 48703 85342 69890 32325 71477 49697 48935 46610 62114 65459 55746 44978 36688 60102 51145 85880 63700 83616 82364 93539 79237 106823 63518 53452 76067 51349 0 91196 60372 13876 34385 69644 45717 71065 67868 116097 62959 146808 63894 70393 65112 73468 26802 48804 58457 50175 73483 29755 26825 65531 10526 42070 59901 75289 46640 77661 90973 11142
81826 80485 117493 118728 62640 72764 93709 99268 58936 89417 86440 76424 63638 99804 118684 66096 116736 110181 45912 132525 75548 53677 50408 112264 133232 59916 131057 139776 59990 50101 63417 46265 95410 108008 87182 134285 100101 43994 117811 65685 109472 94323 28127 80050 75619 57836 79303 76042 82021 85734 78834 75699 113771 91196 0 105881 104623 121274 109113 85637 122343 63569 169815 28251 150429 71022 33273 145752 116689 67189 73734 62339 104505 114750 91643 86948 77057 81826 76584 131057 99586 137138 135801 66096 93709
55949 114108 139240 111737 66205 117710 71467 48654 67694 148334 118287 31011 130021 55850 83115 137039 68028 71895 87425 124546 48215 110908 58978 101556 53358 120565 33917 83257 61963 112392 52897 112050 109184 14881 20154 119045 10691 93470 103516 45752 4420 12495 84607 29134 134297 126789 143676 130731 155093 23487 27099 41791 18082 60372 105881 0 66325 52486 129561 21830 131386 46426 175016 84738 204687 37750 73068 54114 133745 54134 32360 107120 11058 133658 30806 34884 32998 55949 97242 33917 133387 85920 137174 137039 71467
24313 63572 77288 45922 42001 71924 13580 17761 45699 100454 65179 71222 91626 10753 18582 98985 12484 6791 62407 58240 34961 76000 84043 35984 41286 82650 58326 35159 98192 79736 46071 81770 50425 53031 55829 52856 73041 67380 37319 49873 65173 59000 99746 74392 90008 91180 99885 85388 113629 73412 64197 87522 53981 13876 104623 66325 0 27487 68614 55241 66928 80339 108712 76374 147465 75659 84254 59098 71088 40615 60336 66802 55440 71569 37635 36335 76630 24313 48139 58326 76926 32800 71179 98985 13580
40762 90860 103495 69721 60674 98778 40258 22221 64187 127788 92640 69190 117648 24141 36369 125071 20374 28840 83950 79605 45786 100927 89827 60706 14069 108397 33315 30782 100705 104273 58090 105811 77782 37606 50793 72409 61864 89602 60428 57951 49748 50235 110496 70812 116909 116669 126824 112366 140401 67734 61881 85244 35687 34385 121274 52486 27487 0 95302 51055 91831 82210 129036 93650 174404 75295 95311 31638 97083 54088 60858 92590 41839 97810 34526 37209 74051 40762 74966 33315 104304 33638 93700 125071 40258
73886 28628 10072 30784 71372 37526 58973 83426 72548 46152 22743 122187 56246 76663 61806 60607 75622 66483 67731 34814 83644 56180 120079 36105 108166 53372 126925 85440 136953 60405 85962 64370 20597 118578 113487 42234 133407 66803 38960 94057 129602 119288 121511 126614 45864 60291 52272 41909 65175 128244 117088 135676 120798 69644 109113 129561 68614 95302 0 112239 15740 123834 60726 88542 79148 123467 109560 126103 7619 81482 110855 46773 119700 5679 98759 94882 127175 73886 37827 126925 15607 79312 29792 60607 58973
38663 94412 122160 97972 45332 97163 56664 38141 46462 127611 98990 18152 108543 44559 73579 115483 60730 61713 65733 111782 28754 89404 42391 87758 57449 99151 46823 80378 50364 90745 31364 90309 91649 22924 1677 107468 21581 71741 90642 23953 24577 9344 66799 19987 113297 105170 122523 109901 133650 18183 10923 34261 28803 45717 85637 21830 55241 51055 112239 0 115888 32203 161790 63214 185253 24516 53704 64506 117107 33261 12403 86144 18949 116744 18047 19055 23031 38663 77885 46823 114539 81481 123276 115483 56664
77254 42496 15536 22416 78660 52355 59935 83454 80454 61304 37132 127669 71839 76332 56164 76331 71517 63354 79087 20612 88094 70420 128718 31197 103675 68486 124623 77245 145444 74803 92421 78727 28189 119227 116976 29084 136373 79035 31775 100104 130896 122072 132641 131876 61603 75714 67895 57614 80564 132841 121964 142116 120715 71065 122343 131386 66928 91831 15740 115888 0 131067 49076 100068 85820 129733 119798 121307 9769 87419 116148 60344 120978 12138 100813 97565 132871 77254 47660 124623 31111 70961 14194 76331 59935
57988 100342 133880 116838 52570 99477 77140 65633 51300 127556 105971 15550 104445 70594 98818 110322 88545 87128 62689 131499 46201 86224 13369 107126 89560 96113 77770 110035 18509 85910 38782 84097 103894 53947 33039 128913 38341 67382 111155 31805 50650 37628 39008 17608 112356 99806 120235 110074 128833 23520 21544 13669 59679 67868 63569 46426 80339 82210 123834 32203 131067 0 179434 50093 188827 8677 30611 96369 129989 44116 21365 87029 49259 129052 47750 46036 14033 57988 86274 77770 122070 110240 140899 110322 77140
123762 89342 52580 63818 127356 97589 105133 126366 129319 94973 83377 174972 113466 119182 93172 116013 109279 103475 127838 50473 135163 116583 177623 74037 138167 112610 162248 105674 194278 120642 140658 124615 77251 161627 162706 56696 181250 127349 71538 148044 173863 166991 181547 178973 101455 118361 104460 98671 113887 179378 168856 189977 162049 116097 169815 175016 108712 129036 60726 161790 49076 179434 0 148794 84535 177560 168860 154150 53198 135440 163425 107483 164152 55072 145424 142911 180286 123762 96657 162248 71571 99880 38681 116013 105133
53720 60732 97840 93415 34390 55954 65626 71501 30686 80284 66877 58722 55632 71694 90692 60904 88491 81969 20982 107744 48273 39055 39792 86090 106032 48298 106157 111525 55170 37566 36647 35054 72101 84203 64868 108564 81008 22162 91486 40631 87773 72450 33050 63123 65100 50556 71869 63755 79256 68057 58876 63726 89720 62959 28251 84738 76374 93650 88542 63214 100068 50093 148794 0 142502 55164 23560 119444 95833 39708 52652 43640 81342 94207 65867 60848 61096 53720 52602 106157 81955 108923 112739 60904 65626
148974 90844 71713 107730 140489 89506 136821 161238 140208 62271 86406 191429 87765 154823 140618 84370 154765 145613 126198 104698 156750 103562 181235 114832 187311 94221 205589 162992 197421 104996 155392 107858 97395 195234 186707 113717 206834 121937 116818 163718 205374 193369 172990 196123 77403 93398 71506 79011 69378 199013 187776 202089 198089 146808 150429 204687 147465 174404 79148 185253 85820 188827 84535 142502 0 190901 166062 205241 78360 152270 181029 101822 195680 77193 174375 169880 195730 148974 107491 205589 71575 156723 91378 84370 136821
54564 101316 133539 114345 52194 101395 73798 60034 51522 130309 106720 6954 108052 65514 94237 114240 83028 82408 65418 128830 42792 89408 21597 104418 81944 99375 69287 103882 25919 89512 37522 88025 103191 45568 25149 125701 29848 70564 108133 29631 41973 29167 47377 9163 115230 103688 123507 112645 132784 15047 13606 12417 51242 63894 71022 37750 75659 75295 123467 24516 129733 8677 177560 55164 190901 0 37775 88107 129301 42319 15353 89174 40808 128519 41177 40177 6088 54564 86417 69287 122801 104457 138900 114240 73798
59957 82709 119197 110217 44948 78951 76309 74544 41872 103840 88792 43178 79039 76969 101045 84030 95181 90664 42306 124946 50553 62579 18029 101757 105788 71856 100180 118285 31848 61112 38442 58498 91611 76532 55149 124464 66892 44999 106743 37377 76822 61926 15515 46779 88660 73829 95330 87271 102182 52464 45971 43440 82391 70393 33273 73068 84254 95311 109560 53704 119798 30611 168860 23560 166062 37775 0 116401 116572 43682 41429 66444 72645 115150 62672 58681 43830 59957 72246 100180 104338 116855 131636 84030 76309
69655 122479 133861 98908 88846 130238 71842 51216 92062 159412 124271 81207 148646 54999 65148 156084 50483 59808 112747 106885 71448 131394 106857 90674 17974 139277 20394 48685 113864 134490 82806 135720 109200 42610 63469 98789 64791 118665 89537 80131 49864 59049 130562 80994 148367 147365 158292 143865 171772 76148 74836 94936 37169 65112 145752 54114 59098 31638 126103 64506 121307 96369 154150 119444 205241 88107 116401 0 127325 80084 76644 123568 47505 128240 54147 58817 84805 69655 106460 20394 135712 54289 121384 156084 71842
78520 36211 6662 29479 77427 45116 62528 86733 78811 51660 30357 127747 63464 79783 62368 67549 77019 68283 74954 30241 88735 63799 126664 36656 109497 60883 129329 84810 143512 68019 91784 71986 26122 122256 118296 38449 138050 74207 38465 99759 133570 123835 128744 132103 52723 67655 58559 48956 71003 133495 122422 141585 124171 73468 116689 133745 71088 97083 7619 117107 9769 129989 53198 95833 78360 129301 116572 127325 0 87108 116328 54352 123643 2472 102966 99329 132818 78520 44505 129329 21821 78575 23000 67549 62528
16302 61469 91543 72738 12097 63902 34046 32129 13746 94379 66319 40706 76092 33512 57891 83228 51551 47118 34531 87431 8638 57075 44694 63103 66324 66574 68329 74716 60261 58938 5697 59077 61046 48784 34808 85164 54754 40689 67313 12690 55854 41986 59193 45161 80186 73166 89542 76698 101090 47170 35902 54697 53596 26802 67189 54134 40615 54088 81482 33261 87419 44116 135440 39708 152270 42319 43682 80084 87108 0 29447 53008 47287 86409 28018 22694 45717 16302 45359 68329 82146 73174 96843 83228 34046
39839 90487 120904 99902 40657 91893 58979 44732 40836 121783 95541 11550 101194 50162 78918 107861 67724 67076 58010 114236 28265 82120 30239 89862 68599 92043 59217 88825 39873 82951 25665 82086 90352 35325 13759 110809 28609 63753 93376 17321 35775 20594 54397 15775 107044 97387 115891 104003 126271 17987 6860 27279 41205 48804 73734 32360 60336 60858 110855 12403 116148 21365 163425 52652 181029 15353 41429 76644 116328 29447 0 80199 31254 115708 26385 24918 16880 39839 74713 59217 111466 89236 124745 107861 58979
55410 18145 55318 60553 40919 12600 53223 72669 39726 41600 24140 90075 25080 68616 72811 32516 78670 69353 24656 72827 59370 11087 80054 56829 106639 15856 116810 98108 96642 15663 55020 19223 35043 100562 87728 76362 107435 21517 62441 63127 108683 94988 76534 94793 27179 24416 36648 23824 48966 98116 87044 100267 104709 58457 62339 107120 66802 92590 46773 86144 60344 87029 107483 43640 101822 89174 66444 123568 54352 53008 80199 0 99732 52414 79072 73921 94158 55410 20371 116810 38409 93464 74134 32516 53223
46708 105507 129267 101033 59095 109791 61173 37860 61033 140487 109405 33863 123331 45071 72076 130500 56974 60910 81524 113679 40364 104355 60626 90886 44037 113786 28516 72613 66408 106195 47068 106190 99480 4992 17501 108074 20070 87661 92702 40974 9930 11641 85523 33491 126820 120452 136380 123060 148259 28791 27976 47551 10435 50175 104505 11058 55440 41839 119700 18949 120978 49259 164152 81342 195680 40808 72645 47505 123643 47287 31254 99732 0 123643 21312 26048 37302 46708 88514 28516 124189 75087 126442 130500 61173
78232 34270 5720 30955 76525 42941 62627 86945 77807 49217 28336 127091 61074 80055 63429 65109 77849 68978 73380 32472 88268 61714 125501 37652 110371 58617 129870 86228 142365 65897 90998 69867 25364 122354 117958 40547 137784 72481 39766 99031 133564 123603 127165 131479 50278 65309 56086 46537 68544 132976 121864 140770 124379 73483 114750 133658 71569 97810 5679 116744 12138 129052 55072 94207 77193 128519 115150 128240 2472 86409 115708 52414 123643 0 102858 99127 132126 78232 43262 129870 19352 80016 25472 65109 62627
25401 84231 108436 81749 39083 88766 40896 20196 41503 119456 88093 35530 103139 26884 55750 110414 42685 43940 62501 95105 20056 84382 55484 71516 43326 93555 40500 62744 66258 86565 29425 86920 78408 21508 18392 90308 35835 68653 73943 25985 31034 21570 77347 37919 106019 100595 115680 102147 127872 36141 28184 51934 25791 29755 91643 30806 37635 34526 98759 18047 100813 47750 145424 65867 174375 41177 62672 54147 102966 28018 26385 79072 21312 102858 0 5333 40713 25401 67222 40500 102905 63580 107191 110414 40896
21080 79505 104654 79110 33779 83775 37893 19874 36172 114472 83514 35150 97892 25768 54806 105153 42860 42914 57168 92795 14753 79101 52690 68879 47109 88312 45737 63999 64481 81253 24283 81592 74416 26651 19835 88414 38812 63320 71640 21518 35533 24530 73608 38104 100924 95305 110551 97098 122665 37143 27975 51577 31088 26825 86948 34884 36335 37209 94882 19055 97565 46036 142911 60848 169880 40177 58681 58817 99329 22694 24918 73921 26048 99127 5333 0 40507 21080 62543 45737 98515 64319 104484 105153 37893
56714 105759 137242 116782 56232 106259 75826 60313 55861 135463 111043 5426 113533 66219 95189 119812 83212 83304 70696 131109 45136 94777 27324 106740 79751 104753 65516 103353 29211 95017 41315 93630 106763 42209 23270 127607 24381 75977 110225 33123 37334 25814 53036 3887 120448 109260 128858 117752 138351 9626 12570 11240 47685 65531 77057 32998 76630 74051 127175 23031 132871 14033 180286 61096 195730 6088 43830 84805 132818 45717 16880 94158 37302 132126 40713 40507 0 56714 90501 65516 127081 104292 141604 119812 75826
0 58994 83715 60100 19945 64161 19240 18705 23523 94733 62721 51341 80188 17979 41802 87594 35467 30836 43320 74397 11818 62170 60302 50029 54092 70643 61410 58677 75172 65022 21800 66103 53375 46507 39803 71146 59552 49115 53582 26450 56417 45402 75459 55233 81819 78335 91634 77731 104360 55715 45094 66889 49990 10526 81826 55949 24313 40762 73886 38663 77254 57988 123762 53720 148974 54564 59957 69655 78520 16302 39839 55410 46708 78232 25401 21080 56714 0 41955 61410 77517 56933 85109 87594 19240
41955 17042 47779 42372 34271 23821 34766 56844 35014 53420 21112 85730 43975 51708 52563 51199 59457 49897 31686 55942 49272 31155 82253 37233 89009 35576 101893 78018 99126 35593 49217 38734 19529 88460 79305 58129 99449 32591 42899 57513 98076 85883 84991 90298 41946 44352 51859 37407 65507 92524 81251 98452 91854 42070 76584 97242 48139 74966 37827 77885 47660 86274 96657 52602 107491 86417 72246 106460 44505 45359 74713 20371 88514 43262 67222 62543 90501 41955 0 101893 36789 73233 60136 51199 34766
61410 118690 135587 102745 78694 125075 68971 45098 81464 155298 121426 62335 141579 50947 69659 148974 53568 61271 102534 112917 59983 123341 89030 93427 25811 132020 0 60042 94718 125916 69910 126604 108239 23973 45562 105683 44548 108648 93527 65689 29599 40143 113611 61652 142973 139565 152846 138742 165736 56526 56459 75251 18133 59901 131057 33917 58326 33315 126925 46823 124623 77770 162248 106157 205589 69287 100180 20394 129329 68329 59217 116810 28516 129870 40500 45737 65516 61410 101893 0 134505 64517 126978 148974 68971
77517 21849 19412 44956 70896 26848 65544 89822 71283 30605 16103 122398 42310 83579 73187 45910 85543 75975 62046 50378 85825 45908 116713 48364 117751 41074 134505 97922 133541 49642 85896 53580 26523 123668 115927 57556 136065 59793 52168 94221 133933 122331 114922 126996 31052 46926 36791 27564 49570 129306 118031 134649 126523 75289 99586 133387 76926 104304 15607 114539 31111 122070 71571 81955 71575 122801 104338 135712 21821 82146 111466 38409 124189 19352 102905 98515 127081 77517 36789 134505 0 91978 44815 45910 65544
56933 85272 85233 49096 74649 95444 43734 44609 78327 120124 84772 99083 116893 40316 20671 123894 21921 26957 93700 53970 66804 103785 115449 43623 39105 108795 64517 6295 128565 107954 78483 110545 67262 71075 81582 45360 94922 98141 40364 81420 83333 82416 132367 101453 112603 117579 121996 107803 136078 99191 91751 115508 69324 46640 137138 85920 32800 33638 79312 81481 70961 110240 99880 108923 156723 104457 116855 54289 78575 73174 89236 93464 75087 80016 63580 64319 104292 56933 73233 64517 91978 0 68519 123894 43734
85109 56475 27085 25453 89104 66501 66619 88582 91247 74431 51246 136292 86001 81371 57331 90382 73417 66504 91807 14567 96483 84391 139505 35678 104332 82663 126978 74758 156044 88813 102117 92718 40673 124199 124229 23283 143019 92176 33906 109417 136259 128723 144950 140302 75603 89906 81555 71699 93869 140769 130198 151317 125055 77661 135801 137174 71179 93700 29792 123276 14194 140899 38681 112739 91378 138900 131636 121384 23000 96843 124745 74134 126442 25472 107191 104484 141604 85109 60136 126978 44815 68519 0 90382 66619
87594 39384 65177 84570 71453 28582 85434 105136 69498 24166 41923 116465 7439 101129 103283 0 110588 101080 49894 93777 90418 26157 100685 83708 139129 16954 148974 128935 115871 24915 84157 26241 59167 131750 117128 99488 136114 44116 88929 91676 139008 124646 89206 121135 14860 10552 13559 18747 18545 125237 114676 123982 136194 90973 66096 137039 98985 125071 60607 115483 76331 110322 116013 60904 84370 114240 84030 156084 67549 83228 107861 32516 130500 65109 110414 105153 119812 87594 51199 148974 45910 123894 90382 0 85434
19240 50655 68297 41319 31943 58586 0 24497 35482 87590 52754 70428 78066 18035 25141 85434 25691 17102 50011 55353 31051 62477 78734 31126 54272 69071 68971 47126 94060 66268 39742 68396 39441 59734 57609 51906 76590 54645 34399 45432 71103 62275 91576 74194 76706 77602 86610 72135 100267 74295 63983 86106 61826 11142 93709 71467 13580 40258 58973 56664 59935 77140 105133 65626 136821 73798 76309 71842 62528 34046 58979 53223 61173 62627 40896 37893 75826 19240 34766 68971 65544 43734 66619 85434 0
