StringID  Type  x          y          demand  ReadyTime  DueDate  ServiceTime
D0        d     -1780.31    10160.80    0.0     0.0        32400.0  0.0
C1        c     20286.17    1507.34     385.0   757.0      19570.0  770.0
C2        c     -100808.55  16565.24    550.0   5214.0     24743.0  1100.0
C3        c     34981.01    852.65      375.0   1951.0     21170.0  750.0
C4        c     -53340.28   -2143.05    124.0   703.0      20811.0  248.0
C5        c     2618.87     17613.86    393.0   2516.0     22433.0  786.0
C6        c     -11223.31   25352.55    142.0   5212.0     23500.0  284.0
C7        c     57469.58    -8636.66    411.0   1587.0     22218.0  822.0
C8        c     -21053.59   -6049.98    168.0   5187.0     25335.0  336.0
C9        c     -24467.93   -21138.45   400.0   1368.0     20368.0  800.0
C10       c     -32080.95   -14648.33   408.0   1533.0     22160.0  816.0
C11       c     56485.50    -12306.25   565.0   3470.0     22969.0  1130.0
C12       c     -39971.99   -18570.28   800.0   3310.0     23845.0  1600.0
C13       c     -4878.50    -14285.57   642.0   3397.0     24167.0  1284.0
C14       c     68377.58    -14261.80   141.0   3303.0     23526.0  282.0
C15       c     49247.97    40445.44    123.0   1708.0     21363.0  246.0
F1        f     -1780.31    10160.80    0.0     0.0        32400.0  0.0
F2        f     56485.50    -12306.25   0.0     0.0        32400.0  0.0

m numVeh /2/
m numPetrolVeh /1/
m numElectroVeh /1/

DistanceMatrix
0 23703 99235 37921 53008 8655 17887 62160 25184 38657 39161 62447 47792 24642 74287 59338 0 62447
23703 0 122027 14709 73717 23907 39515 38542 42025 50157 54803 38745 63515 29710 50611 48528 23703 38745
99235 122027 0 136696 51022 103433 90015 160272 82899 85144 75484 159922 70254 100769 171972 151945 99235 159922
37921 14709 136696 0 88372 36445 52298 24409 56458 63386 68830 25211 77429 42637 36658 42085 37921 25211
53008 73717 51022 88372 0 59344 50298 111000 32522 34561 24665 110295 21179 49960 122320 111077 53008 110295
8655 23907 103433 36445 59344 0 15859 60809 33472 47280 47381 61618 55886 32769 73077 51919 8655 61618
17887 39515 90015 52298 50298 15859 0 76642 32905 48341 45112 77477 52495 40143 88913 62326 17887 77477
62160 38542 160272 24409 111000 60809 76642 0 78566 82886 89752 3799 97947 62603 12273 49766 62160 3799
25184 42025 82899 56458 32522 33472 32905 78566 0 15470 13983 77791 22686 18151 89807 84286 25184 77791
38657 50157 85144 63386 34561 47280 48341 82886 15470 0 10004 81434 15715 20753 93100 96055 38657 81434
39161 54803 75484 68830 24665 47381 45112 89752 13983 10004 0 88597 8812 27205 100459 98233 39161 88597
62447 38745 159922 25211 110295 61618 77477 3799 77791 81434 88597 0 96661 61396 12052 53246 62447 0
47792 63515 70254 77429 21179 55886 52495 97947 22686 15715 8812 96661 0 35354 108435 106972 47792 96661
24642 29710 100769 42637 49960 32769 40143 62603 18151 20753 27205 61396 35354 0 73256 76975 24642 61396
74287 50611 171972 36658 122320 73077 88913 12273 89807 93100 100459 12052 108435 73256 0 57955 74287 12052
59338 48528 151945 42085 111077 51919 62326 49766 84286 96055 98233 53246 106972 76975 57955 0 59338 53246
0 23703 99235 37921 53008 8655 17887 62160 25184 38657 39161 62447 47792 24642 74287 59338 0 62447
62447 38745 159922 25211 110295 61618 77477 3799 77791 81434 88597 0 96661 61396 12052 53246 62447 0
