StringID  Type  x          y          demand  ReadyTime  DueDate  ServiceTime
D0        d     34899.50    -14410.85   0.0     0.0        32400.0  0.0
C1        c     -681.43     3883.37     524.0   1961.0     22064.0  1048.0
C2        c     -1463.03    -10585.42   284.0   959.0      20424.0  568.0
C3        c     -14286.68   -14880.85   238.0   4019.0     24123.0  476.0
C4        c     -42197.36   -1746.77    700.0   5154.0     24705.0  1400.0
C5        c     -49226.23   -12201.67   178.0   1899.0     22108.0  356.0
C6        c     -27474.62   -19065.28   322.0   4952.0     23750.0  644.0
C7        c     -42400.90   -18533.31   816.0   2029.0     22324.0  1632.0
C8        c     22124.98    10929.73    528.0   2581.0     22629.0  1056.0
C9        c     -17294.22   26951.66    649.0   4067.0     24375.0  1298.0
C10       c     42209.64    -14893.86   383.0   4073.0     23348.0  766.0
C11       c     -34488.58   -20798.78   234.0   3719.0     23657.0  468.0
C12       c     -22389.99   -20963.81   561.0   4404.0     24155.0  1122.0
C13       c     -49746.18   -2466.67    478.0   1454.0     21210.0  956.0
C14       c     16233.09    -3900.44    766.0   2087.0     22573.0  1532.0
C15       c     48494.23    -19228.56   509.0   4295.0     24766.0  1018.0
C16       c     113244.34   -60447.60   563.0   3949.0     23633.0  1126.0
C17       c     -21614.75   265.66      809.0   4758.0     26363.0  1618.0
C18       c     -42396.58   -7072.77    594.0   3676.0     23584.0  1188.0
C19       c     -21968.31   -17495.02   117.0   4558.0     23779.0  234.0
C20       c     16828.71    60679.03    207.0   4651.0     24677.0  414.0
C21       c     27364.70    42632.42    736.0   707.0      22111.0  1472.0
C22       c     -1764.82    19589.96    288.0   618.0      19282.0  576.0
C23       c     29597.59    45489.06    227.0   5378.0     23926.0  454.0
C24       c     30009.80    50338.37    689.0   4567.0     25926.0  1378.0
C25       c     8087.97     -1295.90    703.0   1906.0     21341.0  1406.0
F1        f     34899.50    -14410.85   0.0     0.0        32400.0  0.0
F2        f     -42197.36   -1746.77    0.0     0.0        32400.0  0.0
F3        f     -22389.99   -20963.81   0.0     0.0        32400.0  0.0

m numVeh /4/
m numPetrolVeh /2/
m numElectroVeh /2/

DistanceMatrix
0 40009 36563 49188 78130 84155 62548 77410 28378 66596 7326 69681 57663 85484 21422 14423 90870 58389 77644 56951 77234 57539 50003 60134 64934 29847 0 78130 57663
40009 0 14490 23178 41896 51140 35278 47361 23870 28428 46821 41858 32995 49474 18620 54336 130834 21244 43130 30169 59434 47834 15744 51457 55678 10185 40009 41896 32995
36563 14490 0 13524 41682 47791 27359 41702 31926 40739 43885 34569 23359 48961 18917 50699 125076 22888 41084 21638 73575 60524 30177 64102 68573 13324 36563 41682 23359
49188 23178 13524 0 30847 35042 13836 28350 44632 41940 56496 21051 10132 37570 32435 62931 135427 16826 29174 8114 81716 71011 36675 74635 78840 26176 49188 30847 10132
78130 41896 41682 30847 0 12598 22731 16788 65560 37997 85425 20552 27598 7583 58470 92361 166156 20681 5330 25636 85913 82513 45717 85940 89032 50287 78130 0 27598
84155 51140 47791 35042 12598 0 22809 9310 75007 50524 91475 17062 28230 9749 65984 97973 169483 30296 8541 27767 98361 94196 57125 97680 100944 58343 84155 12598 28230
62548 35278 27359 13836 22731 22809 0 14936 57964 47130 69809 7225 5428 27777 46264 75969 146678 20200 19144 5726 91225 82547 46424 86166 90118 39755 62548 22731 5428
77410 47361 41702 28350 16788 9310 14936 0 70934 51954 84689 8230 20158 17666 60432 90898 161190 28026 11461 20459 98908 92782 55720 96346 99933 53350 77410 16788 20158
28378 23870 31926 44632 65560 75007 57964 70934 0 42551 32715 64898 54761 73109 15958 40061 115747 45021 66986 52461 50030 32133 25411 35358 40190 18615 28378 65560 54761
66596 28428 40739 41940 37997 50524 47130 51954 42551 0 72744 50752 48186 43801 45562 80379 157095 27033 42282 44692 47978 47332 17186 50423 52769 37976 66596 37997 48186
7326 46821 43885 56496 85425 91475 69809 84689 32715 72744 0 76925 64884 92792 28207 7635 84386 65600 84967 64231 79721 59411 55883 61686 66363 36731 7326 85425 64884
69681 41858 34569 21051 20552 17062 7225 8230 64898 50752 76925 0 12100 23851 53463 82998 152961 24687 15841 12949 96292 88597 51982 92201 96024 46831 69681 20552 12100
57663 32995 23359 10132 27598 28230 5428 20158 54761 48186 64884 12100 0 33023 42224 70905 141264 21244 24356 3494 90574 80747 45497 84372 88486 36273 57663 27598 0
85484 49474 48961 37570 7583 9749 27777 17666 73109 43801 92792 23851 33023 0 65995 99660 172996 28264 8674 31583 91758 89331 52808 92710 95652 57846 85484 7583 33023
21422 18620 18917 32435 58470 65984 46264 60432 15958 45562 28207 53463 42224 65995 0 35717 112289 38076 58715 40548 64582 47846 29593 51166 55961 8551 21422 58470 42224
14423 54336 50699 62931 92361 97973 75969 90898 40061 80379 7635 82998 70905 99660 35717 0 76757 72769 91700 70484 85953 65370 63505 67420 71981 44207 14423 92361 70905
90870 130834 125076 135427 166156 169483 146678 161190 115747 157095 84386 152961 141264 172996 112289 76757 0 147895 164539 141871 154815 134167 140118 134979 138570 120652 90870 166156 141264
58389 21244 22888 16826 20681 30296 20200 28026 45021 27033 65600 24687 21244 28264 38076 72769 147895 0 22039 17764 71608 64761 27703 68322 71919 29744 58389 20681 21244
77644 43130 41084 29174 5330 8541 19144 11461 66986 42282 84967 15841 24356 8674 58715 91700 164539 22039 0 22933 89989 85658 48599 89140 92405 50814 77644 5330 24356
56951 30169 21638 8114 25636 27767 5726 20459 52461 44692 64231 12949 3494 31583 40548 70484 141871 17764 22933 0 87272 77776 42231 81400 85458 34144 56951 25636 3494
77234 59434 73575 81716 85913 98361 91225 98908 50030 47978 79721 96292 90574 91758 64582 85953 154815 71608 89989 87272 0 20897 45100 19844 16753 62588 77234 85913 90574
57539 47834 60524 71011 82513 94196 82547 92782 32133 47332 59411 88597 80747 89331 47846 65370 134167 64761 85658 77776 20897 0 37141 3626 8147 47972 57539 82513 80747
50003 15744 30177 36675 45717 57125 46424 55720 25411 17186 55883 51982 45497 52808 29593 63505 140118 27703 48599 42231 45100 37141 0 40674 44216 23093 50003 45717 45497
60134 51457 64102 74635 85940 97680 86166 96346 35358 50423 61686 92201 84372 92710 51166 67420 134979 68322 89140 81400 19844 3626 40674 0 4867 51493 60134 85940 84372
64934 55678 68573 78840 89032 100944 90118 99933 40190 52769 66363 96024 88486 95652 55961 71981 138570 71919 92405 85458 16753 8147 44216 4867 0 56095 64934 89032 88486
29847 10185 13324 26176 50287 58343 39755 53350 18615 37976 36731 46831 36273 57846 8551 44207 120652 29744 50814 34144 62588 47972 23093 51493 56095 0 29847 50287 36273
0 40009 36563 49188 78130 84155 62548 77410 28378 66596 7326 69681 57663 85484 21422 14423 90870 58389 77644 56951 77234 57539 50003 60134 64934 29847 0 78130 57663
78130 41896 41682 30847 0 12598 22731 16788 65560 37997 85425 20552 27598 7583 58470 92361 166156 20681 5330 25636 85913 82513 45717 85940 89032 50287 78130 0 27598
57663 32995 23359 10132 27598 28230 5428 20158 54761 48186 64884 12100 0 33023 42224 70905 141264 21244 24356 3494 90574 80747 45497 84372 88486 36273 57663 27598 0
