StringID  Type  x          y          demand  ReadyTime  DueDate  ServiceTime
D0        d     -37756.96   -21011.90   0.0     0.0        32400.0  0.0
C1        c     -30010.00   16126.38    721.0   2171.0     22139.0  1442.0
C2        c     -13592.58   -32598.80   814.0   644.0      21053.0  1628.0
C3        c     1965.89     20709.26    620.0   1049.0     20424.0  1240.0
C4        c     55573.95    -35174.12   311.0   5119.0     24241.0  622.0
C5        c     -25094.30   -26094.99   167.0   2338.0     21697.0  334.0
C6        c     42994.52    11820.78    513.0   3675.0     24120.0  1026.0
C7        c     30285.40    1717.17     568.0   4401.0     25046.0  1136.0
C8        c     -47205.34   2810.06     763.0   3485.0     24335.0  1526.0
C9        c     40565.83    19882.56    558.0   3740.0     24049.0  1116.0
C10       c     -17512.98   41535.73    636.0   5284.0     26222.0  1272.0
F1        f     -37756.96   -21011.90   0.0     0.0        32400.0  0.0
F2        f     -47205.34   2810.06     0.0     0.0        32400.0  0.0

m numVeh /2/
m numPetrolVeh /1/
m numElectroVeh /1/

DistanceMatrix
0 37938 26799 57607 94399 13645 87171 71738 25627 88356 65742 0 25627
37938 0 51417 32303 99782 42507 73131 61993 21749 70676 28316 37938 21749
26799 51417 0 55532 69214 13213 71939 55703 48822 75415 74238 26799 48822
57607 32303 55532 0 77439 54064 41980 34098 52328 38609 28516 57607 52328
94399 99782 69214 77439 0 81178 48649 44727 109574 57066 105953 94399 109574
13645 42507 13213 54064 81178 0 77934 61971 36392 80157 68054 13645 36392
87171 73131 71939 41980 48649 77934 0 16236 90649 8420 67410 87171 90649
71738 61993 55703 34098 44727 61971 16236 0 77498 20873 62211 71738 77498
25627 21749 48822 52328 109574 36392 90649 77498 0 89416 48799 25627 0
88356 70676 75415 38609 57066 80157 8420 20873 89416 0 61984 88356 89416
65742 28316 74238 28516 105953 68054 67410 62211 48799 61984 0 65742 48799
0 37938 26799 57607 94399 13645 87171 71738 25627 88356 65742 0 25627
25627 21749 48822 52328 109574 36392 90649 77498 0 89416 48799 25627 0
