StringID  Type  x          y          demand  ReadyTime  DueDate  ServiceTime
D0        d     41477.70    -2846.44    0.0     0.0        86400.0  0.0
D1        d     -1810.86    1191.38     0.0     0.0        86400.0  0.0
C1        c     28606.54    -2155.32    515.1   6944.6     26770.6  960.0
C2        c     -15660.71   28795.01    470.1   1512.4     22578.4  1488.0
C3        c     14173.79    10250.96    99.9    9380.2     28618.2  688.0
C4        c     22357.46    -30765.38   814.9   2016.9     21626.9  324.0
C5        c     -7594.61    11566.40    228.5   0.0        19476.0  736.0
C6        c     23821.01    -21177.97   841.4   3337.1     23655.1  618.0
C7        c     -7568.62    -955.98     226.7   946.6      20116.6  676.0
C8        c     -42054.80   -28741.49   770.0   0.0        18736.0  502.0
C9        c     43655.82    -18599.61   607.5   0.0        19761.0  1442.0
C10       c     4818.98     14270.34    416.1   3282.2     22567.2  1078.0
C11       c     15707.92    -12780.05   815.7   4995.9     24138.9  920.0
C12       c     25292.09    -37722.52   513.7   0.0        19112.0  292.0
C13       c     -47024.02   -2584.14    163.8   3433.3     23133.3  802.0
C14       c     -11824.10   20395.28    241.6   3838.9     23591.9  210.0
C15       c     -24006.93   -3625.63    492.7   907.3      20816.3  1318.0
C16       c     39234.81    -21168.85   345.4   4089.6     24089.6  1428.0
C17       c     -45210.22   -29957.21   430.5   1809.5     20646.5  498.0
C18       c     -47319.79   -25289.10   643.9   0.0        19273.0  434.0
C19       c     -18018.18   -40065.39   408.9   500.7      19773.7  434.0
C20       c     46966.00    -29275.96   523.9   7348.4     26806.4  1318.0
C21       c     -14717.61   2355.35     162.4   85.0       19543.0  1318.0
C22       c     -20126.93   15081.94    612.8   2209.8     21975.8  898.0
C23       c     -26284.04   -3815.25    477.2   3952.2     23021.2  642.0
C24       c     -29786.14   -5518.37    771.8   1777.8     21563.8  598.0
C25       c     -39535.90   10612.55    102.5   1880.6     22023.6  1124.0
C26       c     -11150.07   27480.30    149.7   0.0        20019.0  1456.0
C27       c     35713.24    15723.41    400.5   2909.7     22382.7  420.0
C28       c     30983.98    -26233.44   564.5   3486.8     24006.8  1118.0
C29       c     53346.50    -34742.17   757.2   4867.8     25384.8  1192.0
C30       c     -20332.98   -41779.85   601.6   0.0        19852.0  1470.0
C31       c     -29179.85   -45000.00   287.0   9356.0     28629.0  434.0
C32       c     -21329.52   -30304.53   851.3   2627.7     22760.7  472.0
C33       c     -48213.67   -3856.53    258.3   3912.0     24103.0  1134.0
C34       c     -5905.64    15058.95    140.5   2383.3     22218.3  1458.0
C35       c     -45013.45   -28650.18   455.7   2454.8     22171.8  1512.0
C36       c     -36639.64   -17588.98   861.5   8744.4     28238.4  1414.0
C37       c     -8532.30    -3309.36    751.8   996.9      20749.9  210.0
C38       c     -24837.68   6737.57     641.6   7117.7     25652.7  532.0
C39       c     6964.79     -28180.91   726.1   5195.6     25214.6  1456.0
C40       c     25064.29    -9712.52    417.7   0.0        20037.0  1290.0
C41       c     45408.43    -31302.41   171.0   6175.0     25892.0  1512.0
C42       c     -12090.52   -93.85      313.0   1973.2     20508.2  532.0
C43       c     12955.96    13697.69    704.7   10767.9    29879.9  292.0
C44       c     -12793.95   -7174.40    608.9   3228.9     23117.9  1570.0
C45       c     -45952.99   -25121.35   273.3   1162.1     21458.1  1650.0
C46       c     -25554.96   11393.69    367.1   258.5      19680.5  348.0
C47       c     -39417.01   23932.18    164.5   0.0        20122.0  844.0
C48       c     -47231.58   -3222.87    465.8   711.0      20084.0  1250.0
C49       c     22241.03    -3861.62    111.2   1188.1     21885.1  1056.0
C50       c     6307.20     -13485.41   630.5   0.0        19041.0  244.0
C51       c     -29714.37   7388.11     318.9   1598.7     21359.7  1442.0
C52       c     -33924.87   -32591.64   768.2   898.6      20171.6  434.0
C53       c     30200.24    -8895.99    249.9   7222.7     26760.7  374.0
C54       c     35795.03    -20921.97   367.9   0.0        20741.0  1058.0
C55       c     -36560.14   2812.41     810.0   0.0        19014.0  602.0
C56       c     -19745.63   -16154.98   115.2   1766.5     20909.5  920.0
C57       c     37224.92    -23113.02   699.0   1190.7     20663.7  420.0
C58       c     22775.96    -6005.61    481.9   0.0        20589.0  824.0
C59       c     -24661.15   -24843.35   187.6   0.0        18736.0  502.0
C60       c     11975.76    -15192.16   180.5   6056.6     26061.6  986.0
C61       c     -11941.79   1658.58     216.7   106.4      19147.4  244.0
C62       c     -19255.37   -20712.19   762.5   1194.5     20873.5  1150.0
C63       c     -48387.17   8062.41     406.4   2214.5     20717.5  352.0
C64       c     -35138.40   30762.25    200.8   2286.8     22691.8  672.0
C65       c     -5305.54    -1492.39    549.2   3031.1     22608.1  576.0
C66       c     -47021.23   -26559.08   404.5   5423.1     24637.1  484.0
C67       c     -20365.62   36362.24    450.7   0.0        19852.0  1470.0
C68       c     37064.99    -23729.18   347.0   3232.2     23843.2  990.0
C69       c     -11710.08   -22958.49   309.6   3747.3     22584.3  498.0
C70       c     -29817.01   -15549.50   610.2   0.0        19014.0  602.0
C71       c     -19503.66   4172.23     567.0   1562.1     22628.1  1488.0
C72       c     -8778.74    42603.37    403.9   8651.0     27930.0  766.0
C73       c     -17074.47   -9831.43    528.4   1803.2     22208.2  672.0
C74       c     47214.55    -45000.00   680.2   10889.9    30724.9  1458.0
C75       c     33641.11    -28042.38   190.4   843.4      19680.4  498.0
C76       c     -3526.13    2166.88     141.7   5070.6     24833.6  1110.0
C77       c     -15215.65   -23701.83   537.8   2061.5     21346.5  1078.0
C78       c     1528.46     -45000.00   350.7   2040.5     21650.5  324.0
C79       c     -24576.36   24942.98    573.7   3547.2     23699.2  1436.0
C80       c     -18195.35   7272.87     490.5   1419.2     21136.2  1512.0
C81       c     -20323.76   25025.08    139.6   4463.6     25529.6  1488.0
C82       c     -14591.07   10343.31    382.1   2196.2     20999.2  338.0
C83       c     12214.95    -2557.14    376.6   2356.1     20930.1  306.0
C84       c     -396.22     -12433.16   308.9   2568.0     21582.0  602.0
C85       c     59536.49    -9258.14    584.8   3954.3     23490.3  244.0
C86       c     19367.68    -45000.00   539.8   6886.8     27231.8  1088.0
C87       c     35853.55    -11634.07   764.9   2919.7     22672.7  210.0
C88       c     -25503.84   -11384.65   745.2   85.6       20122.6  1290.0
F1        f     40492.37    -2832.93    0.0     0.0        86400.0  0.0
F2        f     38498.94    -7667.37    0.0     0.0        86400.0  0.0
F3        f     36435.68    -2592.32    0.0     0.0        86400.0  0.0

m numVeh /20/
m numPetrolVeh /10/
m numElectroVeh /10/

DistanceMatrix
0 43476 12890 65314 30283 33839 51145 25452 49083 87454 15903 40458 27618 38449 88502 58149 65489 18459 90828 91590 70178 26993 56436 64160 67769 71314 82124 60740 19444 25633 34032 73050 82276 68547 89697 50654 90258 79496 50012 67004 42813 17792 28726 53639 32973 54444 90224 68529 85212 88710 19263 36744 71924 81058 12798 18948 78243 62653 20708 18967 69701 31981 53609 63306 90525 83663 46803 91621 73225 21344 56863 72418 61384 67760 58967 42542 26387 45282 60408 58076 71662 60525 67796 57599 29264 42957 19163 47600 10433 67524 985 5667 5048
43476 0 30601 30883 18373 40067 11878 34020 6145 50155 49587 14663 22408 47422 45371 21658 22713 46741 53420 52652 44326 57510 12959 22988 24980 28769 38884 27899 40240 42751 65830 46793 53691 37054 46677 14459 52507 39570 8089 23685 30655 29003 57319 10360 19351 13806 51390 25843 43947 45635 24577 16772 28583 46611 33563 43626 34787 24951 45984 25619 34640 21412 10142 28001 47080 44555 4406 53048 39765 46178 26100 32628 17942 41994 18828 67358 45951 1973 28273 46312 32900 17477 30179 15719 14518 13698 62231 50815 39788 26824 42494 41272 38433
12890 30601 0 54014 19032 29285 38714 19615 36195 75497 22291 28908 16711 35721 75632 46294 52634 21782 78879 79372 60092 32751 43558 51692 54916 58489 69328 49587 19239 24195 40914 62970 71937 57324 76839 38567 78242 67047 37157 54179 33848 8346 33643 40749 22277 41704 78016 55830 72854 75846 6590 25013 59097 69545 6927 20096 65356 50338 22661 6987 57898 21132 40727 51333 77669 71742 33919 79468 62305 23173 45367 59939 48525 58318 46321 46711 26372 32422 48833 50684 59689 47742 55973 44969 16397 30770 31735 43829 11932 54892 11905 11324 7841
65314 30883 54014 0 35128 70660 19023 63688 30832 63302 75926 25107 52081 78113 44366 9234 33478 74229 65765 62669 68901 85407 26456 14422 34297 37107 30010 4698 53011 72138 93803 70729 75023 59371 46107 16848 64510 50908 32886 23890 61304 56048 85680 29109 32355 36083 61843 20018 24249 44965 50030 47647 25608 64046 59362 71550 33345 45135 74104 51850 54388 51948 27390 49638 38741 19577 32009 63620 8911 74423 51904 46549 24921 15428 38652 96948 75241 29263 52499 75771 9712 21671 5996 18483 41952 43963 84277 81687 65485 41368 64448 65290 60821
30283 18373 19032 35128 0 41825 21808 32876 24461 68426 41250 10182 23082 49245 62529 27907 40624 40190 71716 71025 59733 51359 29951 34639 42833 46703 53711 30629 22224 40171 59656 62433 70230 53900 63963 20647 70827 57940 26447 39169 39102 22741 51984 28228 3656 32108 69760 39745 55310 62866 16256 25006 43981 64412 24969 37937 51276 42986 40553 18392 52343 25538 27493 45566 62599 53408 22745 71413 43299 40971 42105 50999 34222 39667 37145 64377 42958 19459 44906 56680 41442 32506 37528 28765 12957 26960 49380 55495 30805 45193 29391 30212 25701
33839 40067 29285 70660 41825 0 51857 9698 42239 64444 24528 48330 19175 7551 74886 61529 53724 19415 67573 69892 41433 24654 49715 62505 55608 57934 74451 67196 48369 9745 31243 44088 53467 43689 75527 53839 67404 60451 41328 60281 15608 21226 23057 46124 45446 42334 68543 63820 82510 74841 26904 23584 64554 56312 23233 16657 67814 44566 16721 24763 47390 18716 47199 42810 80699 84211 40276 69506 79570 16304 34951 54348 54525 79702 44644 28644 11608 41887 38231 25228 72844 55601 70244 55273 29976 29220 42952 14545 23413 51636 33303 28179 31495
51145 11878 38714 19023 21808 51857 0 45378 12522 53030 59469 12705 33701 59253 41892 9790 22364 57137 56028 54189 52673 68154 11644 13016 24205 28006 31956 16306 43507 54011 76540 54846 60545 44066 43449 3879 54932 41154 14905 17906 42330 38979 68169 12497 20661 19449 53079 17961 34141 42306 33589 28651 22511 51412 42979 54205 30259 30268 56670 35088 40211 33151 10820 34320 40943 33573 13258 54845 27891 56923 34769 35059 14018 31060 23404 78764 57177 10242 36082 57297 21617 11437 18525 7103 24329 25056 70287 62664 49254 29112 50197 49946 46251
25452 34020 19615 63688 32876 9698 45378 0 37340 66309 20002 40220 11677 16610 73244 54762 50947 15414 69587 71259 45905 24521 45156 56975 53028 55848 70885 59922 38770 8767 32492 48724 58108 46064 74088 46870 69239 60567 36960 56098 18253 11533 23844 41643 36529 39201 69885 59152 77679 73286 17388 19129 60680 58863 13840 11977 64972 43855 13543 15208 48621 13272 42432 43079 77904 78575 35155 71046 72549 13487 35576 53933 50196 71630 42440 33388 11981 35956 39118 32626 66854 50743 63902 49690 21942 25748 37652 24235 15358 50288 24789 19949 22462
49083 6145 36195 30832 24461 42239 12522 37340 0 44287 54178 19629 26108 49311 39489 21771 16654 50982 47518 46607 40481 61450 7879 20370 18933 22681 33996 28661 46384 46100 69657 42773 49060 32414 40748 16101 46573 33493 2543 18905 30861 33787 61053 4603 25219 8122 45358 21818 40420 39728 29951 18696 23666 41176 38594 47739 29235 19475 49974 30762 29373 24180 5095 22954 41803 42025 2326 47032 39451 50108 22389 26608 12990 43576 13005 70293 49314 5108 23997 44974 30984 13440 28943 13304 19848 13534 67617 51628 44716 20747 48098 46554 44035
87454 50155 75497 63302 68426 64444 53030 66309 44287 0 86309 63617 59927 67943 26625 57692 30928 81642 3382 6296 26570 89022 41405 49003 29496 26265 39435 64156 89582 73082 95590 25334 20739 20784 25636 56791 2960 12398 42078 39436 49023 69764 87501 41455 69479 36350 5320 43394 52740 26038 68942 50711 38179 8996 74931 78242 32029 25615 79479 68702 17825 55704 42790 24172 37345 59904 45750 5425 68622 79278 30891 17994 39898 78723 31331 90738 75699 49394 27308 46517 56458 43201 57992 47769 60256 44737 103443 63538 79764 23983 86518 83265 82732
15903 49587 22291 75926 41250 24528 59469 20002 54178 86309 0 50880 28547 26512 92083 67813 69300 5113 89589 91221 65303 11178 62021 72130 71485 74598 88171 71603 35230 14794 18828 68058 77473 66031 93045 59910 89237 80302 54382 73030 37921 20606 12823 58738 44560 57594 89846 75430 93328 92179 25996 37697 77837 78832 16590 8197 83025 63449 7857 24384 68602 31863 59173 62947 95827 92979 51864 91026 84377 8352 55537 73536 67139 80593 61360 26639 13764 51550 59092 49716 80942 67044 77437 65041 35297 44482 18424 35873 10459 69535 16081 12087 17560
40458 14663 28908 25107 10182 48330 12705 40220 19629 63617 50880 0 29160 55878 54514 17734 33929 49400 66776 65448 58940 60602 22883 24959 35979 39864 44505 20725 30928 48220 68972 61435 68329 51678 56045 10754 65768 52286 22075 30598 42505 31386 61028 22187 8157 27751 64261 30510 45279 54911 25145 27796 35212 60804 34364 46883 42936 39104 49474 27084 48979 30319 20976 42466 53567 43227 18734 65988 33501 49837 40733 45704 26336 31427 32561 72872 51197 14702 42933 59362 31273 24055 27346 19803 18381 27208 59562 61030 40425 39720 39562 40195 35832
27618 22408 16711 52081 23082 19175 33701 11677 26108 59927 28547 29160 0 26720 63555 43112 40756 24978 63294 64257 43381 35344 33982 45392 42938 46070 59992 48397 34823 20356 43577 46259 55254 40974 64541 35244 62761 52568 26025 44999 17710 9846 35003 30556 26620 29048 62884 47823 66231 63661 11055 9427 49698 53441 15004 21674 54544 35614 23869 9790 42133 4444 31193 35852 67399 66942 23853 64225 60961 24000 29246 45609 39080 60555 32915 45064 23549 24359 32796 35202 55189 39390 52226 38115 10803 16108 43970 32427 20178 41235 26706 23357 23096
38449 47422 35721 78113 49245 7551 59253 16610 49311 67943 26512 55878 26720 0 80401 68959 59942 21643 70929 73669 43374 23262 56630 69651 61724 63802 80864 74696 54452 12822 28212 45805 54956 47208 80932 61312 70888 65122 48253 67005 20662 28011 21116 53041 52879 48823 72351 70695 89379 80311 33998 30787 71138 59439 29241 19813 73951 49936 18863 31817 51587 26171 54196 47685 86746 91335 47422 73170 87024 18287 39839 59402 61334 87253 50723 23099 12783 49210 42866 24853 80086 62576 77576 62458 37518 36048 44530 9384 28145 57218 38057 32829 36855
88502 45371 75632 44366 62529 74886 41892 73244 39489 26625 92083 54514 63555 80401 0 42037 23041 88238 27433 22707 47394 97707 32682 32180 20776 17486 15173 46806 84739 81514 105396 47421 46017 37797 1742 44744 26143 18248 38499 24065 59749 72440 96791 35022 62151 34536 22563 25618 27586 672 69277 54434 19977 32742 77482 84825 11774 30468 86714 69884 31553 60332 35338 33162 10733 35401 41733 23975 47196 86707 40770 21545 28338 59200 30814 103344 84587 43757 38180 64471 35520 30467 38408 34914 59239 47657 106769 78784 83370 23250 87517 85674 83460
58149 21658 46294 9234 27907 61529 9790 54762 21771 57692 67813 17734 43112 68959 42037 0 26934 65838 60415 57853 60777 76964 18271 9857 28200 31530 29388 7117 47766 63299 85366 62755 67659 51583 43730 7969 59220 45372 23932 18865 52083 47615 77125 20491 25669 27587 56891 16418 27819 42562 41819 38427 22119 57411 51225 63045 30348 37399 65565 43522 47025 42812 18737 41774 38587 25515 22838 58682 18108 65857 43354 40197 17949 22416 30679 88103 66433 20028 44227 66745 13539 14587 9679 10426 33237 34761 77277 72453 57437 34599 57241 57619 53455
65489 22713 52634 33478 40624 53724 22364 50947 16654 30928 69300 33929 40756 59942 23041 26934 0 65630 33807 31824 36929 75466 11048 19106 2285 6081 21068 33658 62776 59457 83377 38331 41696 26813 24208 26015 32673 18830 15478 10396 39525 49447 74729 12429 40821 11761 30720 15099 31574 23228 46249 31877 12405 30617 54463 62253 14108 13234 64258 46843 21228 37796 13172 17735 27037 36145 18823 32490 40153 64296 22912 13264 9005 48673 9304 82367 62606 21284 21917 48620 28574 12351 28886 16846 36238 25200 83733 59943 60394 7902 64504 62636 60451
18459 46741 21782 74229 40190 19415 57137 15414 50982 81642 5113 49400 24978 21643 88238 65838 65630 0 84901 86653 60291 11203 58858 69555 67778 70773 84940 70038 37060 9681 19580 63033 72446 61249 89146 57880 84580 75959 50997 69886 33023 18222 11866 55484 43661 53878 85279 72512 90665 88309 24255 33812 74629 74046 15240 3449 79498 59193 2796 22379 64002 27907 56037 58492 92369 90709 48693 86424 82837 3356 50976 69280 63972 79826 57439 25132 8862 48714 54509 44606 78728 64087 75373 62372 32810 40582 23538 31026 10117 65474 18379 13522 18786
90828 53420 78879 65765 71716 67573 56028 69587 47518 3382 89589 66776 63294 70929 27433 60415 33807 84901 0 5123 29010 92179 44429 51553 32274 28899 40965 66777 92926 76285 98673 27544 21983 23883 26273 59760 1322 15048 45336 41971 52205 73132 90629 44595 72726 39622 4893 45785 54200 26811 72323 54087 40433 11589 78296 81508 33892 28965 82719 72082 21176 59061 45895 27552 38152 61549 49017 3851 70820 82511 34223 21084 42728 81193 34593 93641 78875 52626 30640 49100 58650 45999 60352 50613 63627 48118 106772 66307 83109 27079 89892 86626 86110
91590 52652 79372 62669 71025 69892 54189 71259 46607 6296 91221 65448 64257 73669 22707 57853 31824 86653 5123 0 32816 94370 42745 48675 30060 26426 36736 63975 92609 78309 101109 31626 26788 26470 21451 57820 4076 13167 44582 39130 54362 74041 92923 43312 71785 38989 1377 42654 49852 22066 72786 54911 37118 15256 79234 83229 30091 29048 84573 72700 22663 60149 44472 28435 33369 57360 48285 1305 67286 84399 35686 20030 40518 78069 33966 96567 81008 51689 32143 52675 55141 43687 57099 48382 63727 48653 108052 69539 84287 25870 90638 87609 86776
70178 44326 60092 68901 59733 41433 52673 45905 40481 26570 65303 58940 43381 43374 47394 60777 36929 60291 29010 32816 0 65874 42549 55188 37181 36496 55057 67894 77456 50917 71563 2881 12204 10307 47147 56439 29310 29188 37960 47297 27666 52701 64029 40409 62047 33303 31681 52008 67480 47019 54143 36031 48874 17575 57416 57117 46715 23973 57786 53143 16608 38966 42164 19393 56908 72867 40614 31994 76464 57455 18233 27207 44263 83183 30249 65419 53040 44650 16602 20160 65338 47339 65131 50525 48176 32773 83449 37710 60914 29642 69352 65145 66102
26993 57510 32751 85407 51359 24654 68154 24521 61450 89022 11178 60602 35344 23262 97707 76964 75466 11203 92179 94370 65874 0 69321 80431 77549 80345 95256 81233 46385 16269 8402 68451 77752 68303 98516 69000 91982 84419 61273 80329 40016 29367 2556 65873 54803 63716 93012 83146 101455 97734 35457 43617 84995 80959 26390 13949 89478 67990 11527 33566 71764 37718 66536 66773 102403 101714 59197 94026 94031 11349 59015 78000 74411 90962 66927 15726 13382 59482 62431 48081 89766 74712 86467 73205 43835 50268 23637 31763 20850 74646 27224 23208 28686
56436 12959 43558 26456 29951 49715 11644 45156 7879 41405 62021 22883 33982 56630 32682 18271 11048 58858 44429 42745 42549 69321 0 13828 13109 17002 26156 25377 52173 53907 77517 44491 49514 33322 34067 15461 43350 29637 8387 11028 37451 41572 68906 3592 29908 9722 41601 14112 32797 32989 37478 26324 15819 39877 46306 55618 21847 19181 57850 38414 28959 31944 2862 23510 34150 34985 10168 43354 34473 57981 25492 23422 5119 40684 12413 77962 57119 11193 26062 50065 24645 6023 23353 7989 27377 20586 75157 58347 52470 17468 55453 54152 51392
64160 22988 51692 14422 34639 62505 13016 56975 20370 49003 72130 24959 45392 69651 32180 9857 19106 69555 51553 48675 55188 80431 13828 0 19875 22752 19917 15307 55844 65721 88774 56862 60760 45402 33875 14221 50317 36607 21741 9582 51045 51546 80289 17172 33112 23433 47784 6563 21223 32707 46410 38921 12293 49630 55747 66510 20508 31239 68906 47805 40182 44126 15722 35805 29119 21708 22235 49571 21282 69117 38960 32128 10927 29769 25100 90248 68925 21033 39093 63865 10818 8044 9945 7287 36839 33858 83299 71900 62029 27007 63211 62885 59260
67769 24980 54916 34297 42833 55608 24205 53028 18933 29496 71485 35979 42938 61724 20776 28200 2285 67778 32274 30060 37181 77549 13109 19875 0 3894 19590 34763 65003 61500 85425 38428 41286 26949 21930 27776 31106 17232 17759 10651 41221 51686 76781 14673 42971 13902 28997 15226 30698 20956 48525 33996 11717 29774 56712 64393 12228 13965 66376 49109 21091 39915 15351 18301 25092 35693 21107 30778 40611 66405 24060 12255 10477 49610 11000 84251 64637 23531 22759 49696 28809 13725 29450 18363 38520 27285 85993 61484 62628 7610 66784 64897 62732
71314 28769 58489 37107 46703 57934 28006 55848 22681 26265 74598 39864 46070 63802 17486 31530 6081 70773 28899 26426 36496 80345 17002 22752 3894 0 18848 37897 68858 64204 88120 37473 39486 26189 18502 31523 27694 13881 21368 13217 43177 55011 79492 18508 46863 17073 25410 17433 30985 17596 52054 36962 12907 27388 60081 67366 10737 14627 69282 52564 19993 42868 19234 18486 23031 36673 24809 27199 42927 69287 25118 10031 14129 52507 13423 86533 67308 27361 23301 50392 30904 17262 31976 21965 42105 30192 89401 63047 65924 7263 70330 68319 66286
82124 38884 69328 30010 53711 74451 31956 70885 33996 39435 88171 44505 59992 80864 15173 29388 21068 84940 40965 36736 55057 95256 26156 19917 19590 18848 0 33019 75423 79566 103364 55801 56569 44785 16872 33923 39643 28350 33986 15200 60558 67722 94723 29460 52582 32117 36306 14003 13320 15832 63450 51791 10337 43567 72413 81665 8348 33289 83843 64490 38450 57614 29010 37317 9211 20624 36308 37918 32102 83947 43604 27909 21042 44378 30372 103046 82759 36987 42059 69131 20716 21600 24017 24946 53400 45420 101045 81009 78603 26092 81150 80147 77111
60740 27899 49587 4698 30629 67196 16306 59922 28661 64156 71603 20725 48397 74696 46806 7117 33658 70038 66777 63975 67894 81233 25377 15307 34763 37897 33019 0 48316 68267 89618 69866 74689 58675 48536 13483 65554 51778 30901 24852 58535 51911 81574 27590 27768 34694 63073 21594 28489 47377 45796 44530 27356 64244 55073 67429 35414 44474 69999 47668 54040 48536 25834 48869 41996 24212 29556 64861 12799 70336 50442 46904 24760 15308 37779 93058 71337 26437 51343 73581 13664 21400 9497 17479 38055 41337 79664 78643 61150 41431 59882 60831 56292
19444 40240 19239 53011 22224 48369 43507 38770 46384 89582 35230 30928 34823 54452 84739 47766 62776 37060 92926 92609 77456 46385 52173 55844 65003 68858 75423 48316 0 42223 53458 80298 88873 73297 86181 41624 92118 79653 48165 61214 52479 27575 48015 50353 22847 53640 91311 61421 75577 85081 23771 41447 65956 84757 25229 36645 73418 63968 38866 25289 72737 38977 49687 65948 84449 72430 44485 92913 59756 39476 61199 72610 56412 51981 58648 61803 43815 41515 64406 69685 60990 54567 56804 50591 29772 45790 34520 62885 27358 66951 19162 23556 18330
25633 42751 24195 72138 40171 9745 54011 8767 46100 73082 14794 48220 20356 12822 81514 63299 59457 9681 76285 78309 50917 16269 53907 65721 61500 64204 79566 68267 42223 0 23927 53620 63023 52472 82298 55371 76036 68174 45684 64832 24098 17549 15289 50385 43812 47747 76945 67915 86446 81530 24020 27775 69388 65220 17355 7166 73525 51721 6978 21830 55662 21982 51192 50542 86464 87296 43921 78006 80963 6576 42819 61733 58936 79496 50780 24812 3214 44694 46269 34926 75538 59509 72525 58438 30213 34281 33218 22071 15390 58407 25259 20029 24262
34032 65830 40914 93803 59656 31243 76540 32492 69657 95590 18828 68972 43577 28212 105396 85366 83377 19580 98673 101109 71563 8402 77517 88774 85425 88120 103364 89618 53458 23927 0 74015 83161 74808 106153 77401 98548 91606 69405 88506 46843 37767 8651 74044 63070 71656 99764 91400 109762 105401 43831 51619 93135 87298 34695 22339 97435 75418 19878 41956 78633 45757 74750 73945 110372 110093 67421 100701 102417 19656 66115 85349 82592 99206 74697 11951 20813 67800 69445 52824 98154 82967 94865 81537 52227 58189 26225 35493 28983 82237 34401 30879 36326
73050 46793 62970 70729 62433 44088 54846 48724 42773 25334 68058 61435 46259 45805 47421 62755 38331 63033 27544 31626 2881 68451 44491 56862 38428 37473 55801 69866 80298 53620 74015 0 9415 11519 47069 58641 27956 29174 40240 48726 30498 55581 66571 42493 64699 35417 30560 53429 68427 47013 57012 38862 50055 16406 60291 59878 47453 25632 60509 56019 17481 41842 44241 21095 57195 74038 42999 30724 78142 60169 20703 27892 45960 85171 32114 67624 55695 47051 18788 22097 66858 49099 66805 52438 50969 35478 86237 39831 63763 30832 72226 68006 68981
82276 53691 71937 75023 70230 53467 60545 58108 49060 20739 77473 68329 55254 54956 46017 67659 41696 72446 21983 26788 12204 77752 49514 60760 41286 39486 56569 74689 88873 63023 83161 9415 0 16661 45333 64411 22760 28408 46523 51919 39866 64712 75836 48048 72255 41222 26010 56510 69688 45510 65852 47461 52391 13285 69495 69293 48379 30349 69919 64961 20657 50816 49741 26237 56432 75996 49628 25659 81838 69576 28125 29457 50115 89948 37194 76394 65069 53692 25468 30708 70094 53415 70583 57234 59287 43464 95646 48548 73093 33816 81439 77293 78127
68547 37054 57324 59371 53900 43689 44066 46064 32414 20784 66031 51678 40974 47208 37797 51583 26813 61249 23883 26470 10307 68303 33322 45402 26949 26189 44785 58675 73297 52472 74808 11519 16661 0 37713 47914 23742 19902 29875 37208 28374 50758 66745 31592 55783 24655 25163 41912 57173 37474 50967 32352 38614 12801 55800 57890 36451 14238 58994 50356 6397 36574 33313 9814 46948 62609 32968 25963 66674 58764 12104 17022 34525 73980 20911 70102 55017 37032 8999 27174 55343 37708 55339 41203 43533 27524 83560 43269 60154 19375 67651 63968 64069
89697 46677 76839 46107 63963 75527 43449 74088 40748 25636 93045 56045 64541 80932 1742 43730 24208 89146 26273 21451 47147 98516 34067 33875 21930 18502 16872 48536 86181 82298 106153 47069 45333 37713 0 46344 24999 17959 39685 25665 60302 73512 97562 36319 63639 35575 21385 27313 29148 1169 70455 55365 21649 32092 78576 85725 13427 31011 87582 71022 31546 61248 36689 33507 11920 37006 42973 22734 48919 87564 41199 21798 29812 60940 31707 103920 85353 45092 38506 64553 37258 32015 40150 36498 60443 48581 107885 79120 84426 23925 88712 86796 84659
50654 14459 38567 16848 20647 53839 3879 46870 16101 56791 59910 10754 35244 61312 44744 7969 26015 57880 59760 57820 56439 69000 15461 14221 27776 31523 33923 13483 41624 55371 77401 58641 64411 47914 46344 0 58651 44838 18555 20680 45115 39658 69156 16366 18911 23276 56730 19988 34666 45189 33915 31047 25014 55278 43330 55078 33010 34145 57596 35586 44090 35141 14697 38181 43054 33184 16562 58503 25747 57888 38458 38841 17419 27694 27281 80180 58495 13110 39863 60517 21126 14549 17527 9883 25272 28039 69814 65160 49562 32914 49728 49882 45873
90258 52507 78242 64510 70827 67404 54932 69239 46573 2960 89237 65768 62761 70888 26143 59220 32673 84580 1322 4076 29310 91982 43350 50317 31106 27694 39643 65554 92118 76036 98548 27956 22760 23742 24999 58651 0 13873 44419 40735 51980 72591 90461 43582 71790 38721 3652 44521 52879 25524 71677 53514 39151 11768 77765 81177 32578 28189 82425 71472 20705 58557 44859 26953 36867 60228 48107 2899 69528 82226 33786 20064 41570 79938 33686 93666 78657 51681 30206 49330 57358 44829 59081 49457 62896 47473 106333 66425 82638 26052 89318 86108 85516
79496 39570 67047 50908 57940 60451 41154 60567 33493 12398 80302 52286 52568 65122 18248 45372 18830 75959 15048 13167 29188 84419 29637 36607 17232 13881 28350 51778 79653 68174 91606 29174 28408 19902 17959 44838 13873 0 31527 27038 44872 62205 83186 30145 58639 26021 11978 31030 41614 17849 60460 43142 25919 15246 67403 72511 20402 16955 74071 60534 14004 48674 31312 17663 28213 48375 35227 13720 56352 73960 25501 7121 27698 66328 21047 88221 71054 38559 22279 46991 44210 30956 45631 35586 51115 36608 96536 62355 72737 12748 78531 75791 74598
50012 8089 37157 32886 26447 41328 14905 36960 2543 42078 54382 22075 26025 48253 38499 23932 15478 50997 45336 44582 37960 61273 8387 21741 17759 21368 33986 30901 48165 45684 69405 40240 46523 29875 39685 18555 44419 31527 0 19152 29305 34201 60772 4796 27404 5753 43314 22493 41182 38699 30778 17993 23730 38759 39133 47698 28689 17051 49859 31424 26905 23702 6025 20441 41445 43229 3703 44966 41399 49961 19904 24553 13279 45913 10747 69612 48891 7420 21460 42887 32490 14330 30690 14937 20761 12225 68328 50165 45160 18795 49027 47233 44974
67004 23685 54179 23890 39169 60281 17906 56098 18905 39436 73030 30598 44999 67005 24065 18865 10396 69886 41971 39130 47297 80329 11028 9582 10651 13217 15200 24852 61214 64832 88506 48726 51919 37208 25665 20680 40735 27038 19152 0 47230 52543 79885 14462 38429 18401 38221 4711 22544 24509 48257 37135 4920 40365 57215 66644 12362 23452 68868 49289 31581 42850 13860 28012 23587 26140 21195 40010 29960 68994 32468 22837 5919 39297 18298 88703 68040 21796 31924 58068 18207 6664 18836 10863 38201 31063 85877 68051 63411 18134 66027 64954 61980
42813 30655 33848 61304 39102 15608 42330 18253 30861 49023 37921 42505 17710 20662 59749 52083 39525 33023 52205 54362 27666 40016 37451 51045 41221 43177 60558 58535 52479 24098 46843 30498 39866 28374 60302 45115 51980 44872 29305 47230 0 25859 38570 33941 42305 28839 53006 51222 69764 59667 28719 14710 51093 41127 30196 29730 53432 29293 30682 27235 31802 13922 35325 27263 66162 72436 29374 54010 70091 30428 19391 38890 41801 72514 30242 43623 26677 32110 22628 17676 61782 43474 59796 44145 26156 17383 55874 20898 33292 36556 42031 37619 39030
17792 29003 8346 56048 22741 21226 38979 11533 33787 69764 20606 31386 9846 28011 72440 47615 49447 18222 73132 74041 52701 29367 41572 51546 51686 55011 67722 51911 27575 17549 37767 55581 64712 50758 73512 39658 72591 62205 34201 52543 25859 0 29665 38380 26356 37943 72670 54843 72731 72587 6496 19133 57386 63271 5200 15518 62884 45271 18096 4356 51977 14189 38714 45664 75572 72544 31463 74028 64705 18452 39087 55191 46681 62308 42139 41663 20237 30960 42640 42416 60541 46475 57156 44439 14707 25605 34475 35744 10959 50596 16892 13589 13417
28726 57319 33643 85680 51984 23057 68169 23844 61053 87501 12823 61028 35003 21116 96791 77125 74729 11866 90629 92923 64029 2556 68906 80289 76781 79492 94723 81574 48015 15289 8651 66571 75836 66745 97562 69156 90461 83186 60772 79885 38570 29665 0 65422 55481 63005 91570 82818 101224 96802 35913 42969 84501 79344 27080 14148 88784 66892 11577 33943 70367 37112 66147 65525 101721 101685 58826 92551 94365 11268 57725 76857 73973 91642 66069 13816 12211 59286 61099 45968 89785 74387 86565 73036 43910 49539 26183 29424 21866 73656 28891 24624 30080
53639 10360 40749 29109 28228 46124 12497 41643 4603 41455 58738 22187 30556 53041 35022 20491 12429 55484 44595 43312 40409 65873 3592 17172 14673 18508 29460 27590 50353 50385 74044 42493 48048 31592 36319 16366 43582 30145 4796 14462 33941 38380 65422 0 28593 7115 42108 17699 36387 35280 34538 22755 19146 39152 43197 52219 24642 17792 54423 35364 27759 28410 1759 21828 37202 38514 6928 43824 37383 54543 22868 23518 8553 42825 10939 74389 53596 8858 23814 46926 27977 9568 26434 10733 24430 17000 72211 54829 49313 17533 52654 51153 48590
32973 19351 22277 32355 3656 45446 20661 36529 25219 69479 44560 8157 26620 52879 62151 25669 40821 43661 72726 71785 62047 54803 29908 33112 42971 46863 52582 27768 22847 43812 63070 64699 72255 55783 63639 18911 71790 58639 27404 38429 42305 26356 55481 28593 0 33147 70549 38580 53364 62521 19863 27984 43134 65883 28423 41475 50698 44278 44091 22015 53856 28906 27656 47134 61601 51032 23753 72235 40299 44520 44182 51816 33828 36165 38150 67964 46584 20115 46823 59800 39181 31807 35155 27751 16272 29345 51930 59047 34147 45916 32117 33300 28577
54444 13806 41704 36083 32108 42334 19449 39201 8122 36350 57594 27751 29048 48823 34536 27587 11761 53878 39622 38989 33303 63716 9722 23433 13902 17073 32117 34694 53640 47747 71656 35417 41222 24655 35575 23276 38721 26021 5753 18401 28839 37943 63005 7115 33147 0 37704 22530 40944 34664 35191 20117 22324 33054 43029 50496 25779 11357 52497 35589 21284 26035 8874 15001 38717 44028 9400 39335 44190 52535 15821 18972 13182 49939 5038 70935 50909 13159 16704 40446 34210 15424 33068 17610 25432 13467 72360 49650 48851 13389 53463 51295 49442
90224 51390 78016 61843 69760 68543 53079 69885 45358 5320 89846 64261 62884 72351 22563 56891 30720 85279 4893 1377 31681 93012 41601 47784 28997 25410 36306 63073 91311 76945 99764 30560 26010 25163 21385 56730 3652 11978 43314 38221 53006 72670 91570 42108 70549 37704 0 41826 49487 21936 71431 53540 36339 14159 77863 81856 29471 27699 83202 71338 21294 58774 43289 27059 33273 56920 47016 1791 66595 83030 34311 18761 39467 77256 32676 95265 79648 50445 30770 51475 54437 42660 56316 47342 62391 47291 106676 68278 82911 24635 89272 86237 85413
68529 25843 55830 20018 39745 63820 17961 59152 21818 43394 75430 30510 47823 70695 25618 16418 15099 72512 45785 42654 52008 83146 14112 6563 15226 17433 14003 21594 61421 67915 91400 53429 56510 41912 27313 19988 44521 31030 22493 4711 51222 54843 82818 17699 38580 22530 41826 0 18691 26144 50172 40425 5775 44775 59332 69341 13955 28155 71638 51367 36248 45993 16736 32718 23074 21610 24002 43603 25502 71797 37037 27278 9422 35433 22857 92063 71129 23883 36587 62560 13585 8435 14601 11014 40264 34651 87562 72099 65584 22778 67562 66830 63549
85212 43947 72854 24249 55310 82510 34141 77679 40420 52740 93328 45279 66231 89379 27586 27819 31574 90665 54200 49852 67480 101455 32797 21223 30698 30985 13320 28489 75577 86446 109762 68427 69688 57173 29148 34666 52879 41614 41182 22544 69764 72731 101224 36387 53364 40944 49487 18691 0 28257 67633 59083 19179 56790 76969 87571 21312 44654 89929 69023 50959 64590 35369 48986 18229 8060 42544 51061 22748 90117 54465 40632 28053 35879 40487 110710 89660 41975 53429 80176 14875 26979 19125 28302 58031 53339 104371 90594 83250 37959 84273 84080 80357
88710 45635 75846 44965 62866 74841 42306 73286 39728 26038 92179 54911 63661 80311 672 42562 23228 88309 26811 22066 47019 97734 32989 32707 20956 17596 15832 47377 85081 81530 105401 47013 45510 37474 1169 45189 25524 17849 38699 24509 59667 72587 96802 35280 62521 34664 21936 26144 28257 0 69476 54513 20480 32243 77639 84892 12260 30376 86767 70063 31255 60405 35626 32993 11344 36073 41962 23337 47841 86755 40636 21336 28697 59822 30873 103273 84596 44037 38005 64210 36147 30875 39013 35347 59450 47732 106939 78618 83510 23210 87725 85846 83670
19263 24577 6590 50030 16256 26904 33589 17388 29951 68942 25996 25145 11055 33998 69277 41819 46249 24255 72323 72786 54143 35457 37478 46410 48525 52054 63450 45796 23771 24020 43831 57012 65852 50967 70455 33915 71677 60460 30778 48257 28719 6496 35913 34538 19863 35191 71431 50172 67633 69476 0 18615 53159 63087 9418 21789 59179 43749 24395 2210 51381 15289 34626 44787 71628 67016 27648 72886 58594 24789 38953 53354 42511 55868 39766 48125 26733 26463 42387 46058 54969 41941 51441 39476 10111 24206 37684 41239 15675 48334 18280 16697 14251
36744 16772 25013 47647 25006 23584 28651 19129 18696 50711 37697 27796 9427 30787 54434 38427 31877 33812 54087 54911 36031 43617 26324 38921 33996 36962 51791 44530 41447 27775 51619 38862 47461 32352 55365 31047 53514 43142 17993 37135 14710 19133 42969 22755 27984 20117 53540 40425 59083 54513 18615 0 41632 44538 24330 30411 45861 26189 32382 18088 32985 5920 23714 26564 58786 60627 16694 54908 56535 32419 20356 36183 31273 58082 23665 51639 30969 18485 23825 31875 49300 32114 46822 31695 12423 6786 53397 34114 29604 31880 35806 32713 32037
71924 28583 59097 25608 43981 64554 22511 60680 23666 38179 77837 35212 49698 71138 19977 22119 12405 74629 40433 37118 48874 84995 15819 12293 11717 12907 10337 27356 65956 69388 93135 50055 52391 38614 21649 25014 39151 25919 23730 4920 51093 57386 84501 19146 43134 22324 36339 5775 19179 20480 53159 41632 0 40201 62088 71365 8234 25567 73561 54172 32625 47412 18673 29984 18685 23995 25974 38104 30445 73673 35286 22938 10705 40968 21361 93073 72590 26704 34304 60997 18291 11520 19981 15409 43093 35390 90790 71788 68271 19239 70947 69855 66899
81058 46611 69545 64046 64412 56312 51412 58863 41176 8996 78832 60804 53441 59439 32742 57411 30617 74046 11589 15256 17575 80959 39877 49630 29774 27388 43567 64244 84757 65220 87298 16406 13285 12801 32092 55278 11768 15246 38759 40365 41127 63271 79344 39152 65883 33054 14159 44775 56790 32243 63087 44538 40201 0 68363 70690 35502 21707 71778 62624 12077 49088 40698 18876 43150 63366 42264 14419 70274 71541 24214 17530 39491 79288 28319 82083 67719 46176 20714 37562 58289 42856 59200 47087 55054 39122 96330 54718 72858 22818 80147 76593 76489
12798 33563 6927 59362 24969 23233 42979 13840 38594 74931 16590 34364 15004 29241 77482 51225 54463 15240 78296 79234 57416 26390 46306 55747 56712 60081 72413 55073 25229 17355 34695 60291 69495 55800 78576 43330 77765 67403 39133 57215 30196 5200 27080 43197 28423 43029 77863 59332 76969 77639 9418 24330 62088 68363 0 13264 67779 50471 15858 7967 57132 19281 43444 50848 80396 76432 36269 79216 67862 16345 44207 60385 51393 64588 47284 39912 19453 35494 47768 46104 64386 51025 60855 48748 19070 30800 29338 37694 6281 55760 11945 8389 8867
18948 43626 20096 71550 37937 16657 54205 11977 47739 78242 8197 46883 21674 19813 84825 63045 62253 3449 81508 83229 57117 13949 55618 66510 64393 67366 81665 67429 36645 7166 22339 59878 69293 57890 85725 55078 81177 72511 47698 66644 29730 15518 14148 52219 41475 50496 81856 69341 87571 84892 21789 30411 71365 70690 13264 0 76148 55745 2616 19799 60583 24499 52808 55051 89032 87766 45462 83008 80222 3081 47549 65832 60726 77603 54020 26649 7439 45599 51086 41880 75818 60909 72529 59298 29888 37173 26452 29148 9288 62036 18689 13528 18341
78243 34787 65356 33345 51276 67814 30259 64972 29235 32029 83025 42936 54544 73951 11774 30348 14108 79498 33892 30091 46715 89478 21847 20508 12228 10737 8348 35414 73418 73525 97435 47453 48379 36451 13427 33010 32578 20402 28689 12362 53432 62884 88784 24642 50698 25779 29471 13955 21312 12260 59179 45861 8234 35502 67779 76148 0 25347 78207 59988 30107 51768 24645 29204 12940 27986 31550 31179 37254 78263 35800 19561 17111 48530 23228 96458 76683 33040 34038 61129 25167 18899 27514 23224 49070 39246 96852 73580 73841 17994 77259 75787 73196
62653 24951 50338 45135 42986 44566 30268 43855 19475 25615 63449 39104 35614 49936 30468 37399 13234 59193 28965 29048 23973 67990 19181 31239 13965 14627 33289 44474 63968 51721 75418 25632 30349 14238 31011 34145 28189 16955 17051 23452 29293 45271 66892 17792 44278 11357 27699 28155 44654 30376 43749 26189 25567 21707 50471 55745 25347 0 57394 43716 9982 31736 19448 4584 37508 49378 20579 29193 52521 57313 10529 10090 20329 59773 6865 72909 54694 24470 8802 35842 41381 23479 41184 26995 34733 19704 79582 48599 55783 7477 61694 58860 57795
20708 45984 22661 74104 40553 16721 56670 13543 49974 79479 7857 49474 23869 18863 86714 65565 64258 2796 82719 84573 57786 11527 57850 68906 66376 69282 83843 69999 38866 6978 19878 60509 69919 58994 87582 57596 82425 74071 49859 68868 30682 18096 11577 54423 44091 52497 83202 71638 89929 86767 24395 32382 73561 71778 15858 2616 78207 57394 0 22393 61910 26462 55054 56531 91112 90216 47711 84317 82789 637 48935 67467 62949 80218 55900 24059 6094 47955 52444 41872 78287 63204 75028 61678 32373 39108 26263 28247 11561 63816 20542 15498 20536
18967 25619 6987 51850 18392 24763 35088 15208 30762 68702 24384 27084 9790 31817 69884 43522 46843 22379 72082 72700 53143 33566 38414 47805 49109 52564 64490 47668 25289 21830 41956 56019 64961 50356 71022 35586 71472 60534 31424 49289 27235 4356 33943 35364 22015 35589 71338 51367 69023 70063 2210 18088 54172 62624 7967 19799 59988 43716 22393 0 51041 14179 35554 44530 72540 68600 28442 72761 60467 22766 38428 53452 43487 57953 40034 46020 24570 27543 41911 44407 56569 43069 53108 40787 11110 24047 36904 39143 14237 48579 17998 15811 14080
69701 34640 57898 54388 52343 47390 40211 48621 29373 17825 68602 48979 42133 51587 31553 47025 21228 64002 21176 22663 16608 71764 28959 40182 21091 19993 38450 54040 72737 55662 78633 17481 20657 6397 31546 44090 20705 14004 26905 31581 31802 51977 70367 27759 53856 21284 21294 36248 50959 31255 51381 32985 32625 12077 57132 60583 30107 9982 61910 51041 0 37887 29396 6804 40567 56584 30330 22426 61356 61736 13088 10628 29470 69291 16820 74649 58390 34296 9514 33048 49786 32761 50057 36599 43087 27254 85628 48423 61940 13485 68771 65454 65023
31981 21412 21132 51948 25538 18716 33151 13272 24180 55704 31863 30319 4444 26171 60332 42812 37796 27907 59061 60149 38966 37718 31944 44126 39915 42868 57614 48536 38977 21982 45757 41842 50816 36574 61248 35141 58557 48674 23702 42850 13922 14189 37112 28410 28906 26035 58774 45993 64590 60405 15289 5920 47412 49088 19281 24499 51768 31736 26462 14179 37887 0 29257 31715 64687 65815 22053 60082 60859 26502 24927 41794 36959 61409 29541 46155 25190 23273 28492 31586 54285 37616 51582 36849 12637 12676 47929 30711 24141 37673 31080 27570 27514
53609 10142 40727 27390 27493 47199 10820 42432 5095 42790 59173 20976 31193 54196 35338 18737 13172 56037 45895 44472 42164 66536 2862 15722 15351 19234 29010 25834 49687 51192 74750 44241 49741 33313 36689 14697 44859 31312 6025 13860 35325 38714 66147 1759 27656 8874 43289 16736 35369 35626 34626 23714 18673 40698 43444 52808 24645 19448 55054 35554 29396 29257 0 23536 37004 37217 7346 45020 35711 55192 24618 24812 7969 41067 12584 75343 54405 8431 25571 48564 26491 8404 24824 9080 24522 18217 72307 56190 49609 18816 52626 51296 48564
63306 28001 51333 49638 45566 42810 34320 43079 22954 24172 62947 42466 35852 47685 33162 41774 17735 58492 27552 28435 19393 66773 23510 35805 18301 18486 37317 48869 65948 50542 73945 21095 26237 9814 33507 38181 26953 17663 20441 28012 27263 45664 65525 21828 47134 15001 27059 32718 48986 32993 44787 26564 29984 18876 50848 55051 29204 4584 56531 44530 6804 31715 23536 0 40947 53869 23749 28375 57085 56401 7873 11756 24886 64176 11097 70768 53402 27764 5026 31967 45964 28005 45750 31404 36332 20596 79620 45625 55852 11227 62366 59209 58565
90525 47080 77669 38741 62599 80699 40943 77904 41803 37345 95827 53567 67399 86746 10733 38587 27037 92369 38152 33369 56908 102403 34150 29119 25092 23031 9211 41996 84449 86464 110372 57195 56432 46948 11920 43054 36867 28213 41445 23587 66162 75572 101721 37202 61601 38717 33273 23074 18229 11344 71628 58786 18685 43150 80396 89032 12940 37508 91112 72540 40567 64687 37004 40947 0 26283 44128 34648 39826 91174 48036 30040 29144 52554 36065 109340 89623 45247 45927 72850 29187 30202 32792 33873 61526 52184 109305 86060 86513 30031 89545 88298 85489
83663 44555 71742 19577 53408 84211 33573 78575 42025 59904 92979 43227 66942 91335 35401 25515 36145 90709 61549 57360 72867 101714 34985 21708 35693 36673 20624 24212 72430 87296 110093 74038 75996 62609 37006 33184 60228 48375 43229 26140 72436 72544 101685 38514 51032 44028 56920 21610 8060 36073 67016 60627 23995 63366 76432 87766 27986 49378 90216 68600 56584 65815 37217 53869 26283 0 43936 58540 15799 90458 58607 46616 30846 28897 44431 111901 90491 42627 57994 84169 12059 28962 15887 28968 57901 55433 102786 93332 82688 43234 82757 83062 78964
46803 4406 33919 32009 22745 40276 13258 35155 2326 45750 51864 18734 23853 47422 41733 22838 18823 48693 49017 48285 40614 59197 10168 22235 21107 24809 36308 29556 44485 43921 67421 42999 49628 32968 42973 16562 48107 35227 3703 21195 29374 31463 58826 6928 23753 9400 47016 24002 42544 41962 27648 16694 25974 42264 36269 45462 31550 20579 47711 28442 30330 22053 7346 23749 44128 43936 0 48668 40740 47851 22401 28256 15286 44232 14424 68200 47135 4069 24320 44041 32714 15588 30475 15043 17553 11992 65305 50017 42390 22491 45818 44238 41756
91621 53048 79468 63620 71413 69506 54845 71046 47032 5425 91026 65988 64225 73170 23975 58682 32490 86424 3851 1305 31994 94026 43354 49571 30778 27199 37918 64861 92913 78006 100701 30724 25659 25963 22734 58503 2899 13720 44966 40010 54010 74028 92551 43824 72235 39335 1791 43603 51061 23337 72886 54908 38104 14419 79216 83008 31179 29193 84317 72761 22426 60082 45020 28375 34648 58540 48668 0 68335 84134 35494 20425 41251 79031 34302 96023 80676 52125 31934 51934 56180 44447 58083 49127 63914 48718 107953 68902 84208 26330 90673 87582 86830
73225 39765 62305 8911 43299 79570 27891 72549 39451 68622 84377 33501 60961 87024 47196 18108 40153 82837 70820 67286 76464 94031 34473 21282 40611 42927 32102 12799 59756 80963 102417 78142 81838 66674 48919 25747 69528 56352 41399 29960 70091 64705 94365 37383 40299 44190 66595 25502 22748 47841 58594 56535 30445 70274 67862 80222 37254 52521 82789 60467 61356 60859 35711 57085 39826 15799 40740 68335 0 83122 59949 52765 32202 13161 46311 105768 84052 38117 60284 84257 12171 29170 11337 26652 50756 52723 92009 90546 73921 48023 72388 73509 68876
21344 46178 23173 74423 40971 16304 56923 13487 50108 79278 8352 49837 24000 18287 86707 65857 64296 3356 82511 84399 57455 11349 57981 69117 66405 69287 83947 70336 39476 6576 19656 60169 69576 58764 87564 57888 82226 73960 49961 68994 30428 18452 11268 54543 44520 52535 83030 71797 90117 86755 24789 32419 73673 71541 16345 3081 78263 57313 637 22766 61736 26502 55192 56401 91174 90458 47851 84134 83122 0 48781 67380 63075 80633 55895 23568 5507 48148 52281 41416 78541 63363 75302 61881 32646 39127 26728 27670 12156 63775 21175 16126 21146
56863 26100 45367 51904 42105 34951 34769 35576 22389 30891 55537 40733 29246 39839 40770 43354 22912 50976 34223 35686 18233 59015 25492 38960 24060 25118 43604 50442 61199 42819 66115 20703 28125 12104 41199 38458 33786 25501 19904 32468 19391 39087 57725 22868 44182 15821 34311 37037 54465 40636 38953 20356 35286 24214 44207 47549 35800 10529 48935 38428 13088 24927 24618 7873 48036 58607 22401 35494 59949 48781 0 19564 28228 65627 14181 62912 45635 26425 3584 25712 49599 30919 48751 33426 31442 15453 72552 38101 48893 18006 55948 52486 52276
72418 32628 59939 46549 50999 54348 35059 53933 26608 17994 73536 45704 45609 59402 21545 40197 13264 69280 21084 20030 27207 78000 23422 32128 12255 10031 27909 46904 72610 61733 85349 27892 29457 17022 21798 38841 20064 7121 24553 22837 38890 55191 76857 23518 51816 18972 18761 27278 40632 21336 53354 36183 22938 17530 60385 65832 19561 10090 67467 53452 10628 41794 24812 11756 30040 46616 28256 20425 52765 67380 19564 0 22256 61841 13967 82469 64676 31703 16723 43010 40830 25611 41670 30038 43994 29585 89575 57328 65787 5996 71450 68769 67508
61384 17942 48525 24921 34222 54525 14018 50196 12990 39898 67139 26336 39080 61334 28338 17949 9005 63972 42728 40518 44263 74411 5119 10927 10477 14129 21042 24760 56412 58936 82592 45960 50115 34525 29812 17419 41570 27698 13279 5919 41801 46681 73973 8553 33828 13182 39467 9422 28053 28697 42511 31273 10705 39491 51393 60726 17111 20329 62949 43487 29470 36959 7969 24886 29144 30846 15286 41251 32202 63075 28228 22256 0 39900 14213 82881 62146 16103 28202 53481 21381 3365 20869 7888 32425 25315 80173 62681 57570 16674 60404 59199 56347
67760 41994 58318 15428 39667 79702 31060 71630 43576 78723 80593 31427 60555 87253 59200 22416 48673 79826 81193 78069 83183 90962 40684 29769 49610 52507 44378 15308 51981 79496 99206 85171 89948 73980 60940 27694 79938 66328 45913 39297 72514 62308 91642 42825 36165 49939 77256 35433 35879 59822 55868 58082 40968 79288 64588 77603 48530 59773 80218 57953 69291 61409 41067 64176 52554 28897 44232 79031 13161 80633 65627 61841 39900 0 53087 103969 82403 40776 66617 88208 23695 36564 21031 32779 49802 55671 85771 92014 70241 56519 67023 69010 63930
58967 18828 46321 38652 37145 44644 23404 42440 13005 31331 61360 32561 32915 50723 30814 30679 9304 57439 34593 33966 30249 66927 12413 25100 11000 13423 30372 37779 58648 50780 74697 32114 37194 20911 31707 27281 33686 21047 10747 18298 30242 42139 66069 10939 38150 5038 32676 22857 40487 30873 39766 23665 21361 28319 47284 54020 23228 6865 55900 40034 16820 29541 12584 11097 36065 44431 14424 34302 46311 55895 14181 13967 14213 53087 0 73280 53886 18097 13994 39786 35574 17141 35008 20327 30179 16880 76613 50644 52959 8571 57991 55616 53998
42542 67358 46711 96948 64377 28644 78764 33388 70293 90738 26639 72872 45064 23099 103344 88103 82367 25132 93641 96567 65419 15726 77962 90248 84251 86533 103046 93058 61803 24812 11951 67624 76394 70102 103920 80180 93666 88221 69612 88703 43623 41663 13816 74389 67964 70935 95265 92063 110710 103273 48125 51639 93073 82083 39912 26649 96458 72909 24059 46020 74649 46155 75343 70768 109340 111901 68200 96023 105768 23568 62912 82469 82881 103969 73280 0 21721 69277 65963 45686 100230 83731 97288 82963 55012 57683 37806 27847 35247 80112 42700 38336 43756
26387 45951 26372 75241 42958 11608 57177 11981 49314 75699 13764 51197 23549 12783 84587 66433 62606 8862 78875 81008 53040 13382 57119 68925 64637 67308 82759 71337 43815 3214 20813 55695 65069 55017 85353 58495 78657 71054 48891 68040 26677 20237 12211 53596 46584 50909 79648 71129 89660 84596 26733 30969 72590 67719 19453 7439 76683 54694 6094 24570 58390 25190 54405 53402 89623 90491 47135 80676 84052 5507 45635 64676 62146 82403 53886 21721 0 47896 49049 36315 78719 62723 75686 61643 33295 37446 31991 22165 16557 61446 26124 20946 25603
45282 1973 32422 29263 19459 41887 10242 35956 5108 49394 51550 14702 24359 49210 43757 20028 21284 48714 52626 51689 44650 59482 11193 21033 23531 27361 36987 26437 41515 44694 67800 47051 53692 37032 45092 13110 51681 38559 7420 21796 32110 30960 59286 8858 20115 13159 50445 23883 41975 44037 26463 18485 26704 46176 35494 45599 33040 24470 47955 27543 34296 23273 8431 27764 45247 42627 4069 52125 38117 48148 26425 31703 16103 40776 18097 69277 47896 0 28387 47437 31014 15532 28366 13758 16435 14932 64089 52429 41728 25820 44302 43160 40244
60408 28273 48833 52499 44906 38231 36082 39118 23997 27308 59092 42933 32796 42866 38180 44227 21917 54509 30640 32143 16602 62431 26062 39093 22759 23301 42059 51343 64406 46269 69445 18788 25468 8999 38506 39863 30206 22279 21460 31924 22628 42640 61099 23814 46823 16704 30770 36587 53429 38005 42387 23825 34304 20714 47768 51086 34038 8802 52444 41911 9514 28492 25571 5026 45927 57994 24320 31934 60284 52281 3584 16723 28202 66617 13994 65963 49049 28387 0 27092 49537 31118 48994 34051 34634 18617 76135 40615 52476 16049 59489 56057 55798
58076 46312 50684 75771 56680 25228 57297 32626 44974 46517 49716 59362 35202 24853 64471 66745 48620 44606 49100 52675 20160 48081 50065 63865 49696 50392 69131 73581 69685 34926 52824 22097 30708 27174 64553 60517 49330 46991 42887 58068 17676 42416 45968 46926 59800 40446 51475 62560 80176 64210 46058 31875 60997 37562 46104 41880 61129 35842 41872 44407 33048 31586 48564 31967 72850 84169 44041 51934 84257 41416 25712 43010 53481 88208 39786 45686 36315 47437 27092 0 74656 55870 73356 57643 43768 32624 68135 17839 47870 43136 57413 52541 54927
71662 32900 59689 9712 41442 72844 21617 66854 30984 56458 80942 31273 55189 80086 35520 13539 28574 78728 58650 55141 65338 89766 24645 10818 28809 30904 20716 13664 60990 75538 98154 66858 70094 55343 37258 21126 57358 44210 32490 18207 61782 60541 89785 27977 39181 34210 54437 13585 14875 36147 54969 49300 18291 58289 64386 75818 25167 41381 78287 56569 49786 54285 26491 45964 29187 12059 32714 56180 12171 78541 49599 40830 21381 23695 35574 100230 78719 31014 49537 74656 0 18787 4253 17688 45933 44516 90800 82602 70637 36339 70749 71007 66938
60525 17477 47742 21671 32506 55601 11437 50743 13440 43201 67044 24055 39390 62576 30467 14587 12351 64087 45999 43687 47339 74712 6023 8044 13725 17262 21600 21400 54567 59509 82967 49099 53415 37708 32015 14549 44829 30956 14330 6664 43474 46475 74387 9568 31807 15424 42660 8435 26979 30875 41941 32114 11520 42856 51025 60909 18899 23479 63204 43069 32761 37616 8404 28005 30202 28962 15588 44447 29170 63363 30919 25611 3365 36564 17141 83731 62723 15532 31118 55870 18787 0 17879 4735 31960 26554 79470 64370 57260 20038 59551 58630 55515
67796 30179 55973 5996 37528 70244 18525 63902 28943 57992 77437 27346 52226 77576 38408 9679 28886 75373 60352 57099 65131 86467 23353 9945 29450 31976 24017 9497 56804 72525 94865 66805 70583 55339 40150 17527 59081 45631 30690 18836 59796 57156 86565 26434 35155 33068 56316 14601 19125 39013 51441 46822 19981 59200 60855 72529 27514 41184 75028 53108 50057 51582 24824 45750 32792 15887 30475 58083 11337 75302 48751 41670 20869 21031 35008 97288 75686 28366 48994 73356 4253 17879 0 15761 42656 42429 86908 80492 67080 36776 66893 67297 63122
57599 15719 44969 18483 28765 55273 7103 49690 13304 47769 65041 19803 38115 62458 34914 10426 16846 62372 50613 48382 50525 73205 7989 7287 18363 21965 24946 17479 50591 58438 81537 52438 57234 41203 36498 9883 49457 35586 14937 10863 44145 44439 73036 10733 27751 17610 47342 11014 28302 35347 39476 31695 15409 47087 48748 59298 23224 26995 61678 40787 36599 36849 9080 31404 33873 28968 15043 49127 26652 61881 33426 30038 7888 32779 20327 82963 61643 13758 34051 57643 17688 4735 15761 0 29749 26838 76675 64931 55024 24314 56637 56062 52641
29264 14518 16397 41952 12957 29976 24329 21942 19848 60256 35297 18381 10803 37518 59239 33237 36238 32810 63627 63727 48176 43835 27377 36839 38520 42105 53400 38055 29772 30213 52227 50969 59287 43533 60443 25272 62896 51115 20761 38201 26156 14707 43910 24430 16272 25432 62391 40264 58031 59450 10111 12423 43093 55054 19070 29888 49070 34733 32373 11110 43087 12637 24522 36332 61526 57901 17553 63914 50756 32646 31442 43994 32425 49802 30179 55012 33295 16435 34634 43768 45933 31960 42656 29749 0 16018 47794 43041 25321 38738 28279 26776 24221
42957 13698 30770 43963 26960 29220 25056 25748 13534 44737 44482 27208 16108 36048 47657 34761 25200 40582 48118 48653 32773 50268 20586 33858 27285 30192 45420 41337 45790 34281 58189 35478 43464 27524 48581 28039 47473 36608 12225 31063 17383 25605 49539 17000 29345 13467 47291 34651 53339 47732 24206 6786 35390 39122 30800 37173 39246 19704 39108 24047 27254 12676 18217 20596 52184 55433 11992 48718 52723 39127 15453 29585 25315 55671 16880 57683 37446 14932 18617 32624 44516 26554 42429 26838 16018 0 60017 38095 36259 25130 42000 39186 38124
19163 62231 31735 84277 49380 42952 70287 37652 67617 103443 18424 59562 43970 44530 106769 77277 83733 23538 106772 108052 83449 23637 75157 83299 85993 89401 101045 79664 34520 33218 26225 86237 95646 83560 107885 69814 106333 96536 68328 85877 55874 34475 26183 72211 51930 72360 106676 87562 104371 106939 37684 53397 90790 96330 29338 26452 96852 79582 26263 36904 85628 47929 72307 79620 109305 102786 65305 107953 92009 26728 72552 89575 80173 85771 76613 37806 31991 64089 76135 68135 90800 79470 86908 76675 47794 60017 0 53768 23802 85067 20099 21098 24043
47600 50815 43829 81687 55495 14545 62664 24235 51628 63538 35873 61030 32427 9384 78784 72453 59943 31026 66307 69539 37710 31763 58347 71900 61484 63047 81009 78643 62885 22071 35493 39831 48548 43269 79120 65160 66425 62355 50165 68051 20898 35744 29424 54829 59047 49650 68278 72099 90594 78618 41239 34114 71788 54718 37694 29148 73580 48599 28247 39143 48423 30711 56190 45625 86060 93332 50017 68902 90546 27670 38101 57328 62681 92014 50644 27847 22165 52429 40615 17839 82602 64370 80492 64931 43041 38095 53768 0 37217 56066 47163 41949 45714
10433 39788 11932 65485 30805 23413 49254 15358 44716 79764 10459 40425 20178 28145 83370 57437 60394 10117 83109 84287 60914 20850 52470 62029 62628 65924 78603 61150 27358 15390 28983 63763 73093 60154 84426 49562 82638 72737 45160 63411 33292 10959 21866 49313 34147 48851 82911 65584 83250 83510 15675 29604 68271 72858 6281 9288 73841 55783 11561 14237 61940 24141 49609 55852 86513 82688 42390 84208 73921 12156 48893 65787 57570 70241 52959 35247 16557 41728 52476 47870 70637 57260 67080 55024 25321 36259 23802 37217 0 61358 9949 4768 9060
67524 26824 54892 41368 45193 51636 29112 50288 20747 23983 69535 39720 41235 57218 23250 34599 7902 65474 27079 25870 29642 74646 17468 27007 7610 7263 26092 41431 66951 58407 82237 30832 33816 19375 23925 32914 26052 12748 18795 18134 36556 50596 73656 17533 45916 13389 24635 22778 37959 23210 48334 31880 19239 22818 55760 62036 17994 7477 63816 48579 13485 37673 18816 11227 30031 43234 22491 26330 48023 63775 18006 5996 16674 56519 8571 80112 61446 25820 16049 43136 36339 20038 36776 24314 38738 25130 85067 56066 61358 0 66548 64111 62560
985 42494 11905 64448 29391 33303 50197 24789 48098 86518 16081 39562 26706 38057 87517 57241 64504 18379 89892 90638 69352 27224 55453 63211 66784 70330 81150 59882 19162 25259 34401 72226 81439 67651 88712 49728 89318 78531 49027 66027 42031 16892 28891 52654 32117 53463 89272 67562 84273 87725 18280 35806 70947 80147 11945 18689 77259 61694 20542 17998 68771 31080 52626 62366 89545 82757 45818 90673 72388 21175 55948 71450 60404 67023 57991 42700 26124 44302 59489 57413 70749 59551 66893 56637 28279 42000 20099 47163 9949 66548 0 5229 4064
5667 41272 11324 65290 30212 28179 49946 19949 46554 83265 12087 40195 23357 32829 85674 57619 62636 13522 86626 87609 65145 23208 54152 62885 64897 68319 80147 60831 23556 20029 30879 68006 77293 63968 86796 49882 86108 75791 47233 64954 37619 13589 24624 51153 33300 51295 86237 66830 84080 85846 16697 32713 69855 76593 8389 13528 75787 58860 15498 15811 65454 27570 51296 59209 88298 83062 44238 87582 73509 16126 52486 68769 59199 69010 55616 38336 20946 43160 56057 52541 71007 58630 67297 56062 26776 39186 21098 41949 4768 64111 5229 0 5478
5048 38433 7841 60821 25701 31495 46251 22462 44035 82732 17560 35832 23096 36855 83460 53455 60451 18786 86110 86776 66102 28686 51392 59260 62732 66286 77111 56292 18330 24262 36326 68981 78127 64069 84659 45873 85516 74598 44974 61980 39030 13417 30080 48590 28577 49442 85413 63549 80357 83670 14251 32037 66899 76489 8867 18341 73196 57795 20536 14080 65023 27514 48564 58565 85489 78964 41756 86830 68876 21146 52276 67508 56347 63930 53998 43756 25603 40244 55798 54927 66938 55515 63122 52641 24221 38124 24043 45714 9060 62560 4064 5478 0
