StringID  Type  x          y          demand  ReadyTime  DueDate  ServiceTime
D0        d     14224.02    6535.95     0.0     0.0        32400.0  0.0
C1        c     -76326.58   21748.26    698.0   3672.0     24538.0  1396.0
C2        c     75453.76    -11980.67   711.0   3457.0     24328.0  1422.0
C3        c     -77659.76   16360.82    287.0   603.0      19545.0  574.0
C4        c     -40600.29   -34466.45   617.0   4310.0     24209.0  1234.0
C5        c     -30687.87   9592.64     303.0   2970.0     22352.0  606.0
C6        c     -50265.64   -57008.39   815.0   3701.0     24016.0  1630.0
C7        c     -53736.24   58704.15    414.0   3822.0     22750.0  828.0
C8        c     78112.22    51850.37    183.0   4578.0     23391.0  366.0
C9        c     -25715.94   -67699.04   669.0   3648.0     24783.0  1338.0
C10       c     94816.20    -2121.14    680.0   1683.0     22385.0  1360.0
C11       c     49196.55    5547.05     381.0   4731.0     25107.0  762.0
C12       c     -64334.10   17960.81    381.0   904.0      19737.0  762.0
C13       c     42710.79    -22461.28   122.0   1523.0     20194.0  244.0
C14       c     103642.38   -3993.54    140.0   851.0      20468.0  280.0
C15       c     -39262.72   10405.90    675.0   2986.0     22795.0  1350.0
F1        f     14224.02    6535.95     0.0     0.0        32400.0  0.0
F2        f     -76326.58   21748.26    0.0     0.0        32400.0  0.0

m numVeh /3/
m numPetrolVeh /2/
m numElectroVeh /1/

DistanceMatrix
0 91820 63968 92408 68461 45016 90536 85674 78327 84297 81056 34987 79385 40649 90036 53627 0 91820
91820 0 155483 5550 66607 47230 82957 43314 157345 102773 172799 126564 12576 126982 181801 38761 91820 0
63968 155483 0 155714 118212 108312 133540 147263 63886 115498 21728 31570 142959 34379 29298 116880 63968 155483
92408 5550 155714 0 62903 47457 78317 48634 159764 98814 173463 127316 13421 126476 182441 38856 92408 5550
68461 66607 118212 62903 0 45160 24527 94092 146776 36414 139226 98308 57549 84172 147426 44892 68461 66607
45016 47230 108312 47457 45160 0 69419 54251 116718 77451 126050 79987 34671 80093 135016 8613 45016 47230
90536 82957 133540 78317 24527 69419 0 115765 168318 26776 155117 117499 76278 99187 162783 68306 90536 82957
85674 43314 147263 48634 94092 54251 115765 0 132026 129472 160523 115848 42099 126055 169408 50420 85674 43314
78327 157345 63886 159764 146776 116718 168318 132026 0 158343 56497 54590 146422 82313 61403 124477 78327 157345
84297 102773 115498 98814 36414 77451 26776 129472 158343 0 137217 104771 93963 82028 144194 79271 84297 102773
81056 172799 21728 173463 139226 126050 155117 160523 56497 137217 0 46260 160412 55935 9023 134663 81056 172799
34987 126564 31570 127316 98308 79987 117499 115848 54590 104771 46260 0 114207 28749 55275 88593 34987 126564
79385 12576 142959 13421 57549 34671 76278 42099 146422 93963 160412 114207 0 114423 169405 26185 79385 12576
40649 126982 34379 126476 84172 80093 99187 126055 82313 82028 55935 28749 114423 0 63669 88317 40649 126982
90036 181801 29298 182441 147426 135016 162783 169408 61403 144194 9023 55275 169405 63669 0 143629 90036 181801
53627 38761 116880 38856 44892 8613 68306 50420 124477 79271 134663 88593 26185 88317 143629 0 53627 38761
0 91820 63968 92408 68461 45016 90536 85674 78327 84297 81056 34987 79385 40649 90036 53627 0 91820
91820 0 155483 5550 66607 47230 82957 43314 157345 102773 172799 126564 12576 126982 181801 38761 91820 0
